VARIABLEs = X,u
ZONE I=101
datapacking=block
0
0.01
0.02
0.03
0.04
0.05
0.06
0.07
0.08
0.09
0.1
0.11
0.12
0.13
0.14
0.15
0.16
0.17
0.18
0.19
0.2
0.21
0.22
0.23
0.24
0.25
0.26
0.27
0.28
0.29
0.3
0.31
0.32
0.33
0.34
0.35
0.36
0.37
0.38
0.39
0.4
0.41
0.42
0.43
0.44
0.45
0.46
0.47
0.48
0.49
0.5
0.51
0.52
0.53
0.54
0.55
0.56
0.57
0.58
0.59
0.6
0.61
0.62
0.63
0.64
0.65
0.66
0.67
0.68
0.69
0.7
0.71
0.72
0.73
0.74
0.75
0.76
0.77
0.78
0.79
0.8
0.81
0.82
0.83
0.84
0.85
0.86
0.87
0.88
0.89
0.9
0.91
0.92
0.93
0.94
0.95
0.96
0.97
0.98
0.99
1
0
8.84455e-19
3.44938e-17
6.75871e-16
8.87125e-15
8.77518e-14
6.97761e-13
4.64588e-12
2.66425e-11
1.34334e-10
6.04988e-10
2.46407e-09
9.16803e-09
3.14215e-08
9.98935e-08
2.96343e-07
8.24575e-07
2.16166e-06
5.36018e-06
1.26161e-05
2.82735e-05
6.05018e-05
0.000123935
0.000243594
0.000460367
0.000838213
0.001473
0.00250248
0.00411662
0.00656664
0.0101713
0.0153179
0.0224568
0.0320868
0.0447323
0.060911
0.081096
0.105673
0.1349
0.16887
0.207485
0.250444
0.297245
0.347204
0.399486
0.453154
0.507219
0.560696
0.612654
0.662262
0.708825
0.7518
0.790808
0.825627
0.856175
0.882478
0.904643
0.922818
0.93715
0.94776
0.954707
0.957972
0.957452
0.952965
0.944264
0.931075
0.913129
0.890208
0.862192
0.829098
0.791109
0.748593
0.702101
0.652357
0.600222
0.546653
0.492654
0.43922
0.387288
0.337692
0.291126
0.248127
0.20906
0.174124
0.143362
0.116682
0.0938826
0.0746793
0.0587326
0.0456727
0.0351215
0.0267098
0.0200907
0.0149485
0.0110034
0.00801376
0.00577535
0.00411916
0.00290791
0.00203213
0.00140597
