VARIABLEs = X,u
ZONE I=101
datapacking=block
0
0.01
0.02
0.03
0.04
0.05
0.06
0.07
0.08
0.09
0.1
0.11
0.12
0.13
0.14
0.15
0.16
0.17
0.18
0.19
0.2
0.21
0.22
0.23
0.24
0.25
0.26
0.27
0.28
0.29
0.3
0.31
0.32
0.33
0.34
0.35
0.36
0.37
0.38
0.39
0.4
0.41
0.42
0.43
0.44
0.45
0.46
0.47
0.48
0.49
0.5
0.51
0.52
0.53
0.54
0.55
0.56
0.57
0.58
0.59
0.6
0.61
0.62
0.63
0.64
0.65
0.66
0.67
0.68
0.69
0.7
0.71
0.72
0.73
0.74
0.75
0.76
0.77
0.78
0.79
0.8
0.81
0.82
0.83
0.84
0.85
0.86
0.87
0.88
0.89
0.9
0.91
0.92
0.93
0.94
0.95
0.96
0.97
0.98
0.99
1
0
2.7513e-12
6.96996e-11
8.89817e-10
7.633e-09
4.94969e-08
2.58817e-07
1.1368e-06
4.31425e-06
1.44424e-05
4.33263e-05
0.000117943
0.00029431
0.000678888
0.0014579
0.00293247
0.00555392
0.00995032
0.0169328
0.0274712
0.0426318
0.0634775
0.0909409
0.125686
0.167985
0.217627
0.273888
0.335559
0.401037
0.468464
0.53589
0.601444
0.663473
0.720656
0.772063
0.817171
0.855834
0.888231
0.914789
0.936097
0.952832
0.965679
0.975273
0.982138
0.986642
0.98895
0.98899
0.986435
0.980707
0.971009
0.956403
0.935917
0.908685
0.874085
0.831877
0.782291
0.726063
0.664413
0.598947
0.531527
0.464105
0.398553
0.336525
0.279343
0.227936
0.182829
0.144166
0.111768
0.0852067
0.0638882
0.0471248
0.0342031
0.024433
0.017183
0.0119
0.00811788
0.00545639
0.00361455
0.00236054
0.00152018
0.000965652
0.00060521
0.000374339
0.000228565
0.0001378
8.20519e-05
4.82654e-05
2.80538e-05
1.6116e-05
9.15229e-06
5.13929e-06
2.85411e-06
1.56792e-06
8.52212e-07
4.58385e-07
2.44037e-07
1.28618e-07
6.712e-08
3.46881e-08
1.77568e-08
9.0048e-09
