VARIABLEs = X,u
ZONE I=101
datapacking=block
0
0.01
0.02
0.03
0.04
0.05
0.06
0.07
0.08
0.09
0.1
0.11
0.12
0.13
0.14
0.15
0.16
0.17
0.18
0.19
0.2
0.21
0.22
0.23
0.24
0.25
0.26
0.27
0.28
0.29
0.3
0.31
0.32
0.33
0.34
0.35
0.36
0.37
0.38
0.39
0.4
0.41
0.42
0.43
0.44
0.45
0.46
0.47
0.48
0.49
0.5
0.51
0.52
0.53
0.54
0.55
0.56
0.57
0.58
0.59
0.6
0.61
0.62
0.63
0.64
0.65
0.66
0.67
0.68
0.69
0.7
0.71
0.72
0.73
0.74
0.75
0.76
0.77
0.78
0.79
0.8
0.81
0.82
0.83
0.84
0.85
0.86
0.87
0.88
0.89
0.9
0.91
0.92
0.93
0.94
0.95
0.96
0.97
0.98
0.99
1
0
0.000109885
0.00102559
0.00491735
0.0161602
0.0409881
0.0856784
0.153955
0.244991
0.353096
0.469209
0.583387
0.687184
0.775124
0.845025
0.897451
0.934731
0.959973
0.976306
0.986439
0.992483
0.995958
0.997889
0.998927
0.999469
0.999744
0.999879
0.999944
0.999975
0.999989
0.999995
0.999888
0.998974
0.995082
0.98384
0.959012
0.914322
0.846045
0.755009
0.646904
0.530791
0.416613
0.312816
0.224876
0.154975
0.102549
0.0652688
0.0400268
0.0236938
0.0135612
0.00751727
0.00404199
0.00211127
0.00107278
0.000530963
0.00025629
0.000120785
5.5638e-05
2.50753e-05
1.10674e-05
4.78799e-06
2.03203e-06
8.4667e-07
3.46596e-07
1.39495e-07
5.52335e-08
2.15288e-08
8.26538e-09
3.12729e-09
1.16671e-09
4.29395e-10
1.55975e-10
5.59431e-11
1.98205e-11
6.93952e-12
2.40192e-12
8.22159e-13
2.78402e-13
9.32929e-14
3.09472e-14
1.01653e-14
3.30724e-15
1.06606e-15
3.40547e-16
1.07836e-16
3.38564e-17
1.05417e-17
3.25591e-18
9.97731e-19
3.03405e-19
9.15768e-20
2.744e-20
8.16384e-21
2.41209e-21
7.07873e-22
2.06371e-22
5.97779e-23
1.72067e-23
4.92243e-24
1.39975e-24
3.95702e-25
