VARIABLEs = X,u
ZONE I=101
datapacking=block
0
0.01
0.02
0.03
0.04
0.05
0.06
0.07
0.08
0.09
0.1
0.11
0.12
0.13
0.14
0.15
0.16
0.17
0.18
0.19
0.2
0.21
0.22
0.23
0.24
0.25
0.26
0.27
0.28
0.29
0.3
0.31
0.32
0.33
0.34
0.35
0.36
0.37
0.38
0.39
0.4
0.41
0.42
0.43
0.44
0.45
0.46
0.47
0.48
0.49
0.5
0.51
0.52
0.53
0.54
0.55
0.56
0.57
0.58
0.59
0.6
0.61
0.62
0.63
0.64
0.65
0.66
0.67
0.68
0.69
0.7
0.71
0.72
0.73
0.74
0.75
0.76
0.77
0.78
0.79
0.8
0.81
0.82
0.83
0.84
0.85
0.86
0.87
0.88
0.89
0.9
0.91
0.92
0.93
0.94
0.95
0.96
0.97
0.98
0.99
1
0
1.56964e-23
7.69126e-22
1.89142e-20
3.11252e-19
3.85584e-18
3.83565e-17
3.19154e-16
2.28473e-15
1.43649e-14
8.05819e-14
4.08356e-13
1.88831e-12
8.03421e-12
3.16723e-11
1.16376e-10
4.00602e-10
1.29769e-09
3.97137e-09
1.1522e-08
3.17896e-08
8.36408e-08
2.10388e-07
5.07092e-07
1.1736e-06
2.61308e-06
5.60718e-06
1.16146e-05
2.32586e-05
4.50911e-05
8.47408e-05
0.000154569
0.000273951
0.000472301
0.000792866
0.00129728
0.00207073
0.00322731
0.00491529
0.00732141
0.0106735
0.0152408
0.0213304
0.0292808
0.03945
0.0521999
0.0678776
0.086793
0.109196
0.135256
0.165038
0.198494
0.235448
0.275599
0.318529
0.363709
0.410532
0.458327
0.506395
0.554039
0.600589
0.645425
0.688004
0.727863
0.764633
0.798032
0.827858
0.853979
0.876311
0.894805
0.909424
0.920133
0.926881
0.929599
0.928199
0.922578
0.912635
0.898285
0.879479
0.856225
0.828609
0.79681
0.76111
0.721898
0.679667
0.634999
0.588549
0.541019
0.493133
0.445605
0.399114
0.354275
0.311625
0.271599
0.23453
0.200642
0.170052
0.142782
0.118766
0.0978688
0.0798987
