VARIABLEs = X,u
ZONE I=101
datapacking=block
0
0.01
0.02
0.03
0.04
0.05
0.06
0.07
0.08
0.09
0.1
0.11
0.12
0.13
0.14
0.15
0.16
0.17
0.18
0.19
0.2
0.21
0.22
0.23
0.24
0.25
0.26
0.27
0.28
0.29
0.3
0.31
0.32
0.33
0.34
0.35
0.36
0.37
0.38
0.39
0.4
0.41
0.42
0.43
0.44
0.45
0.46
0.47
0.48
0.49
0.5
0.51
0.52
0.53
0.54
0.55
0.56
0.57
0.58
0.59
0.6
0.61
0.62
0.63
0.64
0.65
0.66
0.67
0.68
0.69
0.7
0.71
0.72
0.73
0.74
0.75
0.76
0.77
0.78
0.79
0.8
0.81
0.82
0.83
0.84
0.85
0.86
0.87
0.88
0.89
0.9
0.91
0.92
0.93
0.94
0.95
0.96
0.97
0.98
0.99
1
0
1.42844e-19
5.80901e-18
1.1866e-16
1.62334e-15
1.67329e-14
1.38616e-13
9.61329e-13
5.7409e-12
3.01366e-11
1.41273e-10
5.98783e-10
2.31791e-09
8.26323e-09
2.73187e-08
8.42584e-08
2.4369e-07
6.63857e-07
1.71016e-06
4.18059e-06
9.72822e-06
2.16094e-05
4.59375e-05
9.36722e-05
0.000183607
0.000346614
0.000631334
0.00111134
0.00189357
0.00312746
0.00501373
0.00781171
0.0118432
0.0174915
0.0251937
0.0354256
0.0486783
0.0654283
0.0861016
0.111037
0.140447
0.174392
0.212752
0.255222
0.301314
0.350373
0.401613
0.454153
0.507064
0.559423
0.610353
0.659071
0.704909
0.747343
0.785994
0.820627
0.851131
0.877499
0.899797
0.918128
0.932602
0.9433
0.950258
0.953442
0.95275
0.948013
0.939015
0.925521
0.907309
0.884215
0.856165
0.823215
0.785573
0.743617
0.69789
0.649085
0.598021
0.545603
0.492773
0.440468
0.389568
0.340864
0.295017
0.252545
0.213811
0.17902
0.148234
0.121387
0.0983078
0.0787433
0.0623842
0.0488878
0.0378988
0.0290663
0.0220564
0.0165616
0.0123066
0.00905096
0.00658895
0.00474847
0.00338812
