VARIABLEs = X,u
ZONE I=101
datapacking=block
0
0.01
0.02
0.03
0.04
0.05
0.06
0.07
0.08
0.09
0.1
0.11
0.12
0.13
0.14
0.15
0.16
0.17
0.18
0.19
0.2
0.21
0.22
0.23
0.24
0.25
0.26
0.27
0.28
0.29
0.3
0.31
0.32
0.33
0.34
0.35
0.36
0.37
0.38
0.39
0.4
0.41
0.42
0.43
0.44
0.45
0.46
0.47
0.48
0.49
0.5
0.51
0.52
0.53
0.54
0.55
0.56
0.57
0.58
0.59
0.6
0.61
0.62
0.63
0.64
0.65
0.66
0.67
0.68
0.69
0.7
0.71
0.72
0.73
0.74
0.75
0.76
0.77
0.78
0.79
0.8
0.81
0.82
0.83
0.84
0.85
0.86
0.87
0.88
0.89
0.9
0.91
0.92
0.93
0.94
0.95
0.96
0.97
0.98
0.99
1
0
1.23243e-05
0.000139676
0.00080827
0.00318549
0.00962381
0.0237881
0.0501494
0.0928296
0.154182
0.233714
0.327826
0.430494
0.534588
0.633343
0.721518
0.795977
0.855699
0.901368
0.934775
0.958218
0.974042
0.984341
0.990816
0.994758
0.997084
0.998418
0.999162
0.999566
0.99978
0.999891
0.999935
0.999835
0.99918
0.996809
0.990374
0.976211
0.94985
0.90717
0.845817
0.766286
0.672174
0.569506
0.465412
0.366657
0.278482
0.204023
0.144301
0.0986315
0.0652249
0.0417817
0.0259575
0.0156592
0.0091838
0.00524223
0.00291562
0.00158169
0.000837766
0.00043366
0.00021958
0.00010885
5.2869e-05
2.51796e-05
1.17676e-05
5.40027e-06
2.4351e-06
1.07959e-06
4.70867e-07
2.02151e-07
8.54714e-08
3.56084e-08
1.46244e-08
5.92377e-09
2.36754e-09
9.34018e-10
3.63869e-10
1.40032e-10
5.32553e-11
2.00215e-11
7.4434e-12
2.73731e-12
9.96064e-13
3.58743e-13
1.27919e-13
4.51705e-14
1.57999e-14
5.47571e-15
1.88068e-15
6.40287e-16
2.1613e-16
7.23481e-17
2.40214e-17
7.91246e-18
2.58612e-18
8.3886e-19
2.7009e-19
8.63332e-20
2.74012e-20
8.63675e-21
2.70387e-21
8.40895e-22
