VARIABLEs = X,u
ZONE I=101
datapacking=block
0
0.01
0.02
0.03
0.04
0.05
0.06
0.07
0.08
0.09
0.1
0.11
0.12
0.13
0.14
0.15
0.16
0.17
0.18
0.19
0.2
0.21
0.22
0.23
0.24
0.25
0.26
0.27
0.28
0.29
0.3
0.31
0.32
0.33
0.34
0.35
0.36
0.37
0.38
0.39
0.4
0.41
0.42
0.43
0.44
0.45
0.46
0.47
0.48
0.49
0.5
0.51
0.52
0.53
0.54
0.55
0.56
0.57
0.58
0.59
0.6
0.61
0.62
0.63
0.64
0.65
0.66
0.67
0.68
0.69
0.7
0.71
0.72
0.73
0.74
0.75
0.76
0.77
0.78
0.79
0.8
0.81
0.82
0.83
0.84
0.85
0.86
0.87
0.88
0.89
0.9
0.91
0.92
0.93
0.94
0.95
0.96
0.97
0.98
0.99
1
0
0.0778866
0.259622
0.486791
0.688719
0.831752
0.917571
0.962865
0.984433
0.993869
0.997714
0.999187
0.999723
0.999909
0.999971
0.999991
0.999997
0.999999
1
1
1
1
1
1
1
1
1
1
1
1
1
0.922113
0.740378
0.513209
0.311281
0.168248
0.0824289
0.0371353
0.015567
0.00613079
0.00228643
0.000812757
0.000276875
9.08056e-05
2.87823e-05
8.84627e-06
2.64395e-06
7.70326e-07
2.19261e-07
6.1085e-08
1.66847e-08
4.47461e-09
1.17983e-09
3.06211e-10
7.83109e-11
1.97532e-11
4.91865e-12
1.21e-12
2.94286e-13
7.08078e-14
1.68648e-14
3.97839e-15
9.29996e-16
2.15529e-16
4.95412e-17
1.1299e-17
2.55791e-18
5.74982e-19
1.28377e-19
2.84781e-20
6.27844e-21
1.37601e-21
2.99866e-22
6.49935e-23
1.40134e-23
3.00633e-24
6.4185e-25
1.364e-25
2.88569e-26
6.07873e-27
1.27518e-27
2.66432e-28
5.54521e-29
1.14981e-29
2.37552e-30
4.89073e-31
1.0035e-31
2.05227e-32
4.1838e-33
8.50296e-34
1.72294e-34
3.48107e-35
7.01346e-36
1.40917e-36
2.82386e-37
5.64419e-38
1.1253e-38
2.23809e-39
4.44073e-40
8.79078e-41
1.73629e-41
