VARIABLEs = X,u
ZONE I=101
datapacking=block
0
0.01
0.02
0.03
0.04
0.05
0.06
0.07
0.08
0.09
0.1
0.11
0.12
0.13
0.14
0.15
0.16
0.17
0.18
0.19
0.2
0.21
0.22
0.23
0.24
0.25
0.26
0.27
0.28
0.29
0.3
0.31
0.32
0.33
0.34
0.35
0.36
0.37
0.38
0.39
0.4
0.41
0.42
0.43
0.44
0.45
0.46
0.47
0.48
0.49
0.5
0.51
0.52
0.53
0.54
0.55
0.56
0.57
0.58
0.59
0.6
0.61
0.62
0.63
0.64
0.65
0.66
0.67
0.68
0.69
0.7
0.71
0.72
0.73
0.74
0.75
0.76
0.77
0.78
0.79
0.8
0.81
0.82
0.83
0.84
0.85
0.86
0.87
0.88
0.89
0.9
0.91
0.92
0.93
0.94
0.95
0.96
0.97
0.98
0.99
1
0
1.38225e-06
1.84301e-05
0.000124979
0.000574851
0.00201819
0.00577088
0.0140059
0.0296918
0.0561616
0.0963565
0.15196
0.222727
0.306272
0.398386
0.493789
0.587072
0.673554
0.749861
0.814157
0.866044
0.906257
0.936258
0.957849
0.972869
0.982986
0.989596
0.993791
0.996381
0.997937
0.99885
0.999371
0.999646
0.999699
0.999335
0.997936
0.994206
0.985983
0.970303
0.943836
0.903642
0.84804
0.777273
0.693728
0.601614
0.506211
0.412928
0.326446
0.250139
0.185843
0.133956
0.0937425
0.0637423
0.0421512
0.0271313
0.0170138
0.0104036
0.00620872
0.00361928
0.00206253
0.00114995
0.000627757
0.000335776
0.000176099
9.06152e-05
4.57782e-05
2.27191e-05
1.10829e-05
5.31715e-06
2.51015e-06
1.16663e-06
5.3406e-07
2.40916e-07
1.0714e-07
4.69925e-08
2.03363e-08
8.68655e-09
3.66365e-09
1.52625e-09
6.28239e-10
2.55597e-10
1.02814e-10
4.09017e-11
1.60972e-11
6.26895e-12
2.41653e-12
9.22254e-13
3.4856e-13
1.30489e-13
4.83996e-14
1.77898e-14
6.48123e-15
2.34092e-15
8.38384e-16
2.97791e-16
1.04923e-16
3.66771e-17
1.27222e-17
4.37966e-18
1.49659e-18
5.07706e-19
