VARIABLEs = X,u
ZONE I=101
datapacking=block
0
0.01
0.02
0.03
0.04
0.05
0.06
0.07
0.08
0.09
0.1
0.11
0.12
0.13
0.14
0.15
0.16
0.17
0.18
0.19
0.2
0.21
0.22
0.23
0.24
0.25
0.26
0.27
0.28
0.29
0.3
0.31
0.32
0.33
0.34
0.35
0.36
0.37
0.38
0.39
0.4
0.41
0.42
0.43
0.44
0.45
0.46
0.47
0.48
0.49
0.5
0.51
0.52
0.53
0.54
0.55
0.56
0.57
0.58
0.59
0.6
0.61
0.62
0.63
0.64
0.65
0.66
0.67
0.68
0.69
0.7
0.71
0.72
0.73
0.74
0.75
0.76
0.77
0.78
0.79
0.8
0.81
0.82
0.83
0.84
0.85
0.86
0.87
0.88
0.89
0.9
0.91
0.92
0.93
0.94
0.95
0.96
0.97
0.98
0.99
1
0
2.23242e-07
3.34863e-06
2.54868e-05
0.000131258
0.000514678
0.00163938
0.00441988
0.0103781
0.0216739
0.0409186
0.0707479
0.113232
0.169288
0.238279
0.317948
0.404698
0.494159
0.581866
0.663888
0.737277
0.800268
0.852262
0.89362
0.925388
0.948993
0.965989
0.977864
0.985928
0.991255
0.994685
0.996837
0.998154
0.998922
0.999279
0.999161
0.998186
0.995487
0.989573
0.978301
0.959069
0.929246
0.886765
0.830711
0.76172
0.682052
0.595302
0.505841
0.418134
0.336112
0.262723
0.199732
0.147738
0.10638
0.0746123
0.0510069
0.0340111
0.0221358
0.0140724
0.00874472
0.00531543
0.0031626
0.00184313
0.00105281
0.000589802
0.000324251
0.000175037
9.28313e-05
4.83957e-05
2.48136e-05
1.25187e-05
6.21751e-06
3.04132e-06
1.46583e-06
6.96405e-07
3.26265e-07
1.50791e-07
6.87759e-08
3.09676e-08
1.377e-08
6.04869e-09
2.62556e-09
1.12655e-09
4.77932e-10
2.00538e-10
8.32442e-11
3.41943e-11
1.39028e-11
5.59635e-12
2.23081e-12
8.80786e-13
3.44527e-13
1.3354e-13
5.13009e-14
1.95364e-14
7.37654e-15
2.76204e-15
1.02577e-15
3.77912e-16
1.38141e-16
5.01085e-17
