VARIABLEs = X,u
ZONE I=101
datapacking=block
0
0.01
0.02
0.03
0.04
0.05
0.06
0.07
0.08
0.09
0.1
0.11
0.12
0.13
0.14
0.15
0.16
0.17
0.18
0.19
0.2
0.21
0.22
0.23
0.24
0.25
0.26
0.27
0.28
0.29
0.3
0.31
0.32
0.33
0.34
0.35
0.36
0.37
0.38
0.39
0.4
0.41
0.42
0.43
0.44
0.45
0.46
0.47
0.48
0.49
0.5
0.51
0.52
0.53
0.54
0.55
0.56
0.57
0.58
0.59
0.6
0.61
0.62
0.63
0.64
0.65
0.66
0.67
0.68
0.69
0.7
0.71
0.72
0.73
0.74
0.75
0.76
0.77
0.78
0.79
0.8
0.81
0.82
0.83
0.84
0.85
0.86
0.87
0.88
0.89
0.9
0.91
0.92
0.93
0.94
0.95
0.96
0.97
0.98
0.99
1
0
8.38519e-09
1.50933e-07
1.37447e-06
8.44381e-06
3.93722e-05
0.000148652
0.000473457
0.00130867
0.0032053
0.0070688
0.0142163
0.0263453
0.0453812
0.0732029
0.111292
0.160385
0.220217
0.289434
0.365701
0.445982
0.526932
0.605312
0.678348
0.743975
0.800943
0.848796
0.887753
0.918534
0.942169
0.959827
0.972679
0.981799
0.988116
0.992385
0.995183
0.996906
0.997744
0.997631
0.996175
0.992575
0.985582
0.973542
0.954557
0.926764
0.88869
0.839606
0.779779
0.710564
0.634298
0.554017
0.473068
0.394688
0.321651
0.256025
0.199057
0.151204
0.112247
0.0814664
0.0578311
0.0401725
0.027321
0.0182005
0.0118827
0.00760705
0.00477756
0.00294512
0.00178288
0.00106041
0.00061995
0.00035643
0.000201611
0.000112245
6.15329e-05
3.32286e-05
1.76826e-05
9.27627e-06
4.79898e-06
2.4492e-06
1.23351e-06
6.13266e-07
3.01075e-07
1.45999e-07
6.99527e-08
3.31251e-08
1.55069e-08
7.17835e-09
3.28672e-09
1.48884e-09
6.6739e-10
2.96114e-10
1.30071e-10
5.6577e-11
2.43738e-11
1.04021e-11
4.39857e-12
1.84324e-12
7.65611e-13
3.1526e-13
1.28717e-13
5.21176e-14
