VARIABLEs = X,u
ZONE I=101
datapacking=block
0
0.01
0.02
0.03
0.04
0.05
0.06
0.07
0.08
0.09
0.1
0.11
0.12
0.13
0.14
0.15
0.16
0.17
0.18
0.19
0.2
0.21
0.22
0.23
0.24
0.25
0.26
0.27
0.28
0.29
0.3
0.31
0.32
0.33
0.34
0.35
0.36
0.37
0.38
0.39
0.4
0.41
0.42
0.43
0.44
0.45
0.46
0.47
0.48
0.49
0.5
0.51
0.52
0.53
0.54
0.55
0.56
0.57
0.58
0.59
0.6
0.61
0.62
0.63
0.64
0.65
0.66
0.67
0.68
0.69
0.7
0.71
0.72
0.73
0.74
0.75
0.76
0.77
0.78
0.79
0.8
0.81
0.82
0.83
0.84
0.85
0.86
0.87
0.88
0.89
0.9
0.91
0.92
0.93
0.94
0.95
0.96
0.97
0.98
0.99
1
0
4.88274e-17
1.72523e-15
3.06432e-14
3.64807e-13
3.27482e-12
2.36449e-11
1.43036e-10
7.45677e-10
3.4199e-09
1.40177e-08
5.19933e-08
1.76277e-07
5.50854e-07
1.59775e-06
4.32716e-06
1.0999e-05
2.63583e-05
5.97872e-05
0.000128812
0.000264439
0.00051874
0.000974866
0.00175927
0.00305523
0.00511618
0.00827629
0.0129557
0.0196571
0.0289512
0.0414502
0.0577684
0.0784732
0.104031
0.134751
0.170743
0.211876
0.257769
0.307797
0.361117
0.416715
0.473472
0.530228
0.585858
0.639331
0.689764
0.736457
0.778912
0.81683
0.850101
0.878768
0.902997
0.923024
0.939111
0.951503
0.960385
0.965846
0.967863
0.966292
0.960875
0.951268
0.937078
0.91792
0.893473
0.86354
0.8281
0.787349
0.741716
0.691865
0.638663
0.583144
0.526438
0.469715
0.414106
0.360645
0.310218
0.263524
0.221057
0.183107
0.149769
0.120966
0.0964835
0.0760012
0.0591296
0.0454412
0.0344989
0.0258777
0.0191809
0.0140506
0.0101734
0.00728188
0.00515343
0.00360651
0.00249623
0.00170904
0.0011576
0.000775835
0.000514576
0.000337803
0.000219522
0.000141239
