VARIABLEs = X,u
ZONE I=101
datapacking=block
0
0.01
0.02
0.03
0.04
0.05
0.06
0.07
0.08
0.09
0.1
0.11
0.12
0.13
0.14
0.15
0.16
0.17
0.18
0.19
0.2
0.21
0.22
0.23
0.24
0.25
0.26
0.27
0.28
0.29
0.3
0.31
0.32
0.33
0.34
0.35
0.36
0.37
0.38
0.39
0.4
0.41
0.42
0.43
0.44
0.45
0.46
0.47
0.48
0.49
0.5
0.51
0.52
0.53
0.54
0.55
0.56
0.57
0.58
0.59
0.6
0.61
0.62
0.63
0.64
0.65
0.66
0.67
0.68
0.69
0.7
0.71
0.72
0.73
0.74
0.75
0.76
0.77
0.78
0.79
0.8
0.81
0.82
0.83
0.84
0.85
0.86
0.87
0.88
0.89
0.9
0.91
0.92
0.93
0.94
0.95
0.96
0.97
0.98
0.99
1
0
1.7747e-05
0.000195217
0.00109736
0.00420473
0.0123616
0.0297628
0.0611818
0.110554
0.17947
0.266254
0.366054
0.471903
0.576282
0.672632
0.756365
0.825211
0.878998
0.919074
0.947647
0.967197
0.980067
0.988239
0.993253
0.996233
0.99795
0.998912
0.999436
0.999714
0.999858
0.999931
0.99995
0.99979
0.998896
0.995792
0.987637
0.970237
0.938818
0.889445
0.820529
0.733746
0.633946
0.528097
0.423718
0.327368
0.243635
0.174789
0.121002
0.0809257
0.0523528
0.0328029
0.0199326
0.011761
0.00674654
0.00376696
0.00204957
0.00108782
0.000563797
0.000285611
0.00014155
6.86912e-05
3.26667e-05
1.52355e-05
6.97388e-06
3.13513e-06
1.38511e-06
6.01774e-07
2.57248e-07
1.08265e-07
4.48811e-08
1.83359e-08
7.38601e-09
2.93483e-09
1.15082e-09
4.45519e-10
1.70344e-10
6.43504e-11
2.40268e-11
8.86968e-12
3.2384e-12
1.16976e-12
4.18157e-13
1.47972e-13
5.18489e-14
1.79942e-14
6.1868e-15
2.10789e-15
7.11832e-16
2.38316e-16
7.91167e-17
2.60503e-17
8.50889e-18
2.7576e-18
8.86893e-19
2.83118e-19
8.97213e-20
2.82311e-20
8.82134e-21
2.73768e-21
8.43988e-22
2.58499e-22
