VARIABLEs = X,u
ZONE I=101
datapacking=block
0
0.01
0.02
0.03
0.04
0.05
0.06
0.07
0.08
0.09
0.1
0.11
0.12
0.13
0.14
0.15
0.16
0.17
0.18
0.19
0.2
0.21
0.22
0.23
0.24
0.25
0.26
0.27
0.28
0.29
0.3
0.31
0.32
0.33
0.34
0.35
0.36
0.37
0.38
0.39
0.4
0.41
0.42
0.43
0.44
0.45
0.46
0.47
0.48
0.49
0.5
0.51
0.52
0.53
0.54
0.55
0.56
0.57
0.58
0.59
0.6
0.61
0.62
0.63
0.64
0.65
0.66
0.67
0.68
0.69
0.7
0.71
0.72
0.73
0.74
0.75
0.76
0.77
0.78
0.79
0.8
0.81
0.82
0.83
0.84
0.85
0.86
0.87
0.88
0.89
0.9
0.91
0.92
0.93
0.94
0.95
0.96
0.97
0.98
0.99
1
0
2.80818e-09
5.33555e-08
5.12493e-07
3.31834e-06
1.62954e-05
6.47429e-05
0.000216814
0.00062958
0.0016185
0.00374284
0.0078853
0.0152915
0.0275324
0.0463644
0.0734916
0.110264
0.157379
0.214655
0.280947
0.354218
0.431762
0.510538
0.587523
0.660045
0.72602
0.784078
0.833576
0.874519
0.90742
0.933135
0.952707
0.967229
0.977741
0.985172
0.990296
0.993722
0.99587
0.996949
0.996909
0.995376
0.991597
0.984409
0.972297
0.95354
0.926455
0.889707
0.842606
0.785337
0.719048
0.64578
0.568237
0.489462
0.412477
0.339955
0.27398
0.215922
0.166424
0.125481
0.0925804
0.066865
0.0472927
0.0327713
0.0222585
0.0148251
0.00968739
0.00621329
0.00391331
0.00242143
0.00147265
0.000880676
0.000518091
0.00029995
0.00017097
9.5982e-05
5.3091e-05
2.89449e-05
1.55596e-05
8.24984e-06
4.31579e-06
2.22834e-06
1.1359e-06
5.71835e-07
2.84378e-07
1.39745e-07
6.78752e-08
3.25936e-08
1.54778e-08
7.27026e-09
3.37874e-09
1.5539e-09
7.07379e-10
3.18812e-10
1.42285e-10
6.28948e-11
2.75414e-11
1.19496e-11
5.13804e-12
2.18975e-12
9.25169e-13
3.87568e-13
