VARIABLEs = X,u
ZONE I=101
datapacking=block
0
0.01
0.02
0.03
0.04
0.05
0.06
0.07
0.08
0.09
0.1
0.11
0.12
0.13
0.14
0.15
0.16
0.17
0.18
0.19
0.2
0.21
0.22
0.23
0.24
0.25
0.26
0.27
0.28
0.29
0.3
0.31
0.32
0.33
0.34
0.35
0.36
0.37
0.38
0.39
0.4
0.41
0.42
0.43
0.44
0.45
0.46
0.47
0.48
0.49
0.5
0.51
0.52
0.53
0.54
0.55
0.56
0.57
0.58
0.59
0.6
0.61
0.62
0.63
0.64
0.65
0.66
0.67
0.68
0.69
0.7
0.71
0.72
0.73
0.74
0.75
0.76
0.77
0.78
0.79
0.8
0.81
0.82
0.83
0.84
0.85
0.86
0.87
0.88
0.89
0.9
0.91
0.92
0.93
0.94
0.95
0.96
0.97
0.98
0.99
1
0
8.04893e-15
2.46834e-13
3.80871e-12
3.94275e-11
3.08052e-10
1.93771e-09
1.02218e-08
4.6514e-08
1.8639e-07
6.68186e-07
2.16978e-06
6.44706e-06
1.76749e-05
4.50248e-05
0.000107213
0.000239882
0.000506601
0.00101389
0.00192983
0.0035046
0.00608986
0.0101524
0.016277
0.0251532
0.0375429
0.0542277
0.0759394
0.10328
0.136642
0.17614
0.221562
0.272357
0.327649
0.386292
0.446948
0.508181
0.568563
0.62677
0.681658
0.732323
0.778132
0.818724
0.853993
0.884049
0.909171
0.929745
0.946208
0.95899
0.968457
0.974863
0.978317
0.978754
0.975932
0.969444
0.958757
0.94327
0.922388
0.895616
0.862637
0.823396
0.778142
0.727456
0.672235
0.613636
0.553009
0.491793
0.431421
0.37322
0.318336
0.267673
0.221864
0.181268
0.145989
0.115905
0.0907219
0.0700154
0.0532851
0.0399958
0.0296135
0.0216325
0.0155936
0.011094
0.00779145
0.00540279
0.00369977
0.00250249
0.00167223
0.00110416
0.000720552
0.000464812
0.000296449
0.000186968
0.000116629
7.19691e-05
4.39405e-05
2.65484e-05
1.5876e-05
9.3982e-06
5.50835e-06
3.19699e-06
