VARIABLEs = X,u
ZONE I=101
datapacking=block
0
0.01
0.02
0.03
0.04
0.05
0.06
0.07
0.08
0.09
0.1
0.11
0.12
0.13
0.14
0.15
0.16
0.17
0.18
0.19
0.2
0.21
0.22
0.23
0.24
0.25
0.26
0.27
0.28
0.29
0.3
0.31
0.32
0.33
0.34
0.35
0.36
0.37
0.38
0.39
0.4
0.41
0.42
0.43
0.44
0.45
0.46
0.47
0.48
0.49
0.5
0.51
0.52
0.53
0.54
0.55
0.56
0.57
0.58
0.59
0.6
0.61
0.62
0.63
0.64
0.65
0.66
0.67
0.68
0.69
0.7
0.71
0.72
0.73
0.74
0.75
0.76
0.77
0.78
0.79
0.8
0.81
0.82
0.83
0.84
0.85
0.86
0.87
0.88
0.89
0.9
0.91
0.92
0.93
0.94
0.95
0.96
0.97
0.98
0.99
1
0
1.39951e-22
6.5777e-21
1.55182e-19
2.4503e-18
2.9131e-17
2.78151e-16
2.22189e-15
1.52727e-14
9.22182e-14
4.96895e-13
2.41911e-12
1.07487e-11
4.39514e-11
1.66546e-10
5.88329e-10
1.94741e-09
6.06712e-09
1.78608e-08
4.98566e-08
1.32372e-07
3.35223e-07
8.11761e-07
1.88397e-06
4.19933e-06
9.0069e-06
1.8622e-05
3.71744e-05
7.17595e-05
0.000134136
0.000243117
0.000427777
0.000731574
0.00121733
0.00197296
0.00311751
0.00480708
0.00723975
0.0106586
0.0153521
0.0216502
0.0299164
0.0405348
0.0538921
0.0703558
0.0902493
0.113827
0.141249
0.17256
0.207676
0.246376
0.288301
0.332965
0.379777
0.428059
0.477083
0.526103
0.574385
0.621238
0.666042
0.708265
0.747473
0.783332
0.815607
0.844145
0.868862
0.889718
0.9067
0.919797
0.928989
0.934229
0.93544
0.932519
0.925345
0.913793
0.897761
0.877187
0.852077
0.822527
0.788739
0.751031
0.70984
0.665713
0.619291
0.571287
0.522457
0.473568
0.425367
0.378547
0.333728
0.291428
0.252058
0.215909
0.183158
0.15387
0.128013
0.10547
0.0860575
0.069542
0.0556574
0.0441203
