VARIABLEs = X,u
ZONE I=101
datapacking=block
0
0.01
0.02
0.03
0.04
0.05
0.06
0.07
0.08
0.09
0.1
0.11
0.12
0.13
0.14
0.15
0.16
0.17
0.18
0.19
0.2
0.21
0.22
0.23
0.24
0.25
0.26
0.27
0.28
0.29
0.3
0.31
0.32
0.33
0.34
0.35
0.36
0.37
0.38
0.39
0.4
0.41
0.42
0.43
0.44
0.45
0.46
0.47
0.48
0.49
0.5
0.51
0.52
0.53
0.54
0.55
0.56
0.57
0.58
0.59
0.6
0.61
0.62
0.63
0.64
0.65
0.66
0.67
0.68
0.69
0.7
0.71
0.72
0.73
0.74
0.75
0.76
0.77
0.78
0.79
0.8
0.81
0.82
0.83
0.84
0.85
0.86
0.87
0.88
0.89
0.9
0.91
0.92
0.93
0.94
0.95
0.96
0.97
0.98
0.99
1
0
1.87192e-15
5.99016e-14
9.64197e-13
1.04091e-11
8.47874e-11
5.5585e-10
3.0551e-09
1.44802e-08
6.04188e-08
2.25457e-07
7.61833e-07
2.3547e-06
6.71298e-06
1.77763e-05
4.39858e-05
0.000102229
0.000224176
0.000465679
0.000919615
0.00173192
0.00311961
0.00538838
0.00894621
0.0143087
0.0220919
0.0329882
0.0477263
0.0670131
0.091466
0.12154
0.157462
0.199178
0.246326
0.298236
0.353963
0.412344
0.472076
0.531808
0.59023
0.646156
0.698585
0.746751
0.790136
0.828469
0.861703
0.889977
0.913569
0.932836
0.948166
0.959915
0.968368
0.973689
0.975896
0.974848
0.970247
0.961666
0.948588
0.930476
0.906843
0.877334
0.841797
0.80034
0.753364
0.701566
0.645912
0.587579
0.527876
0.468163
0.409752
0.353834
0.301408
0.253243
0.209855
0.171512
0.138253
0.10992
0.0862067
0.066698
0.0509148
0.0383526
0.0285123
0.020923
0.0151581
0.0108434
0.00766071
0.005346
0.00368575
0.00251096
0.00169063
0.0011252
0.000740396
0.000481757
0.000310027
0.000197357
0.000124298
7.74647e-05
4.77802e-05
2.9172e-05
1.76331e-05
1.05536e-05
