VARIABLEs = X,u
ZONE I=101
datapacking=block
0
0.01
0.02
0.03
0.04
0.05
0.06
0.07
0.08
0.09
0.1
0.11
0.12
0.13
0.14
0.15
0.16
0.17
0.18
0.19
0.2
0.21
0.22
0.23
0.24
0.25
0.26
0.27
0.28
0.29
0.3
0.31
0.32
0.33
0.34
0.35
0.36
0.37
0.38
0.39
0.4
0.41
0.42
0.43
0.44
0.45
0.46
0.47
0.48
0.49
0.5
0.51
0.52
0.53
0.54
0.55
0.56
0.57
0.58
0.59
0.6
0.61
0.62
0.63
0.64
0.65
0.66
0.67
0.68
0.69
0.7
0.71
0.72
0.73
0.74
0.75
0.76
0.77
0.78
0.79
0.8
0.81
0.82
0.83
0.84
0.85
0.86
0.87
0.88
0.89
0.9
0.91
0.92
0.93
0.94
0.95
0.96
0.97
0.98
0.99
1
0
0.482253
0.803755
0.937714
0.982367
0.995391
0.998864
0.999732
0.999939
0.999987
0.999997
0.999999
1
1
1
1
1
1
1
1
1
1
1
1
1
1
1
1
1
1
1
0.517747
0.196245
0.0622857
0.0176326
0.00460879
0.00113578
0.000267521
6.07943e-05
1.34193e-05
2.89158e-06
6.1056e-07
1.26708e-07
2.59051e-08
5.22761e-09
1.04289e-09
2.05947e-10
4.03021e-11
7.82269e-12
1.50724e-12
2.88473e-13
5.48755e-14
1.03807e-14
1.95364e-15
3.6594e-16
6.82454e-17
1.26757e-17
2.34549e-18
4.32477e-19
7.94808e-20
1.4562e-20
2.66026e-21
4.84666e-22
8.80738e-23
1.59661e-23
2.88772e-24
5.21158e-25
9.38621e-26
1.68718e-26
3.02711e-27
5.42158e-28
9.69375e-29
1.73045e-29
3.08431e-30
5.48934e-31
9.75599e-32
1.73156e-32
3.06932e-33
5.43387e-34
9.60856e-35
1.69711e-35
2.99422e-36
5.27712e-37
9.2911e-38
1.63421e-38
2.87169e-39
5.0416e-40
8.84331e-41
1.54985e-41
2.71396e-42
4.74865e-43
8.30233e-44
1.45045e-44
2.53216e-45
4.41745e-46
7.70114e-47
1.34168e-47
2.33596e-48
4.0645e-49
7.06781e-50
1.2283e-50
