VARIABLEs = X,u
ZONE I=101
datapacking=block
0
0.01
0.02
0.03
0.04
0.05
0.06
0.07
0.08
0.09
0.1
0.11
0.12
0.13
0.14
0.15
0.16
0.17
0.18
0.19
0.2
0.21
0.22
0.23
0.24
0.25
0.26
0.27
0.28
0.29
0.3
0.31
0.32
0.33
0.34
0.35
0.36
0.37
0.38
0.39
0.4
0.41
0.42
0.43
0.44
0.45
0.46
0.47
0.48
0.49
0.5
0.51
0.52
0.53
0.54
0.55
0.56
0.57
0.58
0.59
0.6
0.61
0.62
0.63
0.64
0.65
0.66
0.67
0.68
0.69
0.7
0.71
0.72
0.73
0.74
0.75
0.76
0.77
0.78
0.79
0.8
0.81
0.82
0.83
0.84
0.85
0.86
0.87
0.88
0.89
0.9
0.91
0.92
0.93
0.94
0.95
0.96
0.97
0.98
0.99
1
0
1.05478e-10
2.32052e-09
2.57631e-08
1.92466e-07
1.08849e-06
4.97127e-06
1.91003e-05
6.35057e-05
0.000186546
0.000491868
0.00117884
0.00259442
0.00528796
0.0100535
0.0179392
0.0302059
0.0482227
0.0733048
0.106515
0.148466
0.199156
0.257892
0.323302
0.393452
0.466039
0.538625
0.608884
0.674807
0.734844
0.78798
0.833735
0.872111
0.903492
0.928532
0.948049
0.962915
0.973985
0.982028
0.987688
0.991435
0.993534
0.993999
0.992551
0.988597
0.98123
0.969291
0.951477
0.926518
0.893382
0.851475
0.800811
0.74209
0.676688
0.606542
0.533958
0.461374
0.391115
0.325193
0.265156
0.21202
0.166265
0.127889
0.0965083
0.0714674
0.0519503
0.0370801
0.0259963
0.0179081
0.0121257
0.00807316
0.00528701
0.00340693
0.002161
0.0013497
0.000830339
0.000503336
0.000300737
0.000177166
0.000102937
5.90061e-05
3.33796e-05
1.86401e-05
1.02783e-05
5.59781e-06
3.01198e-06
1.60153e-06
8.41728e-07
4.37391e-07
2.24765e-07
1.14248e-07
5.74545e-08
2.85922e-08
1.40834e-08
6.86746e-09
3.31584e-09
1.58556e-09
7.51012e-10
3.5242e-10
1.6387e-10
7.55161e-11
