VARIABLEs = X,u
ZONE I=101
datapacking=block
0
0.01
0.02
0.03
0.04
0.05
0.06
0.07
0.08
0.09
0.1
0.11
0.12
0.13
0.14
0.15
0.16
0.17
0.18
0.19
0.2
0.21
0.22
0.23
0.24
0.25
0.26
0.27
0.28
0.29
0.3
0.31
0.32
0.33
0.34
0.35
0.36
0.37
0.38
0.39
0.4
0.41
0.42
0.43
0.44
0.45
0.46
0.47
0.48
0.49
0.5
0.51
0.52
0.53
0.54
0.55
0.56
0.57
0.58
0.59
0.6
0.61
0.62
0.63
0.64
0.65
0.66
0.67
0.68
0.69
0.7
0.71
0.72
0.73
0.74
0.75
0.76
0.77
0.78
0.79
0.8
0.81
0.82
0.83
0.84
0.85
0.86
0.87
0.88
0.89
0.9
0.91
0.92
0.93
0.94
0.95
0.96
0.97
0.98
0.99
1
0
2.45309e-11
5.72387e-10
6.73577e-09
5.33035e-08
3.19128e-07
1.54192e-06
6.26326e-06
2.2001e-05
6.82308e-05
0.000189798
0.000479533
0.00111168
0.00238476
0.0047677
0.00893785
0.0157954
0.0264389
0.0420912
0.0639754
0.0931542
0.130357
0.175828
0.229221
0.289579
0.355385
0.424702
0.495351
0.565128
0.631998
0.694256
0.750634
0.800343
0.843063
0.878878
0.908197
0.931651
0.949998
0.964035
0.974529
0.982154
0.987449
0.990767
0.992237
0.991725
0.98881
0.982779
0.972672
0.957362
0.935693
0.906647
0.869526
0.824104
0.77074
0.710399
0.644602
0.575292
0.504645
0.43487
0.368001
0.305744
0.249366
0.199657
0.156937
0.121122
0.091803
0.0683477
0.049996
0.0359429
0.0254031
0.0176558
0.0120714
0.00812142
0.00537838
0.00350716
0.00225259
0.0014255
0.000889095
0.000546707
0.000331526
0.000198319
0.000117062
6.82024e-05
3.92308e-05
2.22852e-05
1.25049e-05
6.93304e-06
3.79889e-06
2.05769e-06
1.10204e-06
5.83713e-07
3.05834e-07
1.58543e-07
8.13346e-08
4.13004e-08
2.0762e-08
1.03348e-08
5.09487e-09
2.48794e-09
1.20364e-09
5.77006e-10
