VARIABLEs = X,u
ZONE I=101
datapacking=block
0
0.01
0.02
0.03
0.04
0.05
0.06
0.07
0.08
0.09
0.1
0.11
0.12
0.13
0.14
0.15
0.16
0.17
0.18
0.19
0.2
0.21
0.22
0.23
0.24
0.25
0.26
0.27
0.28
0.29
0.3
0.31
0.32
0.33
0.34
0.35
0.36
0.37
0.38
0.39
0.4
0.41
0.42
0.43
0.44
0.45
0.46
0.47
0.48
0.49
0.5
0.51
0.52
0.53
0.54
0.55
0.56
0.57
0.58
0.59
0.6
0.61
0.62
0.63
0.64
0.65
0.66
0.67
0.68
0.69
0.7
0.71
0.72
0.73
0.74
0.75
0.76
0.77
0.78
0.79
0.8
0.81
0.82
0.83
0.84
0.85
0.86
0.87
0.88
0.89
0.9
0.91
0.92
0.93
0.94
0.95
0.96
0.97
0.98
0.99
1
0
3.14956e-10
6.61408e-09
7.01303e-08
5.00629e-07
2.70694e-06
1.18263e-05
4.34909e-05
0.000138485
0.000389822
0.000985585
0.00226648
0.00478944
0.00937984
0.0171482
0.0294481
0.0477613
0.0735143
0.107852
0.151409
0.204136
0.265212
0.333075
0.405564
0.480154
0.554226
0.625336
0.691431
0.750998
0.80312
0.847453
0.884151
0.913746
0.937021
0.954889
0.968287
0.978106
0.985126
0.989987
0.993148
0.994856
0.995101
0.993571
0.989615
0.982245
0.970191
0.952027
0.926364
0.892079
0.848552
0.795842
0.734776
0.666919
0.594433
0.519844
0.445773
0.374664
0.308569
0.249002
0.19688
0.152547
0.115849
0.0862541
0.0629787
0.0451108
0.0317098
0.0218824
0.0148304
0.00987489
0.00646256
0.0041585
0.00263206
0.00163926
0.00100497
0.00060669
0.000360784
0.000211419
0.000122125
6.95618e-05
3.90824e-05
2.16656e-05
1.18542e-05
6.40334e-06
3.41588e-06
1.80002e-06
9.37231e-07
4.82305e-07
2.45365e-07
1.23431e-07
6.14123e-08
3.0228e-08
1.47224e-08
7.09676e-09
3.38642e-09
1.59996e-09
7.48601e-10
3.46933e-10
1.59286e-10
7.24636e-11
3.26701e-11
1.45997e-11
