VARIABLEs = X,u
ZONE I=101
datapacking=block
0
0.01
0.02
0.03
0.04
0.05
0.06
0.07
0.08
0.09
0.1
0.11
0.12
0.13
0.14
0.15
0.16
0.17
0.18
0.19
0.2
0.21
0.22
0.23
0.24
0.25
0.26
0.27
0.28
0.29
0.3
0.31
0.32
0.33
0.34
0.35
0.36
0.37
0.38
0.39
0.4
0.41
0.42
0.43
0.44
0.45
0.46
0.47
0.48
0.49
0.5
0.51
0.52
0.53
0.54
0.55
0.56
0.57
0.58
0.59
0.6
0.61
0.62
0.63
0.64
0.65
0.66
0.67
0.68
0.69
0.7
0.71
0.72
0.73
0.74
0.75
0.76
0.77
0.78
0.79
0.8
0.81
0.82
0.83
0.84
0.85
0.86
0.87
0.88
0.89
0.9
0.91
0.92
0.93
0.94
0.95
0.96
0.97
0.98
0.99
1
0
9.02741e-16
2.94895e-14
4.84496e-13
5.3379e-12
4.43674e-11
2.96758e-10
1.66387e-09
8.04374e-09
3.42278e-08
1.30236e-07
4.48663e-07
1.41359e-06
4.10736e-06
1.10835e-05
2.79426e-05
6.61564e-05
0.000147759
0.000312564
0.00062844
0.00120478
0.00220856
0.00388154
0.00655576
0.010664
0.0167407
0.0254103
0.0373586
0.0532898
0.0738675
0.0996488
0.131016
0.168117
0.210822
0.258703
0.311044
0.366874
0.42503
0.484234
0.543179
0.600612
0.655412
0.706648
0.753612
0.795839
0.833096
0.865363
0.892787
0.915641
0.934268
0.949026
0.960239
0.968147
0.972874
0.974398
0.972546
0.966999
0.957329
0.943036
0.923621
0.898654
0.86785
0.831134
0.788689
0.740981
0.688754
0.632998
0.57489
0.515716
0.456791
0.399369
0.344576
0.293344
0.24638
0.204148
0.166874
0.13457
0.107065
0.0840464
0.0651038
0.0497694
0.0375529
0.0279713
0.0205702
0.0149379
0.0107136
0.00759024
0.00531278
0.0036746
0.00251188
0.00169731
0.0011339
0.000749059
0.000489394
0.000316284
0.00020223
0.000127948
8.01155e-05
4.96549e-05
3.04676e-05
1.85104e-05
