VARIABLEs = X,u
ZONE I=101
datapacking=block
0
0.01
0.02
0.03
0.04
0.05
0.06
0.07
0.08
0.09
0.1
0.11
0.12
0.13
0.14
0.15
0.16
0.17
0.18
0.19
0.2
0.21
0.22
0.23
0.24
0.25
0.26
0.27
0.28
0.29
0.3
0.31
0.32
0.33
0.34
0.35
0.36
0.37
0.38
0.39
0.4
0.41
0.42
0.43
0.44
0.45
0.46
0.47
0.48
0.49
0.5
0.51
0.52
0.53
0.54
0.55
0.56
0.57
0.58
0.59
0.6
0.61
0.62
0.63
0.64
0.65
0.66
0.67
0.68
0.69
0.7
0.71
0.72
0.73
0.74
0.75
0.76
0.77
0.78
0.79
0.8
0.81
0.82
0.83
0.84
0.85
0.86
0.87
0.88
0.89
0.9
0.91
0.92
0.93
0.94
0.95
0.96
0.97
0.98
0.99
1
0
6.66596e-07
9.33235e-06
6.63819e-05
0.000319935
0.00117568
0.00351471
0.00890747
0.019693
0.0387924
0.0692099
0.113315
0.172123
0.244815
0.32869
0.419556
0.51244
0.602422
0.685347
0.758289
0.819715
0.869367
0.907986
0.93695
0.957938
0.972659
0.982669
0.989279
0.993522
0.996173
0.997789
0.998749
0.999298
0.999557
0.999479
0.998719
0.996431
0.991065
0.980293
0.961201
0.930787
0.886683
0.827877
0.755185
0.671309
0.580444
0.48756
0.397578
0.314653
0.241711
0.180285
0.130633
0.0920142
0.0630503
0.042062
0.0273411
0.0173308
0.0107215
0.00647845
0.00382656
0.00221104
0.0012507
0.000693088
0.000376525
0.000200656
0.000104963
5.39271e-05
2.72276e-05
1.3517e-05
6.60161e-06
3.17345e-06
1.50222e-06
7.00579e-07
3.22024e-07
1.45952e-07
6.52526e-08
2.87883e-08
1.25379e-08
5.39237e-09
2.29099e-09
9.61835e-10
3.99158e-10
1.63789e-10
6.64735e-11
2.66903e-11
1.06052e-11
4.17108e-12
1.62427e-12
6.26389e-13
2.39282e-13
9.0563e-14
3.39671e-14
1.26276e-14
4.65401e-15
1.70082e-15
6.16447e-16
2.21624e-16
7.90492e-17
2.79775e-17
9.82704e-18
3.42615e-18
