VARIABLEs = X,u
ZONE I=101
datapacking=block
0
0.01
0.02
0.03
0.04
0.05
0.06
0.07
0.08
0.09
0.1
0.11
0.12
0.13
0.14
0.15
0.16
0.17
0.18
0.19
0.2
0.21
0.22
0.23
0.24
0.25
0.26
0.27
0.28
0.29
0.3
0.31
0.32
0.33
0.34
0.35
0.36
0.37
0.38
0.39
0.4
0.41
0.42
0.43
0.44
0.45
0.46
0.47
0.48
0.49
0.5
0.51
0.52
0.53
0.54
0.55
0.56
0.57
0.58
0.59
0.6
0.61
0.62
0.63
0.64
0.65
0.66
0.67
0.68
0.69
0.7
0.71
0.72
0.73
0.74
0.75
0.76
0.77
0.78
0.79
0.8
0.81
0.82
0.83
0.84
0.85
0.86
0.87
0.88
0.89
0.9
0.91
0.92
0.93
0.94
0.95
0.96
0.97
0.98
0.99
1
0
4.3535e-16
1.45117e-14
2.43252e-13
2.73398e-12
2.31787e-11
1.58114e-10
9.04004e-10
4.45586e-09
1.93293e-08
7.49669e-08
2.63207e-07
8.45042e-07
2.50165e-06
6.87681e-06
1.76584e-05
4.2576e-05
9.68235e-05
0.00020851
0.000426711
0.00083249
0.00155275
0.00277604
0.00476853
0.0078872
0.0125869
0.019417
0.0290056
0.042027
0.0591564
0.0810112
0.108087
0.140694
0.178906
0.222521
0.271054
0.323746
0.37961
0.437487
0.496126
0.554263
0.610704
0.664392
0.714457
0.76025
0.801353
0.837569
0.868897
0.895494
0.917625
0.935616
0.949797
0.960456
0.967794
0.971894
0.972696
0.970002
0.963478
0.952696
0.937183
0.916478
0.890211
0.858164
0.820337
0.776983
0.728624
0.676047
0.620259
0.56243
0.503823
0.445705
0.389276
0.335595
0.285533
0.239739
0.198627
0.162387
0.131005
0.104297
0.0819477
0.0635511
0.0486498
0.0367677
0.0274372
0.0202192
0.0147166
0.0105814
0.00751683
0.00527668
0.00366094
0.00251075
0.00170242
0.00114145
0.000756911
0.000496484
0.000322188
0.000206884
0.000131471
8.26961e-05
5.14946e-05
3.17488e-05
