VARIABLEs = X,u
ZONE I=101
datapacking=block
0
0.01
0.02
0.03
0.04
0.05
0.06
0.07
0.08
0.09
0.1
0.11
0.12
0.13
0.14
0.15
0.16
0.17
0.18
0.19
0.2
0.21
0.22
0.23
0.24
0.25
0.26
0.27
0.28
0.29
0.3
0.31
0.32
0.33
0.34
0.35
0.36
0.37
0.38
0.39
0.4
0.41
0.42
0.43
0.44
0.45
0.46
0.47
0.48
0.49
0.5
0.51
0.52
0.53
0.54
0.55
0.56
0.57
0.58
0.59
0.6
0.61
0.62
0.63
0.64
0.65
0.66
0.67
0.68
0.69
0.7
0.71
0.72
0.73
0.74
0.75
0.76
0.77
0.78
0.79
0.8
0.81
0.82
0.83
0.84
0.85
0.86
0.87
0.88
0.89
0.9
0.91
0.92
0.93
0.94
0.95
0.96
0.97
0.98
0.99
1
0
1.01248e-16
3.50995e-15
6.11737e-14
7.14697e-13
6.29687e-12
4.46278e-11
2.65031e-10
1.35655e-09
6.10921e-09
2.45918e-08
8.95887e-08
2.98367e-07
9.16002e-07
2.61054e-06
6.94775e-06
1.73571e-05
4.08864e-05
9.11747e-05
0.000193148
0.000389939
0.000752362
0.00139092
0.00246969
0.00422074
0.00695675
0.011079
0.0170774
0.0255196
0.0370272
0.0522383
0.0717592
0.0961079
0.125656
0.160577
0.200804
0.246011
0.295614
0.348792
0.404535
0.461708
0.519119
0.575596
0.630056
0.681559
0.729353
0.772892
0.811842
0.846067
0.875598
0.9006
0.92132
0.938044
0.951044
0.960538
0.966653
0.969397
0.96865
0.964169
0.95561
0.942565
0.924614
0.901389
0.872636
0.83827
0.798426
0.75348
0.704053
0.650993
0.595327
0.538204
0.480826
0.42437
0.369922
0.318426
0.270632
0.227086
0.188114
0.15384
0.124208
0.0990097
0.0779272
0.0605651
0.0464862
0.0352408
0.0263902
0.0195243
0.0142727
0.0103109
0.00736238
0.00519679
0.00362673
0.00250281
0.00170821
0.00115325
0.000770275
0.000509064
0.000332944
0.000215531
0.000138118
8.76323e-05
