VARIABLEs = X,u
ZONE I=101
datapacking=block
0
0.01
0.02
0.03
0.04
0.05
0.06
0.07
0.08
0.09
0.1
0.11
0.12
0.13
0.14
0.15
0.16
0.17
0.18
0.19
0.2
0.21
0.22
0.23
0.24
0.25
0.26
0.27
0.28
0.29
0.3
0.31
0.32
0.33
0.34
0.35
0.36
0.37
0.38
0.39
0.4
0.41
0.42
0.43
0.44
0.45
0.46
0.47
0.48
0.49
0.5
0.51
0.52
0.53
0.54
0.55
0.56
0.57
0.58
0.59
0.6
0.61
0.62
0.63
0.64
0.65
0.66
0.67
0.68
0.69
0.7
0.71
0.72
0.73
0.74
0.75
0.76
0.77
0.78
0.79
0.8
0.81
0.82
0.83
0.84
0.85
0.86
0.87
0.88
0.89
0.9
0.91
0.92
0.93
0.94
0.95
0.96
0.97
0.98
0.99
1
0
4.12739e-06
5.09044e-05
0.000319873
0.00136586
0.00446024
0.0118867
0.0269461
0.0534791
0.094937
0.153285
0.228165
0.31666
0.413759
0.513347
0.609378
0.696873
0.77252
0.834818
0.883848
0.920836
0.947652
0.966381
0.979009
0.987244
0.992449
0.995641
0.997543
0.998648
0.999272
0.999616
0.999798
0.999849
0.99963
0.99861
0.995528
0.988108
0.973051
0.94652
0.905062
0.846715
0.771835
0.68334
0.586241
0.486653
0.390622
0.303127
0.22748
0.165182
0.116152
0.0791641
0.0523479
0.0336191
0.0209913
0.0127559
0.0075515
0.00435949
0.00245656
0.00135239
0.000728007
0.000383521
0.000197881
0.000100071
4.96373e-05
2.41658e-05
1.1555e-05
5.42973e-06
2.50889e-06
1.14057e-06
5.10417e-07
2.24964e-07
9.77004e-08
4.18283e-08
1.76615e-08
7.35777e-09
3.02552e-09
1.22845e-09
4.92687e-10
1.95252e-10
7.64851e-11
2.96245e-11
1.13488e-11
4.30135e-12
1.61338e-12
5.99046e-13
2.20238e-13
8.01933e-14
2.8927e-14
1.03393e-14
3.66261e-15
1.28618e-15
4.4783e-16
1.54635e-16
5.29631e-17
1.79965e-17
6.06777e-18
2.03036e-18
6.74358e-19
2.22358e-19
7.27995e-20
2.36691e-20
