VARIABLEs = X,u
ZONE I=101
datapacking=block
0
0.01
0.02
0.03
0.04
0.05
0.06
0.07
0.08
0.09
0.1
0.11
0.12
0.13
0.14
0.15
0.16
0.17
0.18
0.19
0.2
0.21
0.22
0.23
0.24
0.25
0.26
0.27
0.28
0.29
0.3
0.31
0.32
0.33
0.34
0.35
0.36
0.37
0.38
0.39
0.4
0.41
0.42
0.43
0.44
0.45
0.46
0.47
0.48
0.49
0.5
0.51
0.52
0.53
0.54
0.55
0.56
0.57
0.58
0.59
0.6
0.61
0.62
0.63
0.64
0.65
0.66
0.67
0.68
0.69
0.7
0.71
0.72
0.73
0.74
0.75
0.76
0.77
0.78
0.79
0.8
0.81
0.82
0.83
0.84
0.85
0.86
0.87
0.88
0.89
0.9
0.91
0.92
0.93
0.94
0.95
0.96
0.97
0.98
0.99
1
0
1.15905e-14
3.51577e-13
5.36638e-12
5.49572e-11
4.24822e-10
2.64401e-09
1.38016e-08
6.21512e-08
2.46484e-07
8.74581e-07
2.81121e-06
8.269e-06
2.24441e-05
5.66096e-05
0.000133482
0.000295769
0.000618651
0.00122643
0.00231255
0.00416087
0.00716438
0.0118365
0.0188093
0.0288138
0.0426393
0.0610735
0.0848251
0.114441
0.150228
0.192184
0.239968
0.292889
0.349946
0.409883
0.47129
0.532697
0.592683
0.649966
0.70348
0.752421
0.796261
0.834752
0.867887
0.895863
0.919022
0.937792
0.952629
0.963956
0.972111
0.977303
0.97958
0.978808
0.974672
0.966702
0.954315
0.936883
0.91382
0.884671
0.849198
0.807448
0.7598
0.706965
0.649964
0.590061
0.528676
0.467283
0.407306
0.350027
0.296515
0.247576
0.203734
0.165239
0.13209
0.10408
0.0808445
0.0619119
0.046752
0.0348177
0.0255769
0.0185362
0.0132557
0.00935577
0.0065183
0.00448389
0.00304598
0.00204381
0.00135481
0.000887422
0.000574486
0.00036763
0.000232599
0.00014553
9.00589e-05
5.51324e-05
3.33943e-05
2.0017e-05
1.18758e-05
6.97487e-06
4.05593e-06
2.33559e-06
