VARIABLEs = X,u
ZONE I=101
datapacking=block
0
0.01
0.02
0.03
0.04
0.05
0.06
0.07
0.08
0.09
0.1
0.11
0.12
0.13
0.14
0.15
0.16
0.17
0.18
0.19
0.2
0.21
0.22
0.23
0.24
0.25
0.26
0.27
0.28
0.29
0.3
0.31
0.32
0.33
0.34
0.35
0.36
0.37
0.38
0.39
0.4
0.41
0.42
0.43
0.44
0.45
0.46
0.47
0.48
0.49
0.5
0.51
0.52
0.53
0.54
0.55
0.56
0.57
0.58
0.59
0.6
0.61
0.62
0.63
0.64
0.65
0.66
0.67
0.68
0.69
0.7
0.71
0.72
0.73
0.74
0.75
0.76
0.77
0.78
0.79
0.8
0.81
0.82
0.83
0.84
0.85
0.86
0.87
0.88
0.89
0.9
0.91
0.92
0.93
0.94
0.95
0.96
0.97
0.98
0.99
1
0
7.88589e-18
2.91778e-16
5.42549e-15
6.76005e-14
6.34947e-13
4.79549e-12
3.03366e-11
1.6534e-10
7.92541e-10
3.39427e-09
1.31507e-08
4.65593e-08
1.51889e-07
4.59776e-07
1.29913e-06
3.44416e-06
8.60562e-06
2.03454e-05
4.5673e-05
9.76611e-05
0.000199471
0.000390163
0.000732542
0.00132302
0.00230305
0.0038711
0.00629354
0.00991224
0.0151464
0.0224863
0.0324768
0.0456899
0.062688
0.0839787
0.109966
0.140903
0.176853
0.217661
0.262943
0.312096
0.364321
0.418669
0.474095
0.529521
0.583897
0.636257
0.685769
0.731762
0.773748
0.811421
0.844642
0.873419
0.897866
0.918167
0.934532
0.947156
0.95618
0.961664
0.963572
0.961759
0.955991
0.945962
0.931335
0.911788
0.887068
0.857041
0.821736
0.781381
0.736413
0.687475
0.635396
0.581147
0.525786
0.470402
0.416054
0.363709
0.314204
0.268206
0.226199
0.188477
0.155156
0.126189
0.101401
0.0805092
0.0631642
0.0489727
0.0375266
0.0284233
0.0212818
0.0157543
0.0115319
0.00834772
0.00597673
0.00423299
0.00296606
0.00205646
0.00141101
0.000958239
0.000644181
0.000428741
