VARIABLEs = X,u
ZONE I=101
datapacking=block
0
0.01
0.02
0.03
0.04
0.05
0.06
0.07
0.08
0.09
0.1
0.11
0.12
0.13
0.14
0.15
0.16
0.17
0.18
0.19
0.2
0.21
0.22
0.23
0.24
0.25
0.26
0.27
0.28
0.29
0.3
0.31
0.32
0.33
0.34
0.35
0.36
0.37
0.38
0.39
0.4
0.41
0.42
0.43
0.44
0.45
0.46
0.47
0.48
0.49
0.5
0.51
0.52
0.53
0.54
0.55
0.56
0.57
0.58
0.59
0.6
0.61
0.62
0.63
0.64
0.65
0.66
0.67
0.68
0.69
0.7
0.71
0.72
0.73
0.74
0.75
0.76
0.77
0.78
0.79
0.8
0.81
0.82
0.83
0.84
0.85
0.86
0.87
0.88
0.89
0.9
0.91
0.92
0.93
0.94
0.95
0.96
0.97
0.98
0.99
1
0
0.0125791
0.0628956
0.167722
0.319137
0.489479
0.648465
0.776537
0.868017
0.927098
0.962109
0.981365
0.991285
0.996107
0.998332
0.999313
0.999727
0.999895
0.999961
0.999986
0.999995
0.999998
0.999999
1
1
1
1
1
1
1
1
0.987421
0.937104
0.832278
0.680863
0.510521
0.351535
0.223463
0.131983
0.0729019
0.0378911
0.0186351
0.00871531
0.00389321
0.00166763
0.000687308
0.000273396
0.000105244
3.93025e-05
1.42691e-05
5.04622e-06
1.74136e-06
5.87286e-07
1.93851e-07
6.27054e-08
1.99011e-08
6.20374e-09
1.90135e-09
5.73457e-10
1.70346e-10
4.98759e-11
1.44042e-11
4.10595e-12
1.15593e-12
3.21583e-13
8.84561e-14
2.40687e-14
6.48143e-15
1.7281e-15
4.56382e-16
1.1943e-16
3.09799e-17
7.96849e-18
2.03302e-18
5.14646e-19
1.293e-19
3.22501e-20
7.98758e-21
1.96498e-21
4.8024e-22
1.1663e-22
2.81518e-23
6.75506e-24
1.61162e-24
3.8237e-25
9.02332e-26
2.11827e-26
4.94763e-27
1.14994e-27
2.66001e-28
6.12455e-29
1.40381e-29
3.2036e-30
7.27975e-31
1.64738e-31
3.71292e-32
8.33546e-33
1.86415e-33
4.15345e-34
9.22057e-35
2.0397e-35
