VARIABLEs = X,u
ZONE I=101
datapacking=block
0
0.01
0.02
0.03
0.04
0.05
0.06
0.07
0.08
0.09
0.1
0.11
0.12
0.13
0.14
0.15
0.16
0.17
0.18
0.19
0.2
0.21
0.22
0.23
0.24
0.25
0.26
0.27
0.28
0.29
0.3
0.31
0.32
0.33
0.34
0.35
0.36
0.37
0.38
0.39
0.4
0.41
0.42
0.43
0.44
0.45
0.46
0.47
0.48
0.49
0.5
0.51
0.52
0.53
0.54
0.55
0.56
0.57
0.58
0.59
0.6
0.61
0.62
0.63
0.64
0.65
0.66
0.67
0.68
0.69
0.7
0.71
0.72
0.73
0.74
0.75
0.76
0.77
0.78
0.79
0.8
0.81
0.82
0.83
0.84
0.85
0.86
0.87
0.88
0.89
0.9
0.91
0.92
0.93
0.94
0.95
0.96
0.97
0.98
0.99
1
0
2.1872e-10
4.66602e-09
5.02509e-08
3.6428e-07
1.99985e-06
8.86923e-06
3.31029e-05
0.000106958
0.000305443
0.000783278
0.00182655
0.00391309
0.00776741
0.0143889
0.0250306
0.0411114
0.0640601
0.0951083
0.135068
0.184142
0.241804
0.306788
0.377187
0.450647
0.524618
0.596615
0.664459
0.72644
0.781411
0.8288
0.868555
0.901042
0.92693
0.947065
0.962362
0.97372
0.981956
0.987762
0.991663
0.993989
0.994826
0.993978
0.990925
0.984812
0.974489
0.958604
0.935774
0.904796
0.864877
0.815827
0.758179
0.693203
0.622808
0.54935
0.475381
0.403384
0.33554
0.27356
0.218588
0.1712
0.131445
0.0989583
0.0730701
0.0529348
0.0376359
0.026271
0.0180105
0.0121313
0.00803136
0.00522799
0.00334739
0.00210895
0.00130789
0.000798695
0.000480446
0.000284781
0.00016639
9.58597e-05
5.44718e-05
3.05401e-05
1.6899e-05
9.23142e-06
4.97986e-06
2.65354e-06
1.39704e-06
7.26904e-07
3.73887e-07
1.90153e-07
9.5646e-08
4.75916e-08
2.3431e-08
1.14166e-08
5.50637e-09
2.62941e-09
1.24338e-09
5.82346e-10
2.70192e-10
1.2421e-10
5.65855e-11
2.55502e-11
