VARIABLEs = X,u
ZONE I=101
datapacking=block
0
0.01
0.02
0.03
0.04
0.05
0.06
0.07
0.08
0.09
0.1
0.11
0.12
0.13
0.14
0.15
0.16
0.17
0.18
0.19
0.2
0.21
0.22
0.23
0.24
0.25
0.26
0.27
0.28
0.29
0.3
0.31
0.32
0.33
0.34
0.35
0.36
0.37
0.38
0.39
0.4
0.41
0.42
0.43
0.44
0.45
0.46
0.47
0.48
0.49
0.5
0.51
0.52
0.53
0.54
0.55
0.56
0.57
0.58
0.59
0.6
0.61
0.62
0.63
0.64
0.65
0.66
0.67
0.68
0.69
0.7
0.71
0.72
0.73
0.74
0.75
0.76
0.77
0.78
0.79
0.8
0.81
0.82
0.83
0.84
0.85
0.86
0.87
0.88
0.89
0.9
0.91
0.92
0.93
0.94
0.95
0.96
0.97
0.98
0.99
1
0
3.68002e-05
0.000380269
0.00201174
0.00726872
0.0201921
0.0460389
0.0898349
0.154486
0.239341
0.339909
0.448859
0.557808
0.659191
0.747577
0.820179
0.876647
0.918411
0.94789
0.967817
0.980751
0.988835
0.993711
0.996556
0.998164
0.999046
0.999516
0.99976
0.999884
0.999945
0.999974
0.999952
0.999615
0.997986
0.99273
0.979807
0.953961
0.910165
0.845514
0.760659
0.660091
0.551141
0.442192
0.340809
0.252423
0.179821
0.123353
0.0815894
0.0521095
0.0321833
0.0192487
0.0111646
0.00628853
0.00344412
0.00183641
0.000954407
0.000484004
0.000239756
0.000116124
5.50444e-05
2.55576e-05
1.16332e-05
5.19507e-06
2.27779e-06
9.81223e-07
4.15562e-07
1.73137e-07
7.10034e-08
2.8678e-08
1.14137e-08
4.47842e-09
1.73322e-09
6.61921e-10
2.49556e-10
9.29219e-11
3.4184e-11
1.24292e-11
4.46818e-12
1.58867e-12
5.58843e-13
1.94551e-13
6.70492e-14
2.28818e-14
7.73467e-15
2.59036e-15
8.59711e-16
2.82828e-16
9.22505e-17
2.98392e-17
9.57347e-18
3.04722e-18
9.62439e-19
3.0169e-19
9.38742e-20
2.90004e-20
8.89623e-21
2.71035e-21
8.20214e-22
2.46592e-22
7.36623e-23
2.18668e-23
