VARIABLEs = X,u
ZONE I=101
datapacking=block
0
0.01
0.02
0.03
0.04
0.05
0.06
0.07
0.08
0.09
0.1
0.11
0.12
0.13
0.14
0.15
0.16
0.17
0.18
0.19
0.2
0.21
0.22
0.23
0.24
0.25
0.26
0.27
0.28
0.29
0.3
0.31
0.32
0.33
0.34
0.35
0.36
0.37
0.38
0.39
0.4
0.41
0.42
0.43
0.44
0.45
0.46
0.47
0.48
0.49
0.5
0.51
0.52
0.53
0.54
0.55
0.56
0.57
0.58
0.59
0.6
0.61
0.62
0.63
0.64
0.65
0.66
0.67
0.68
0.69
0.7
0.71
0.72
0.73
0.74
0.75
0.76
0.77
0.78
0.79
0.8
0.81
0.82
0.83
0.84
0.85
0.86
0.87
0.88
0.89
0.9
0.91
0.92
0.93
0.94
0.95
0.96
0.97
0.98
0.99
1
0
5.25671e-24
2.62835e-22
6.59498e-21
1.10724e-19
1.39931e-18
1.41993e-17
1.2051e-16
8.79875e-16
5.64173e-15
3.22728e-14
1.6676e-13
7.86215e-13
3.4103e-12
1.37048e-11
5.13286e-11
1.80086e-10
5.94523e-10
1.85409e-09
5.48117e-09
1.54079e-08
4.13002e-08
1.05825e-07
2.59806e-07
6.12399e-07
1.38859e-06
3.03412e-06
6.39902e-06
1.30457e-05
2.57457e-05
4.9248e-05
9.14215e-05
0.000164885
0.000289237
0.000493979
0.000822168
0.00133477
0.00211553
0.00327613
0.00496103
0.00735158
0.0106685
0.0151719
0.0211585
0.0289551
0.0389076
0.0513666
0.0666695
0.0851199
0.106966
0.132378
0.161433
0.194096
0.230213
0.26951
0.311597
0.355979
0.402076
0.449248
0.49682
0.544114
0.590468
0.63527
0.67797
0.718097
0.755266
0.789173
0.819596
0.846379
0.869418
0.888647
0.904015
0.915477
0.92298
0.926456
0.92582
0.920981
0.911844
0.898331
0.8804
0.85806
0.831392
0.800566
0.765849
0.727608
0.686312
0.642515
0.596845
0.54998
0.50262
0.455465
0.409184
0.364389
0.321621
0.281327
0.243858
0.209456
0.178265
0.15033
0.12561
0.103995
