VARIABLEs = X,u
ZONE I=101
datapacking=block
0
0.01
0.02
0.03
0.04
0.05
0.06
0.07
0.08
0.09
0.1
0.11
0.12
0.13
0.14
0.15
0.16
0.17
0.18
0.19
0.2
0.21
0.22
0.23
0.24
0.25
0.26
0.27
0.28
0.29
0.3
0.31
0.32
0.33
0.34
0.35
0.36
0.37
0.38
0.39
0.4
0.41
0.42
0.43
0.44
0.45
0.46
0.47
0.48
0.49
0.5
0.51
0.52
0.53
0.54
0.55
0.56
0.57
0.58
0.59
0.6
0.61
0.62
0.63
0.64
0.65
0.66
0.67
0.68
0.69
0.7
0.71
0.72
0.73
0.74
0.75
0.76
0.77
0.78
0.79
0.8
0.81
0.82
0.83
0.84
0.85
0.86
0.87
0.88
0.89
0.9
0.91
0.92
0.93
0.94
0.95
0.96
0.97
0.98
0.99
1
0
1.76046e-24
8.97835e-23
2.29769e-21
3.93415e-20
5.0702e-19
5.24616e-18
4.53972e-17
3.37926e-16
2.20889e-15
1.28803e-14
6.78383e-14
3.25974e-13
1.44098e-12
5.90099e-12
2.25198e-11
8.05012e-11
2.70752e-10
8.60158e-10
2.59017e-09
7.41601e-09
2.02447e-08
5.28254e-08
1.32056e-07
3.16927e-07
7.31603e-07
1.6273e-06
3.49335e-06
7.24847e-06
1.45575e-05
2.83356e-05
5.35188e-05
9.81986e-05
0.000175225
0.00030438
0.000515206
0.000850521
0.00137057
0.00215767
0.00332106
0.00500151
0.00737514
0.0106558
0.0150951
0.0209797
0.0286252
0.0383662
0.0505424
0.0654821
0.0834823
0.104789
0.129575
0.157925
0.18982
0.225124
0.263588
0.304848
0.348441
0.393817
0.440363
0.487428
0.534352
0.580486
0.625222
0.668009
0.708368
0.745897
0.780278
0.811266
0.838684
0.86241
0.882358
0.898464
0.910674
0.91893
0.923164
0.923296
0.919239
0.910908
0.898231
0.881169
0.859735
0.834005
0.80414
0.770393
0.733111
0.69274
0.64981
0.604922
0.558729
0.511912
0.465152
0.419108
0.37439
0.33154
0.291018
0.253185
0.218307
0.186547
0.157975
0.132575
