VARIABLEs = X,u
ZONE I=101
datapacking=block
0
0.01
0.02
0.03
0.04
0.05
0.06
0.07
0.08
0.09
0.1
0.11
0.12
0.13
0.14
0.15
0.16
0.17
0.18
0.19
0.2
0.21
0.22
0.23
0.24
0.25
0.26
0.27
0.28
0.29
0.3
0.31
0.32
0.33
0.34
0.35
0.36
0.37
0.38
0.39
0.4
0.41
0.42
0.43
0.44
0.45
0.46
0.47
0.48
0.49
0.5
0.51
0.52
0.53
0.54
0.55
0.56
0.57
0.58
0.59
0.6
0.61
0.62
0.63
0.64
0.65
0.66
0.67
0.68
0.69
0.7
0.71
0.72
0.73
0.74
0.75
0.76
0.77
0.78
0.79
0.8
0.81
0.82
0.83
0.84
0.85
0.86
0.87
0.88
0.89
0.9
0.91
0.92
0.93
0.94
0.95
0.96
0.97
0.98
0.99
1
0
5.36539e-21
2.34289e-19
5.13706e-18
7.54101e-17
8.33773e-16
7.40626e-15
5.50568e-14
3.52305e-13
1.98098e-12
9.94338e-12
4.51107e-11
1.86845e-10
7.12445e-10
2.51835e-09
8.30155e-09
2.56512e-08
7.46277e-08
2.05232e-07
5.35369e-07
1.32886e-06
3.14727e-06
7.13046e-06
1.54891e-05
3.23276e-05
6.49521e-05
0.000125851
0.000235548
0.000426501
0.000748166
0.00127318
0.00210446
0.00338266
0.0052933
0.00807241
0.0120095
0.0174464
0.0247712
0.0344055
0.0467865
0.062342
0.0814625
0.104469
0.131584
0.162903
0.198374
0.237786
0.280768
0.326799
0.375226
0.425301
0.476209
0.527114
0.5772
0.625702
0.671942
0.715349
0.755473
0.791986
0.824678
0.853435
0.878226
0.89907
0.916011
0.929091
0.938328
0.943701
0.945139
0.942523
0.935699
0.924492
0.908736
0.888305
0.863139
0.83328
0.79889
0.760271
0.717865
0.672248
0.624115
0.574247
0.523482
0.472672
0.422647
0.374175
0.327934
0.284487
0.244267
0.207571
0.174564
0.145285
0.119665
0.0975447
0.0786944
0.062836
0.0496618
0.0388521
0.0300897
0.023071
0.0175146
0.013166
