VARIABLEs = X,u
ZONE I=101
datapacking=block
0
0.01
0.02
0.03
0.04
0.05
0.06
0.07
0.08
0.09
0.1
0.11
0.12
0.13
0.14
0.15
0.16
0.17
0.18
0.19
0.2
0.21
0.22
0.23
0.24
0.25
0.26
0.27
0.28
0.29
0.3
0.31
0.32
0.33
0.34
0.35
0.36
0.37
0.38
0.39
0.4
0.41
0.42
0.43
0.44
0.45
0.46
0.47
0.48
0.49
0.5
0.51
0.52
0.53
0.54
0.55
0.56
0.57
0.58
0.59
0.6
0.61
0.62
0.63
0.64
0.65
0.66
0.67
0.68
0.69
0.7
0.71
0.72
0.73
0.74
0.75
0.76
0.77
0.78
0.79
0.8
0.81
0.82
0.83
0.84
0.85
0.86
0.87
0.88
0.89
0.9
0.91
0.92
0.93
0.94
0.95
0.96
0.97
0.98
0.99
1
0
1.48812e-13
4.16674e-12
5.87436e-11
5.55999e-10
3.97463e-09
2.28911e-08
1.10642e-07
4.61647e-07
1.69748e-06
5.58805e-06
1.66762e-05
4.55725e-05
0.000115004
0.00026989
0.000592568
0.00122358
0.00238702
0.00441733
0.00778238
0.0130956
0.0211097
0.0326857
0.0487342
0.0701322
0.0976227
0.131711
0.172573
0.219993
0.273341
0.331594
0.393408
0.457215
0.521354
0.584198
0.64427
0.700336
0.751471
0.797077
0.836882
0.8709
0.899382
0.92275
0.941529
0.956277
0.967526
0.975724
0.981183
0.984037
0.984216
0.981435
0.975201
0.964859
0.949653
0.928821
0.901707
0.867865
0.827162
0.779843
0.726559
0.668345
0.606556
0.542764
0.478633
0.415795
0.355726
0.299662
0.248528
0.202922
0.163116
0.129094
0.100601
0.0772039
0.0583563
0.0434535
0.0318812
0.0230521
0.0164302
0.0115459
0.00800145
0.0054697
0.00368902
0.00245536
0.00161314
0.00104637
0.000670268
0.000424093
0.000265106
0.000163763
9.99864e-05
6.03515e-05
3.602e-05
2.12616e-05
1.24145e-05
7.17174e-06
4.09983e-06
2.31969e-06
1.29926e-06
7.20506e-07
3.95668e-07
2.15202e-07
