VARIABLEs = X,u
ZONE I=101
datapacking=block
0
0.01
0.02
0.03
0.04
0.05
0.06
0.07
0.08
0.09
0.1
0.11
0.12
0.13
0.14
0.15
0.16
0.17
0.18
0.19
0.2
0.21
0.22
0.23
0.24
0.25
0.26
0.27
0.28
0.29
0.3
0.31
0.32
0.33
0.34
0.35
0.36
0.37
0.38
0.39
0.4
0.41
0.42
0.43
0.44
0.45
0.46
0.47
0.48
0.49
0.5
0.51
0.52
0.53
0.54
0.55
0.56
0.57
0.58
0.59
0.6
0.61
0.62
0.63
0.64
0.65
0.66
0.67
0.68
0.69
0.7
0.71
0.72
0.73
0.74
0.75
0.76
0.77
0.78
0.79
0.8
0.81
0.82
0.83
0.84
0.85
0.86
0.87
0.88
0.89
0.9
0.91
0.92
0.93
0.94
0.95
0.96
0.97
0.98
0.99
1
0
3.21468e-07
4.71486e-06
3.51025e-05
0.000176912
0.000679152
0.00211891
0.00559832
0.0128885
0.0264057
0.0489345
0.083103
0.130732
0.192253
0.266393
0.350242
0.439681
0.530052
0.616879
0.69647
0.766287
0.825049
0.872619
0.909738
0.937711
0.958109
0.972523
0.982409
0.989001
0.993277
0.99598
0.997647
0.998647
0.999207
0.999405
0.999095
0.997761
0.994339
0.987079
0.973578
0.951057
0.916893
0.869266
0.807746
0.733607
0.649758
0.560319
0.469948
0.383121
0.30353
0.233713
0.174951
0.127381
0.0902623
0.0622887
0.0418913
0.0274772
0.0175905
0.0109995
0.0067231
0.00401965
0.00235253
0.00134867
0.000757855
0.000417689
0.00022593
0.000120005
6.26292e-05
3.21322e-05
1.62149e-05
8.05217e-06
3.9368e-06
1.89584e-06
8.99662e-07
4.20878e-07
1.9418e-07
8.8388e-08
3.97083e-08
1.76125e-08
7.71545e-09
3.3392e-09
1.42824e-09
6.03903e-10
2.52503e-10
1.04429e-10
4.27309e-11
1.73041e-11
6.93655e-12
2.75317e-12
1.08223e-12
4.21398e-13
1.62574e-13
6.21565e-14
2.35549e-14
8.84959e-15
3.29679e-15
1.21805e-15
4.46396e-16
1.62305e-16
5.85555e-17
2.09652e-17
