VARIABLEs = X,u
ZONE I=101
datapacking=block
0
0.01
0.02
0.03
0.04
0.05
0.06
0.07
0.08
0.09
0.1
0.11
0.12
0.13
0.14
0.15
0.16
0.17
0.18
0.19
0.2
0.21
0.22
0.23
0.24
0.25
0.26
0.27
0.28
0.29
0.3
0.31
0.32
0.33
0.34
0.35
0.36
0.37
0.38
0.39
0.4
0.41
0.42
0.43
0.44
0.45
0.46
0.47
0.48
0.49
0.5
0.51
0.52
0.53
0.54
0.55
0.56
0.57
0.58
0.59
0.6
0.61
0.62
0.63
0.64
0.65
0.66
0.67
0.68
0.69
0.7
0.71
0.72
0.73
0.74
0.75
0.76
0.77
0.78
0.79
0.8
0.81
0.82
0.83
0.84
0.85
0.86
0.87
0.88
0.89
0.9
0.91
0.92
0.93
0.94
0.95
0.96
0.97
0.98
0.99
1
0
2.55557e-05
0.000272594
0.0014872
0.00553588
0.0158263
0.0370931
0.0743101
0.131022
0.207819
0.301682
0.406495
0.514485
0.617975
0.710851
0.789353
0.852155
0.89991
0.934556
0.958616
0.974656
0.984948
0.99132
0.995133
0.997343
0.998587
0.999267
0.999628
0.999816
0.999911
0.999958
0.999955
0.999718
0.998509
0.994462
0.984173
0.962907
0.92569
0.868978
0.792181
0.698318
0.593505
0.485515
0.382025
0.289149
0.210647
0.147845
0.10009
0.0654436
0.0413838
0.0253439
0.0150516
0.00868025
0.00486707
0.00265652
0.00141309
0.000733353
0.000371696
0.000184169
8.92902e-05
4.23959e-05
1.97303e-05
9.00679e-06
4.036e-06
1.77655e-06
7.68657e-07
3.27104e-07
1.36991e-07
5.64927e-08
2.29517e-08
9.19135e-09
3.62986e-09
1.41431e-09
5.43909e-10
2.06546e-10
7.74789e-11
2.87203e-11
1.05241e-11
3.8135e-12
1.36692e-12
4.84813e-13
1.70196e-13
5.91552e-14
2.0362e-14
6.94301e-15
2.34574e-15
7.85462e-16
2.60724e-16
8.58113e-17
2.80097e-17
9.06903e-18
2.91332e-18
9.28698e-19
2.93831e-19
9.22855e-20
2.87778e-20
8.9113e-21
2.74064e-21
8.37257e-22
2.54111e-22
7.66318e-23
