VARIABLEs = X,u
ZONE I=101
datapacking=block
0
0.01
0.02
0.03
0.04
0.05
0.06
0.07
0.08
0.09
0.1
0.11
0.12
0.13
0.14
0.15
0.16
0.17
0.18
0.19
0.2
0.21
0.22
0.23
0.24
0.25
0.26
0.27
0.28
0.29
0.3
0.31
0.32
0.33
0.34
0.35
0.36
0.37
0.38
0.39
0.4
0.41
0.42
0.43
0.44
0.45
0.46
0.47
0.48
0.49
0.5
0.51
0.52
0.53
0.54
0.55
0.56
0.57
0.58
0.59
0.6
0.61
0.62
0.63
0.64
0.65
0.66
0.67
0.68
0.69
0.7
0.71
0.72
0.73
0.74
0.75
0.76
0.77
0.78
0.79
0.8
0.81
0.82
0.83
0.84
0.85
0.86
0.87
0.88
0.89
0.9
0.91
0.92
0.93
0.94
0.95
0.96
0.97
0.98
0.99
1
0
1.07659e-07
1.68666e-06
1.33976e-05
7.19521e-05
0.000293971
0.00097483
0.00273372
0.00667027
0.0144614
0.0283122
0.0507044
0.0839534
0.129671
0.188283
0.258757
0.338627
0.424322
0.511697
0.596644
0.675631
0.74606
0.806428
0.856278
0.896013
0.926642
0.949512
0.966078
0.977735
0.985715
0.991035
0.994493
0.996685
0.998033
0.998798
0.999065
0.998668
0.997071
0.993225
0.985483
0.971659
0.949281
0.916039
0.870325
0.811715
0.741242
0.661372
0.575678
0.488303
0.403356
0.324369
0.25394
0.193572
0.143722
0.103987
0.0733581
0.0504883
0.0339224
0.0222649
0.0142851
0.00896518
0.00550726
0.00331352
0.00195386
0.00112982
0.000641054
0.000357104
0.00019541
0.000105095
5.55796e-05
2.89176e-05
1.4809e-05
7.46789e-06
3.70996e-06
1.81643e-06
8.76836e-07
4.17479e-07
1.96122e-07
9.09388e-08
4.1634e-08
1.88263e-08
8.41076e-09
3.71357e-09
1.62092e-09
6.9962e-10
2.98685e-10
1.26162e-10
5.27371e-11
2.18213e-11
8.93969e-12
3.62694e-12
1.45757e-12
5.80334e-13
2.28969e-13
8.95386e-14
3.47105e-14
1.33416e-14
5.08546e-15
1.92265e-15
7.21094e-16
2.68333e-16
