VARIABLEs = X,u
ZONE I=101
datapacking=block
0
0.01
0.02
0.03
0.04
0.05
0.06
0.07
0.08
0.09
0.1
0.11
0.12
0.13
0.14
0.15
0.16
0.17
0.18
0.19
0.2
0.21
0.22
0.23
0.24
0.25
0.26
0.27
0.28
0.29
0.3
0.31
0.32
0.33
0.34
0.35
0.36
0.37
0.38
0.39
0.4
0.41
0.42
0.43
0.44
0.45
0.46
0.47
0.48
0.49
0.5
0.51
0.52
0.53
0.54
0.55
0.56
0.57
0.58
0.59
0.6
0.61
0.62
0.63
0.64
0.65
0.66
0.67
0.68
0.69
0.7
0.71
0.72
0.73
0.74
0.75
0.76
0.77
0.78
0.79
0.8
0.81
0.82
0.83
0.84
0.85
0.86
0.87
0.88
0.89
0.9
0.91
0.92
0.93
0.94
0.95
0.96
0.97
0.98
0.99
1
0
2.58747e-21
1.14711e-19
2.55341e-18
3.805e-17
4.27033e-16
3.85008e-15
2.90475e-14
1.88631e-13
1.07632e-12
5.48187e-12
2.52334e-11
1.06035e-10
4.10164e-10
1.47072e-09
4.91751e-09
1.54111e-08
4.54708e-08
1.26809e-07
3.35426e-07
8.44159e-07
2.02696e-06
4.65542e-06
1.02508e-05
2.1685e-05
4.41562e-05
8.67017e-05
0.000164429
0.000301651
0.000536073
0.000924081
0.00154705
0.00251834
0.00399046
0.00616147
0.00927963
0.013645
0.0196071
0.0275565
0.0379116
0.0510988
0.067528
0.0875635
0.111495
0.139508
0.171658
0.207858
0.247861
0.291269
0.33754
0.386014
0.435942
0.486521
0.536935
0.586391
0.634158
0.679587
0.722139
0.76139
0.797036
0.828879
0.856817
0.880816
0.900892
0.917076
0.929397
0.937859
0.942423
0.943011
0.939498
0.931731
0.919548
0.902802
0.881391
0.855288
0.82457
0.789434
0.750212
0.707373
0.661511
0.613328
0.563605
0.513167
0.462848
0.413448
0.365706
0.320266
0.277657
0.238282
0.202411
0.170186
0.141629
0.116661
0.0951152
0.0767609
0.0613221
0.0484958
0.0379692
0.0294326
0.0225907
0.0171701
