VARIABLEs = X,u
ZONE I=101
datapacking=block
0
0.01
0.02
0.03
0.04
0.05
0.06
0.07
0.08
0.09
0.1
0.11
0.12
0.13
0.14
0.15
0.16
0.17
0.18
0.19
0.2
0.21
0.22
0.23
0.24
0.25
0.26
0.27
0.28
0.29
0.3
0.31
0.32
0.33
0.34
0.35
0.36
0.37
0.38
0.39
0.4
0.41
0.42
0.43
0.44
0.45
0.46
0.47
0.48
0.49
0.5
0.51
0.52
0.53
0.54
0.55
0.56
0.57
0.58
0.59
0.6
0.61
0.62
0.63
0.64
0.65
0.66
0.67
0.68
0.69
0.7
0.71
0.72
0.73
0.74
0.75
0.76
0.77
0.78
0.79
0.8
0.81
0.82
0.83
0.84
0.85
0.86
0.87
0.88
0.89
0.9
0.91
0.92
0.93
0.94
0.95
0.96
0.97
0.98
0.99
1
0
3.39079e-17
1.20938e-15
2.16822e-14
2.60532e-13
2.36042e-12
1.71996e-11
1.04998e-10
5.52353e-10
2.55613e-09
1.05712e-08
3.95592e-08
1.35307e-07
4.26541e-07
1.24797e-06
3.40911e-06
8.73993e-06
2.1123e-05
4.83171e-05
0.000104972
0.000217286
0.000429749
0.000814204
0.00148118
0.0025928
0.00437602
0.00713408
0.0112535
0.0172037
0.025527
0.036816
0.0516799
0.0706993
0.0943744
0.123072
0.156974
0.196042
0.239993
0.2883
0.340209
0.39478
0.450943
0.507562
0.563507
0.617717
0.669255
0.717355
0.761439
0.801129
0.83624
0.866749
0.892769
0.914502
0.932195
0.946095
0.956405
0.963247
0.966643
0.966494
0.962588
0.954618
0.942216
0.925
0.902628
0.874862
0.841617
0.803007
0.759372
0.71128
0.659516
0.605042
0.548943
0.492365
0.436447
0.382254
0.330724
0.282625
0.238534
0.198818
0.163653
0.133033
0.106801
0.0846835
0.0663234
0.0513119
0.0392192
0.0296184
0.0221035
0.0163024
0.011885
0.00856569
0.00610386
0.00430121
0.00299768
0.00206658
0.00140948
0.000951197
0.000635258
0.000419916
0.000274772
0.000178009
