VARIABLEs = X,u
ZONE I=101
datapacking=block
0
0.01
0.02
0.03
0.04
0.05
0.06
0.07
0.08
0.09
0.1
0.11
0.12
0.13
0.14
0.15
0.16
0.17
0.18
0.19
0.2
0.21
0.22
0.23
0.24
0.25
0.26
0.27
0.28
0.29
0.3
0.31
0.32
0.33
0.34
0.35
0.36
0.37
0.38
0.39
0.4
0.41
0.42
0.43
0.44
0.45
0.46
0.47
0.48
0.49
0.5
0.51
0.52
0.53
0.54
0.55
0.56
0.57
0.58
0.59
0.6
0.61
0.62
0.63
0.64
0.65
0.66
0.67
0.68
0.69
0.7
0.71
0.72
0.73
0.74
0.75
0.76
0.77
0.78
0.79
0.8
0.81
0.82
0.83
0.84
0.85
0.86
0.87
0.88
0.89
0.9
0.91
0.92
0.93
0.94
0.95
0.96
0.97
0.98
0.99
1
0
6.14205e-19
2.41587e-17
4.77391e-16
6.31905e-15
6.30318e-14
5.05391e-13
3.39302e-12
1.96187e-11
9.97331e-11
4.5283e-10
1.85933e-09
6.97389e-09
2.40934e-08
7.72079e-08
2.30861e-07
6.4743e-07
1.71055e-06
4.27455e-06
1.01385e-05
2.28952e-05
4.93653e-05
0.000101885
0.000201753
0.00038412
0.000704528
0.00124709
0.00213396
0.00353544
0.00567937
0.00885831
0.0134324
0.0198264
0.0285182
0.0400194
0.054847
0.0734873
0.0963563
0.123758
0.155847
0.192598
0.23379
0.279
0.32762
0.378877
0.431882
0.485672
0.539266
0.591719
0.642164
0.689858
0.734198
0.774742
0.811205
0.843447
0.871447
0.895278
0.915065
0.930952
0.943066
0.951487
0.956224
0.957209
0.954289
0.947246
0.935821
0.919745
0.898786
0.872792
0.841727
0.805713
0.765046
0.720205
0.671843
0.620763
0.567879
0.51417
0.46063
0.408211
0.357783
0.310093
0.265736
0.225146
0.188587
0.156165
0.127846
0.103474
0.0828006
0.0655124
0.0512546
0.039655
0.0303431
0.0229647
0.0171929
0.0127343
0.0093323
0.0067677
0.0048572
0.00345046
0.00242644
0.00168934
