VARIABLEs = X,u
ZONE I=101
datapacking=block
0
0.01
0.02
0.03
0.04
0.05
0.06
0.07
0.08
0.09
0.1
0.11
0.12
0.13
0.14
0.15
0.16
0.17
0.18
0.19
0.2
0.21
0.22
0.23
0.24
0.25
0.26
0.27
0.28
0.29
0.3
0.31
0.32
0.33
0.34
0.35
0.36
0.37
0.38
0.39
0.4
0.41
0.42
0.43
0.44
0.45
0.46
0.47
0.48
0.49
0.5
0.51
0.52
0.53
0.54
0.55
0.56
0.57
0.58
0.59
0.6
0.61
0.62
0.63
0.64
0.65
0.66
0.67
0.68
0.69
0.7
0.71
0.72
0.73
0.74
0.75
0.76
0.77
0.78
0.79
0.8
0.81
0.82
0.83
0.84
0.85
0.86
0.87
0.88
0.89
0.9
0.91
0.92
0.93
0.94
0.95
0.96
0.97
0.98
0.99
1
0
0.0540879
0.198322
0.402654
0.606986
0.768749
0.876591
0.939499
0.972451
0.98824
0.995257
0.998181
0.999333
0.999765
0.99992
0.999974
0.999992
0.999997
0.999999
1
1
1
1
1
1
1
1
1
1
1
1
0.945912
0.801678
0.597346
0.393014
0.231251
0.123409
0.0605011
0.0275494
0.01176
0.00474255
0.0018186
0.000666736
0.000234788
7.973e-05
2.6198e-05
8.35402e-06
2.5919e-06
7.84175e-07
2.31815e-07
6.70755e-08
1.90266e-08
5.2983e-09
1.45023e-09
3.90618e-10
1.03639e-10
2.71117e-11
6.99863e-12
1.78414e-12
4.49479e-13
1.11979e-13
2.76034e-14
6.73646e-15
1.6284e-15
3.90079e-16
9.26395e-17
2.18206e-17
5.09952e-18
1.18286e-18
2.7241e-19
6.23062e-20
1.41573e-20
3.19663e-21
7.17417e-22
1.60075e-22
3.55179e-23
7.8385e-24
1.72095e-24
3.75952e-25
8.17347e-26
1.76873e-26
3.81039e-27
8.17323e-28
1.74582e-28
3.71401e-29
7.87019e-30
1.66141e-30
3.4944e-31
7.3235e-32
1.52955e-32
3.18384e-33
6.6058e-34
1.36624e-34
2.81704e-35
5.79112e-36
1.18706e-36
2.42637e-37
4.94593e-38
1.00549e-38
2.03881e-39
4.12358e-40
