VARIABLEs = X,u
ZONE I=101
datapacking=block
0
0.01
0.02
0.03
0.04
0.05
0.06
0.07
0.08
0.09
0.1
0.11
0.12
0.13
0.14
0.15
0.16
0.17
0.18
0.19
0.2
0.21
0.22
0.23
0.24
0.25
0.26
0.27
0.28
0.29
0.3
0.31
0.32
0.33
0.34
0.35
0.36
0.37
0.38
0.39
0.4
0.41
0.42
0.43
0.44
0.45
0.46
0.47
0.48
0.49
0.5
0.51
0.52
0.53
0.54
0.55
0.56
0.57
0.58
0.59
0.6
0.61
0.62
0.63
0.64
0.65
0.66
0.67
0.68
0.69
0.7
0.71
0.72
0.73
0.74
0.75
0.76
0.77
0.78
0.79
0.8
0.81
0.82
0.83
0.84
0.85
0.86
0.87
0.88
0.89
0.9
0.91
0.92
0.93
0.94
0.95
0.96
0.97
0.98
0.99
1
0
1.13557e-17
4.16375e-16
7.67297e-15
9.47522e-14
8.82093e-13
6.60344e-12
4.14083e-11
2.23719e-10
1.06311e-09
4.51394e-09
1.73395e-08
6.08687e-08
1.96898e-07
5.91032e-07
1.65614e-06
4.35439e-06
1.07909e-05
2.53045e-05
5.63475e-05
0.000119523
0.000242188
0.000469995
0.000875561
0.00156914
0.00271065
0.00452184
0.00729669
0.0114076
0.0173047
0.0255065
0.0365789
0.0511041
0.0696387
0.0926666
0.120548
0.153476
0.191433
0.234178
0.281235
0.331912
0.385334
0.440493
0.496309
0.551691
0.605605
0.657121
0.705459
0.750019
0.790382
0.826317
0.857753
0.884752
0.907472
0.926122
0.940921
0.952056
0.959645
0.963717
0.964191
0.960886
0.953526
0.94178
0.9253
0.903773
0.876973
0.844818
0.807403
0.765037
0.718241
0.667741
0.614439
0.55936
0.503597
0.448248
0.394355
0.342851
0.294515
0.249947
0.209556
0.17356
0.142003
0.114777
0.0916521
0.0723086
0.056368
0.0434223
0.033058
0.0248757
0.0185038
0.0136078
0.00989508
0.00711559
0.00506086
0.00356059
0.00247835
0.00170691
0.0011634
0.000784835
0.000524107
0.000346509
