VARIABLEs = X,u
ZONE I=101
datapacking=block
0
0.01
0.02
0.03
0.04
0.05
0.06
0.07
0.08
0.09
0.1
0.11
0.12
0.13
0.14
0.15
0.16
0.17
0.18
0.19
0.2
0.21
0.22
0.23
0.24
0.25
0.26
0.27
0.28
0.29
0.3
0.31
0.32
0.33
0.34
0.35
0.36
0.37
0.38
0.39
0.4
0.41
0.42
0.43
0.44
0.45
0.46
0.47
0.48
0.49
0.5
0.51
0.52
0.53
0.54
0.55
0.56
0.57
0.58
0.59
0.6
0.61
0.62
0.63
0.64
0.65
0.66
0.67
0.68
0.69
0.7
0.71
0.72
0.73
0.74
0.75
0.76
0.77
0.78
0.79
0.8
0.81
0.82
0.83
0.84
0.85
0.86
0.87
0.88
0.89
0.9
0.91
0.92
0.93
0.94
0.95
0.96
0.97
0.98
0.99
1
0
6.39865e-13
1.70631e-11
2.29196e-10
2.06768e-09
1.40944e-08
7.74354e-08
3.57191e-07
1.42293e-06
4.99758e-06
1.57216e-05
4.4855e-05
0.000117247
0.000283146
0.000636213
0.00133814
0.00264841
0.00495503
0.0087994
0.0148863
0.0240701
0.03731
0.0555937
0.0798335
0.110748
0.148747
0.193839
0.24558
0.303069
0.365007
0.429793
0.495658
0.560815
0.623597
0.682574
0.736636
0.785034
0.827382
0.863626
0.893985
0.918887
0.938892
0.954619
0.966678
0.975613
0.981841
0.985614
0.986971
0.985726
0.981453
0.973515
0.961119
0.943397
0.919527
0.888852
0.851005
0.80601
0.754329
0.696877
0.634961
0.570189
0.504331
0.439178
0.376399
0.317424
0.263363
0.214965
0.172617
0.136373
0.10601
0.0810975
0.0610634
0.0452642
0.0330386
0.023751
0.0168204
0.011738
0.0080735
0.00547457
0.00366073
0.00241448
0.00157119
0.001009
0.000639609
0.000400319
0.000247439
0.000151078
9.11393e-05
5.43348e-05
3.20195e-05
1.86555e-05
1.07484e-05
6.12519e-06
3.45316e-06
1.92628e-06
1.06344e-06
5.81133e-07
3.14402e-07
1.6843e-07
8.93622e-08
4.69633e-08
