VARIABLEs = X,u
ZONE I=101
datapacking=block
0
0.01
0.02
0.03
0.04
0.05
0.06
0.07
0.08
0.09
0.1
0.11
0.12
0.13
0.14
0.15
0.16
0.17
0.18
0.19
0.2
0.21
0.22
0.23
0.24
0.25
0.26
0.27
0.28
0.29
0.3
0.31
0.32
0.33
0.34
0.35
0.36
0.37
0.38
0.39
0.4
0.41
0.42
0.43
0.44
0.45
0.46
0.47
0.48
0.49
0.5
0.51
0.52
0.53
0.54
0.55
0.56
0.57
0.58
0.59
0.6
0.61
0.62
0.63
0.64
0.65
0.66
0.67
0.68
0.69
0.7
0.71
0.72
0.73
0.74
0.75
0.76
0.77
0.78
0.79
0.8
0.81
0.82
0.83
0.84
0.85
0.86
0.87
0.88
0.89
0.9
0.91
0.92
0.93
0.94
0.95
0.96
0.97
0.98
0.99
1
0
0.000472485
0.00377988
0.0156314
0.0446017
0.098921
0.182211
0.29095
0.415223
0.542086
0.659551
0.759396
0.838063
0.89597
0.936059
0.962308
0.978641
0.988338
0.993853
0.996865
0.998451
0.999257
0.999653
0.999842
0.99993
0.99997
0.999987
0.999995
0.999998
0.999999
1
0.999527
0.99622
0.984369
0.955398
0.901079
0.817789
0.70905
0.584777
0.457914
0.340449
0.240604
0.161937
0.10403
0.063941
0.037692
0.0213592
0.0116617
0.00614737
0.00313493
0.00154944
0.000743475
0.000346891
0.000157612
6.9831e-05
3.02075e-05
1.27731e-05
5.28528e-06
2.14223e-06
8.51342e-07
3.32018e-07
1.27173e-07
4.78786e-08
1.77301e-08
6.46244e-09
2.31994e-09
8.20743e-10
2.86309e-10
9.85342e-11
3.34721e-11
1.12286e-11
3.72144e-12
1.21905e-12
3.94848e-13
1.26503e-13
4.01047e-14
1.25852e-14
3.9105e-15
1.20352e-15
3.66983e-16
1.10901e-16
3.32231e-17
9.86892e-18
2.90757e-18
8.49818e-19
2.46463e-19
7.09421e-20
2.02708e-20
5.75092e-21
1.62027e-21
4.53418e-22
1.26052e-22
3.48185e-23
9.55769e-24
2.60762e-24
7.07214e-25
1.90692e-25
5.11274e-26
1.36323e-26
3.61524e-27
9.53696e-28
