VARIABLEs = X,u
ZONE I=101
datapacking=block
0
0.01
0.02
0.03
0.04
0.05
0.06
0.07
0.08
0.09
0.1
0.11
0.12
0.13
0.14
0.15
0.16
0.17
0.18
0.19
0.2
0.21
0.22
0.23
0.24
0.25
0.26
0.27
0.28
0.29
0.3
0.31
0.32
0.33
0.34
0.35
0.36
0.37
0.38
0.39
0.4
0.41
0.42
0.43
0.44
0.45
0.46
0.47
0.48
0.49
0.5
0.51
0.52
0.53
0.54
0.55
0.56
0.57
0.58
0.59
0.6
0.61
0.62
0.63
0.64
0.65
0.66
0.67
0.68
0.69
0.7
0.71
0.72
0.73
0.74
0.75
0.76
0.77
0.78
0.79
0.8
0.81
0.82
0.83
0.84
0.85
0.86
0.87
0.88
0.89
0.9
0.91
0.92
0.93
0.94
0.95
0.96
0.97
0.98
0.99
1
0
6.88872e-20
2.84734e-18
5.91109e-17
8.21795e-16
8.60753e-15
7.24506e-14
5.10485e-13
3.09697e-12
1.65144e-11
7.8632e-11
3.38491e-10
1.33068e-09
4.81712e-09
1.61704e-08
5.06357e-08
1.4867e-07
4.11117e-07
1.07495e-06
2.66693e-06
6.29776e-06
1.41948e-05
3.06156e-05
6.33329e-05
0.000125922
0.000241105
0.000445361
0.000794954
0.00137329
0.00229932
0.00373627
0.00589966
0.00906334
0.0135617
0.0197867
0.0281782
0.0392071
0.0533506
0.0710619
0.0927349
0.118668
0.149032
0.183839
0.222929
0.265957
0.312408
0.361611
0.412776
0.465029
0.517462
0.569179
0.619341
0.667199
0.712125
0.753629
0.791359
0.825101
0.854757
0.880325
0.901863
0.919463
0.933217
0.943188
0.949387
0.951766
0.950208
0.944541
0.934554
0.920027
0.900766
0.876639
0.847612
0.813785
0.775405
0.732885
0.686795
0.637845
0.586857
0.534725
0.482372
0.430707
0.380575
0.332725
0.287782
0.246227
0.208388
0.174446
0.144443
0.118299
0.0958363
0.0767995
0.0608825
0.0477487
0.037051
0.0284475
0.021614
0.0162523
0.0120956
0.00891086
0.0064989
0.00469284
