VARIABLEs = X,u
ZONE I=101
datapacking=block
0
0.01
0.02
0.03
0.04
0.05
0.06
0.07
0.08
0.09
0.1
0.11
0.12
0.13
0.14
0.15
0.16
0.17
0.18
0.19
0.2
0.21
0.22
0.23
0.24
0.25
0.26
0.27
0.28
0.29
0.3
0.31
0.32
0.33
0.34
0.35
0.36
0.37
0.38
0.39
0.4
0.41
0.42
0.43
0.44
0.45
0.46
0.47
0.48
0.49
0.5
0.51
0.52
0.53
0.54
0.55
0.56
0.57
0.58
0.59
0.6
0.61
0.62
0.63
0.64
0.65
0.66
0.67
0.68
0.69
0.7
0.71
0.72
0.73
0.74
0.75
0.76
0.77
0.78
0.79
0.8
0.81
0.82
0.83
0.84
0.85
0.86
0.87
0.88
0.89
0.9
0.91
0.92
0.93
0.94
0.95
0.96
0.97
0.98
0.99
1
0
0.112157
0.33647
0.579476
0.768481
0.886609
0.94961
0.979361
0.992111
0.997158
0.999028
0.999682
0.9999
0.99997
0.999991
0.999997
0.999999
1
1
1
1
1
1
1
1
1
1
1
1
1
1
0.887843
0.66353
0.420524
0.231519
0.113391
0.0503897
0.0206389
0.00788862
0.00284162
0.000972356
0.000318115
0.000100035
3.03701e-05
8.93488e-06
2.55534e-06
7.12363e-07
1.94026e-07
5.17373e-08
1.35301e-08
3.4756e-09
8.78187e-10
2.18526e-10
5.36109e-11
1.29796e-11
3.10389e-12
7.33733e-13
1.7158e-13
3.97171e-14
9.10601e-15
2.06898e-15
4.66099e-16
1.04158e-16
2.30987e-17
5.08542e-18
1.11191e-18
2.41526e-19
5.21366e-20
1.11874e-20
2.38697e-21
5.06522e-22
1.06927e-22
2.24602e-23
4.69529e-24
9.77058e-25
2.02426e-25
4.17612e-26
8.58051e-27
1.75611e-27
3.58057e-28
7.27401e-29
1.47256e-29
2.97098e-30
5.97458e-31
1.19769e-31
2.39361e-32
4.76959e-33
9.4769e-34
1.8778e-34
3.71078e-35
7.31397e-36
1.43795e-36
2.82016e-37
5.51785e-38
1.07712e-38
2.0979e-39
4.07716e-40
7.90699e-41
1.53027e-41
2.95567e-42
5.69764e-43
