VARIABLEs = X,u
ZONE I=101
datapacking=block
0
0.01
0.02
0.03
0.04
0.05
0.06
0.07
0.08
0.09
0.1
0.11
0.12
0.13
0.14
0.15
0.16
0.17
0.18
0.19
0.2
0.21
0.22
0.23
0.24
0.25
0.26
0.27
0.28
0.29
0.3
0.31
0.32
0.33
0.34
0.35
0.36
0.37
0.38
0.39
0.4
0.41
0.42
0.43
0.44
0.45
0.46
0.47
0.48
0.49
0.5
0.51
0.52
0.53
0.54
0.55
0.56
0.57
0.58
0.59
0.6
0.61
0.62
0.63
0.64
0.65
0.66
0.67
0.68
0.69
0.7
0.71
0.72
0.73
0.74
0.75
0.76
0.77
0.78
0.79
0.8
0.81
0.82
0.83
0.84
0.85
0.86
0.87
0.88
0.89
0.9
0.91
0.92
0.93
0.94
0.95
0.96
0.97
0.98
0.99
1
0
0.0029255
0.0185282
0.0614355
0.142483
0.260677
0.402509
0.548281
0.680171
0.787331
0.866709
0.92095
0.955467
0.976082
0.987711
0.99394
0.997124
0.998683
0.999417
0.99975
0.999896
0.999958
0.999983
0.999994
0.999998
0.999999
1
1
1
1
1
0.997074
0.981472
0.938564
0.857517
0.739323
0.597491
0.451719
0.319829
0.212669
0.133291
0.0790499
0.0445325
0.023918
0.0122893
0.00605967
0.00287562
0.00131677
0.000583187
0.000250359
0.000104382
4.23418e-05
1.67379e-05
6.4575e-06
2.43475e-06
8.98285e-07
3.2467e-07
1.1508e-07
4.00421e-08
1.36894e-08
4.6022e-09
1.52267e-09
4.96153e-10
1.59329e-10
5.04564e-11
1.57666e-11
4.86408e-12
1.48228e-12
4.46419e-13
1.32933e-13
3.91555e-14
1.1413e-14
3.2932e-15
9.41042e-16
2.66392e-16
7.47306e-17
2.07813e-17
5.73025e-18
1.56719e-18
4.25237e-19
1.14502e-19
3.06035e-20
8.12093e-21
2.13999e-21
5.60117e-22
1.45645e-22
3.76306e-23
9.6627e-24
2.46628e-24
6.25812e-25
1.57897e-25
3.96186e-26
9.88745e-27
2.45465e-27
6.06282e-28
1.49003e-28
3.64426e-29
8.87087e-30
2.1494e-30
5.18455e-31
1.24508e-31
