VARIABLEs = X,u
ZONE I=101
datapacking=block
0
0.01
0.02
0.03
0.04
0.05
0.06
0.07
0.08
0.09
0.1
0.11
0.12
0.13
0.14
0.15
0.16
0.17
0.18
0.19
0.2
0.21
0.22
0.23
0.24
0.25
0.26
0.27
0.28
0.29
0.3
0.31
0.32
0.33
0.34
0.35
0.36
0.37
0.38
0.39
0.4
0.41
0.42
0.43
0.44
0.45
0.46
0.47
0.48
0.49
0.5
0.51
0.52
0.53
0.54
0.55
0.56
0.57
0.58
0.59
0.6
0.61
0.62
0.63
0.64
0.65
0.66
0.67
0.68
0.69
0.7
0.71
0.72
0.73
0.74
0.75
0.76
0.77
0.78
0.79
0.8
0.81
0.82
0.83
0.84
0.85
0.86
0.87
0.88
0.89
0.9
0.91
0.92
0.93
0.94
0.95
0.96
0.97
0.98
0.99
1
0
3.803e-18
1.43246e-16
2.71132e-15
3.43843e-14
3.28679e-13
2.52608e-12
1.62598e-11
9.01605e-11
4.39649e-10
1.91527e-09
7.54721e-09
2.71737e-08
9.01419e-08
2.77432e-07
7.96939e-07
2.14766e-06
5.45411e-06
1.31043e-05
2.98923e-05
6.49408e-05
0.000134746
0.000267708
0.000510464
0.000936168
0.00165454
0.0028231
0.00465833
0.00744516
0.0115425
0.0173823
0.0254608
0.0363189
0.0505136
0.0685796
0.0909851
0.118085
0.150078
0.186971
0.228556
0.274406
0.323886
0.376183
0.430346
0.48535
0.540145
0.593721
0.64516
0.693676
0.738644
0.779616
0.816316
0.848627
0.876565
0.900243
0.919835
0.935529
0.947496
0.955847
0.960616
0.961738
0.959056
0.952326
0.941249
0.925509
0.904818
0.878967
0.847873
0.811619
0.770484
0.724946
0.675681
0.623531
0.569466
0.514528
0.459776
0.406227
0.354803
0.306292
0.261314
0.220311
0.183544
0.151102
0.122923
0.0988198
0.0785104
0.0616473
0.0478456
0.0367074
0.0278416
0.0208792
0.0154833
0.0113553
0.00823713
0.00591086
0.00419644
0.002948
0.00204949
0.00141026
0.000960605
0.0006478
