VARIABLEs = X,u
ZONE I=101
datapacking=block
0
0.01
0.02
0.03
0.04
0.05
0.06
0.07
0.08
0.09
0.1
0.11
0.12
0.13
0.14
0.15
0.16
0.17
0.18
0.19
0.2
0.21
0.22
0.23
0.24
0.25
0.26
0.27
0.28
0.29
0.3
0.31
0.32
0.33
0.34
0.35
0.36
0.37
0.38
0.39
0.4
0.41
0.42
0.43
0.44
0.45
0.46
0.47
0.48
0.49
0.5
0.51
0.52
0.53
0.54
0.55
0.56
0.57
0.58
0.59
0.6
0.61
0.62
0.63
0.64
0.65
0.66
0.67
0.68
0.69
0.7
0.71
0.72
0.73
0.74
0.75
0.76
0.77
0.78
0.79
0.8
0.81
0.82
0.83
0.84
0.85
0.86
0.87
0.88
0.89
0.9
0.91
0.92
0.93
0.94
0.95
0.96
0.97
0.98
0.99
1
0
4.04378e-09
7.5484e-08
7.12492e-07
4.53454e-06
2.1893e-05
8.55408e-05
0.000281788
0.000805114
0.00203711
0.00463799
0.00962301
0.0183846
0.0326221
0.0541609
0.0846742
0.125359
0.176638
0.237972
0.307825
0.383805
0.462951
0.542097
0.618245
0.688875
0.752148
0.806984
0.853033
0.890554
0.920258
0.943134
0.96029
0.972835
0.981786
0.98802
0.992254
0.995024
0.996678
0.997338
0.996848
0.994704
0.989995
0.981397
0.967255
0.945771
0.915289
0.874621
0.823351
0.762022
0.692172
0.616193
0.537048
0.457903
0.381755
0.311125
0.247852
0.193015
0.146967
0.109446
0.0797418
0.0568662
0.0397095
0.0271648
0.0182137
0.011975
0.00772411
0.0048902
0.00304029
0.00185701
0.00111486
0.000658158
0.000382232
0.000218472
0.000122945
6.81463e-05
3.72184e-05
2.00362e-05
1.06359e-05
5.56898e-06
2.8772e-06
1.46722e-06
7.3873e-07
3.67343e-07
1.80459e-07
8.76051e-08
4.20377e-08
1.99445e-08
9.35814e-09
4.34356e-09
1.99477e-09
9.06633e-10
4.07903e-10
1.81703e-10
8.01561e-11
3.50242e-11
1.51615e-11
6.50336e-12
2.76462e-12
1.16497e-12
4.86683e-13
2.01607e-13
