VARIABLEs = X,u
ZONE I=101
datapacking=block
0
0.01
0.02
0.03
0.04
0.05
0.06
0.07
0.08
0.09
0.1
0.11
0.12
0.13
0.14
0.15
0.16
0.17
0.18
0.19
0.2
0.21
0.22
0.23
0.24
0.25
0.26
0.27
0.28
0.29
0.3
0.31
0.32
0.33
0.34
0.35
0.36
0.37
0.38
0.39
0.4
0.41
0.42
0.43
0.44
0.45
0.46
0.47
0.48
0.49
0.5
0.51
0.52
0.53
0.54
0.55
0.56
0.57
0.58
0.59
0.6
0.61
0.62
0.63
0.64
0.65
0.66
0.67
0.68
0.69
0.7
0.71
0.72
0.73
0.74
0.75
0.76
0.77
0.78
0.79
0.8
0.81
0.82
0.83
0.84
0.85
0.86
0.87
0.88
0.89
0.9
0.91
0.92
0.93
0.94
0.95
0.96
0.97
0.98
0.99
1
0
3.46089e-14
1.0152e-12
1.49886e-11
1.48512e-10
1.11099e-09
6.69337e-09
3.38299e-08
1.47545e-07
5.6687e-07
1.94909e-06
6.07271e-06
1.73189e-05
4.55907e-05
0.000111558
0.000255273
0.00054909
0.0011153
0.0021478
0.00393556
0.00688378
0.0115272
0.0185293
0.028661
0.0427574
0.0616504
0.0860853
0.116629
0.153583
0.196916
0.246226
0.300741
0.35936
0.420726
0.483331
0.54563
0.606149
0.663586
0.716883
0.765271
0.808282
0.845734
0.877697
0.904441
0.926375
0.94398
0.957754
0.968147
0.975508
0.980045
0.981787
0.980567
0.976026
0.967638
0.954758
0.936703
0.912837
0.882674
0.845971
0.802802
0.753598
0.69915
0.640574
0.579234
0.516645
0.454356
0.393843
0.336409
0.283114
0.234727
0.191716
0.15426
0.122285
0.0955128
0.0735137
0.0557645
0.0416965
0.0307378
0.0223439
0.0160193
0.0113296
0.00790616
0.00544485
0.00370142
0.00248432
0.00164661
0.00107799
0.000697219
0.000445597
0.000281464
0.000175751
0.000108506
6.62487e-05
4.00079e-05
2.39025e-05
1.41302e-05
8.26685e-06
4.78732e-06
2.74461e-06
1.55803e-06
8.75897e-07
