VARIABLEs = X,u
ZONE I=101
datapacking=block
0
0.01
0.02
0.03
0.04
0.05
0.06
0.07
0.08
0.09
0.1
0.11
0.12
0.13
0.14
0.15
0.16
0.17
0.18
0.19
0.2
0.21
0.22
0.23
0.24
0.25
0.26
0.27
0.28
0.29
0.3
0.31
0.32
0.33
0.34
0.35
0.36
0.37
0.38
0.39
0.4
0.41
0.42
0.43
0.44
0.45
0.46
0.47
0.48
0.49
0.5
0.51
0.52
0.53
0.54
0.55
0.56
0.57
0.58
0.59
0.6
0.61
0.62
0.63
0.64
0.65
0.66
0.67
0.68
0.69
0.7
0.71
0.72
0.73
0.74
0.75
0.76
0.77
0.78
0.79
0.8
0.81
0.82
0.83
0.84
0.85
0.86
0.87
0.88
0.89
0.9
0.91
0.92
0.93
0.94
0.95
0.96
0.97
0.98
0.99
1
0
1.66903e-14
5.00708e-13
7.5593e-12
7.65766e-11
5.85579e-10
3.60566e-09
1.86222e-08
8.29787e-08
3.25657e-07
1.14357e-06
3.63821e-06
1.0593e-05
2.84628e-05
7.10755e-05
0.000165939
0.0003641
0.000754228
0.00148094
0.00276614
0.00493068
0.00841199
0.0137721
0.0216904
0.0329368
0.0483224
0.0686315
0.0945385
0.126522
0.164789
0.209213
0.259314
0.314264
0.372933
0.433974
0.495912
0.55726
0.61662
0.672771
0.724735
0.771814
0.813594
0.849934
0.880927
0.906847
0.928093
0.945125
0.958407
0.968346
0.975246
0.979261
0.980374
0.978377
0.972884
0.963361
0.949183
0.929708
0.90437
0.872768
0.834755
0.790497
0.740504
0.685624
0.626997
0.565984
0.504063
0.442725
0.383371
0.327224
0.275261
0.228184
0.186402
0.150055
0.119044
0.0930816
0.0717413
0.0545109
0.040839
0.030173
0.0219883
0.015808
0.011214
0.00785101
0.00542581
0.00370224
0.00249468
0.00166037
0.00109174
0.000709331
0.00045549
0.000289131
0.00018146
0.000112621
6.91342e-05
4.19836e-05
2.52266e-05
1.50006e-05
8.82876e-06
5.14411e-06
2.96763e-06
1.6954e-06
