VARIABLEs = X,u
ZONE I=101
datapacking=block
0
0.01
0.02
0.03
0.04
0.05
0.06
0.07
0.08
0.09
0.1
0.11
0.12
0.13
0.14
0.15
0.16
0.17
0.18
0.19
0.2
0.21
0.22
0.23
0.24
0.25
0.26
0.27
0.28
0.29
0.3
0.31
0.32
0.33
0.34
0.35
0.36
0.37
0.38
0.39
0.4
0.41
0.42
0.43
0.44
0.45
0.46
0.47
0.48
0.49
0.5
0.51
0.52
0.53
0.54
0.55
0.56
0.57
0.58
0.59
0.6
0.61
0.62
0.63
0.64
0.65
0.66
0.67
0.68
0.69
0.7
0.71
0.72
0.73
0.74
0.75
0.76
0.77
0.78
0.79
0.8
0.81
0.82
0.83
0.84
0.85
0.86
0.87
0.88
0.89
0.9
0.91
0.92
0.93
0.94
0.95
0.96
0.97
0.98
0.99
1
0
0.0260841
0.113031
0.265188
0.451158
0.629378
0.771955
0.870967
0.93226
0.966737
0.984614
0.993255
0.997182
0.998873
0.999567
0.999839
0.999942
0.99998
0.999993
0.999998
0.999999
1
1
1
1
1
1
1
1
1
1
0.973916
0.886969
0.734812
0.548842
0.370622
0.228045
0.129033
0.0677403
0.0332631
0.015386
0.00674539
0.00281784
0.00112682
0.000433064
0.000160518
5.75562e-05
2.0018e-05
6.76919e-06
2.23026e-06
7.1728e-07
2.25562e-07
6.94611e-08
2.09752e-08
6.2186e-09
1.81212e-09
5.19556e-10
1.467e-10
4.08272e-11
1.12081e-11
3.0373e-12
8.13028e-13
2.15106e-13
5.62824e-14
1.45713e-14
3.73456e-15
9.47972e-16
2.38425e-16
5.94404e-17
1.46942e-17
3.60328e-18
8.76754e-19
2.11749e-19
5.07754e-20
1.20919e-20
2.86058e-21
6.72419e-22
1.57091e-22
3.64824e-23
8.42414e-24
1.93447e-24
4.41852e-25
1.00402e-25
2.27005e-26
5.10768e-27
1.14386e-27
2.55004e-28
5.65986e-29
1.25086e-29
2.753e-30
6.03469e-31
1.31766e-31
2.86616e-32
6.21142e-33
1.34128e-33
2.88623e-34
6.18959e-35
1.32298e-35
2.81867e-36
5.98643e-37
1.26754e-37
