VARIABLEs = X,u
ZONE I=101
datapacking=block
0
0.01
0.02
0.03
0.04
0.05
0.06
0.07
0.08
0.09
0.1
0.11
0.12
0.13
0.14
0.15
0.16
0.17
0.18
0.19
0.2
0.21
0.22
0.23
0.24
0.25
0.26
0.27
0.28
0.29
0.3
0.31
0.32
0.33
0.34
0.35
0.36
0.37
0.38
0.39
0.4
0.41
0.42
0.43
0.44
0.45
0.46
0.47
0.48
0.49
0.5
0.51
0.52
0.53
0.54
0.55
0.56
0.57
0.58
0.59
0.6
0.61
0.62
0.63
0.64
0.65
0.66
0.67
0.68
0.69
0.7
0.71
0.72
0.73
0.74
0.75
0.76
0.77
0.78
0.79
0.8
0.81
0.82
0.83
0.84
0.85
0.86
0.87
0.88
0.89
0.9
0.91
0.92
0.93
0.94
0.95
0.96
0.97
0.98
0.99
1
0
0.0020316
0.013544
0.0471218
0.114277
0.217809
0.348949
0.491017
0.62632
0.741892
0.83178
0.896201
0.939148
0.965989
0.981819
0.990676
0.9954
0.997811
0.998993
0.999551
0.999806
0.999918
0.999967
0.999987
0.999995
0.999998
0.999999
1
1
1
1
0.997968
0.986456
0.952878
0.885723
0.782191
0.651051
0.508983
0.37368
0.258108
0.16822
0.103799
0.0608524
0.0340106
0.0181808
0.00932362
0.00459981
0.0021887
0.00100679
0.000448659
0.000194074
8.16327e-05
3.34435e-05
1.33646e-05
5.21669e-06
1.99147e-06
7.4438e-07
2.72725e-07
9.80382e-08
3.46102e-08
1.20094e-08
4.09915e-09
1.37734e-09
4.55893e-10
1.48744e-10
4.78667e-11
1.52016e-11
4.76694e-12
1.47672e-12
4.52141e-13
1.36885e-13
4.09945e-14
1.21494e-14
3.56457e-15
1.0357e-15
2.98114e-16
8.50334e-17
2.40428e-17
6.74057e-18
1.8743e-18
5.17045e-19
1.41537e-19
3.84561e-20
1.03732e-20
2.77849e-21
7.39159e-22
1.95339e-22
5.12909e-23
1.33836e-23
3.47104e-24
8.94897e-25
2.29394e-25
5.84728e-26
1.48235e-26
3.73795e-27
9.37694e-28
2.3404e-28
5.81266e-29
1.43671e-29
3.53443e-30
8.65523e-31
