VARIABLEs = X,u
ZONE I=101
datapacking=block
0
0.01
0.02
0.03
0.04
0.05
0.06
0.07
0.08
0.09
0.1
0.11
0.12
0.13
0.14
0.15
0.16
0.17
0.18
0.19
0.2
0.21
0.22
0.23
0.24
0.25
0.26
0.27
0.28
0.29
0.3
0.31
0.32
0.33
0.34
0.35
0.36
0.37
0.38
0.39
0.4
0.41
0.42
0.43
0.44
0.45
0.46
0.47
0.48
0.49
0.5
0.51
0.52
0.53
0.54
0.55
0.56
0.57
0.58
0.59
0.6
0.61
0.62
0.63
0.64
0.65
0.66
0.67
0.68
0.69
0.7
0.71
0.72
0.73
0.74
0.75
0.76
0.77
0.78
0.79
0.8
0.81
0.82
0.83
0.84
0.85
0.86
0.87
0.88
0.89
0.9
0.91
0.92
0.93
0.94
0.95
0.96
0.97
0.98
0.99
1
0
1.35425e-09
2.66337e-08
2.64682e-07
1.77232e-06
8.99641e-06
3.69296e-05
0.000127712
0.000382769
0.0010151
0.00242027
0.00525403
0.0104922
0.0194407
0.0336666
0.0548361
0.0844733
0.123681
0.172883
0.231651
0.298668
0.371828
0.448472
0.525697
0.600683
0.670983
0.734721
0.790696
0.838379
0.877831
0.909574
0.934439
0.953422
0.96756
0.977841
0.985142
0.990196
0.993563
0.995613
0.996488
0.996048
0.993822
0.988959
0.980239
0.966149
0.945059
0.915468
0.876287
0.8271
0.768339
0.701327
0.628169
0.551526
0.474302
0.399316
0.329017
0.265279
0.209304
0.161621
0.122169
0.0904265
0.0655613
0.0465782
0.0324398
0.0221573
0.0148486
0.00976738
0.00630931
0.00400393
0.00249735
0.00153159
0.000923963
0.000548521
0.000320573
0.000184512
0.000104627
5.84715e-05
3.22163e-05
1.7506e-05
9.38464e-06
4.96487e-06
2.59293e-06
1.33719e-06
6.81149e-07
3.42813e-07
1.70512e-07
8.38398e-08
4.07615e-08
1.96003e-08
9.32369e-09
4.3886e-09
2.04444e-09
9.42811e-10
4.30494e-10
1.94666e-10
8.71922e-11
3.86911e-11
1.70127e-11
7.41373e-12
3.20243e-12
1.37143e-12
