VARIABLEs = X,u
ZONE I=101
datapacking=block
0
0.01
0.02
0.03
0.04
0.05
0.06
0.07
0.08
0.09
0.1
0.11
0.12
0.13
0.14
0.15
0.16
0.17
0.18
0.19
0.2
0.21
0.22
0.23
0.24
0.25
0.26
0.27
0.28
0.29
0.3
0.31
0.32
0.33
0.34
0.35
0.36
0.37
0.38
0.39
0.4
0.41
0.42
0.43
0.44
0.45
0.46
0.47
0.48
0.49
0.5
0.51
0.52
0.53
0.54
0.55
0.56
0.57
0.58
0.59
0.6
0.61
0.62
0.63
0.64
0.65
0.66
0.67
0.68
0.69
0.7
0.71
0.72
0.73
0.74
0.75
0.76
0.77
0.78
0.79
0.8
0.81
0.82
0.83
0.84
0.85
0.86
0.87
0.88
0.89
0.9
0.91
0.92
0.93
0.94
0.95
0.96
0.97
0.98
0.99
1
0
5.82305e-09
1.06756e-07
9.89918e-07
6.19076e-06
2.93779e-05
0.000112851
0.000365591
0.00102753
0.00255826
0.0057331
0.0117124
0.0220403
0.0385361
0.0630685
0.0972386
0.142039
0.197574
0.262908
0.336107
0.414442
0.494736
0.573756
0.648584
0.716907
0.777163
0.828582
0.871101
0.905221
0.931827
0.952011
0.966924
0.977668
0.985222
0.990406
0.993867
0.996074
0.997295
0.997562
0.996606
0.99378
0.988009
0.977802
0.961376
0.936884
0.902736
0.857947
0.802419
0.737088
0.663891
0.585557
0.505263
0.426244
0.351415
0.283093
0.222837
0.171418
0.128899
0.0947787
0.0681728
0.0479891
0.0330756
0.0223314
0.0147769
0.00958801
0.00610328
0.00381331
0.00233968
0.00141036
0.00083565
0.000486894
0.000279093
0.000157454
8.74633e-05
4.78561e-05
2.58021e-05
1.37132e-05
7.18697e-06
3.71557e-06
1.89549e-06
9.54499e-07
4.74594e-07
2.33072e-07
1.13086e-07
5.42246e-08
2.57023e-08
1.20462e-08
5.58388e-09
2.56059e-09
1.16189e-09
5.21803e-10
2.31987e-10
1.02124e-10
4.45235e-11
1.9228e-11
8.22714e-12
3.4883e-12
1.46591e-12
6.10669e-13
2.52224e-13
1.03304e-13
