VARIABLEs = X,u
ZONE I=101
datapacking=block
0
0.01
0.02
0.03
0.04
0.05
0.06
0.07
0.08
0.09
0.1
0.11
0.12
0.13
0.14
0.15
0.16
0.17
0.18
0.19
0.2
0.21
0.22
0.23
0.24
0.25
0.26
0.27
0.28
0.29
0.3
0.31
0.32
0.33
0.34
0.35
0.36
0.37
0.38
0.39
0.4
0.41
0.42
0.43
0.44
0.45
0.46
0.47
0.48
0.49
0.5
0.51
0.52
0.53
0.54
0.55
0.56
0.57
0.58
0.59
0.6
0.61
0.62
0.63
0.64
0.65
0.66
0.67
0.68
0.69
0.7
0.71
0.72
0.73
0.74
0.75
0.76
0.77
0.78
0.79
0.8
0.81
0.82
0.83
0.84
0.85
0.86
0.87
0.88
0.89
0.9
0.91
0.92
0.93
0.94
0.95
0.96
0.97
0.98
0.99
1
0
7.72616e-21
3.348e-19
7.28512e-18
1.06134e-16
1.16464e-15
1.02678e-14
7.57601e-14
4.81188e-13
2.6857e-12
1.33817e-11
6.02658e-11
2.47802e-10
9.3804e-10
3.29193e-09
1.07739e-08
3.30537e-08
9.54833e-08
2.60738e-07
6.75406e-07
1.66479e-06
3.91563e-06
8.81033e-06
1.90076e-05
3.94022e-05
7.86334e-05
0.000151342
0.000281378
0.000506132
0.000882061
0.00149132
0.00244922
0.00391181
0.00608285
0.0092188
0.0136306
0.0196812
0.0277766
0.0383516
0.0518487
0.0686913
0.0892532
0.113827
0.142594
0.175599
0.212728
0.253709
0.298104
0.345333
0.394693
0.445396
0.496605
0.547477
0.597201
0.645039
0.690347
0.732598
0.771391
0.806447
0.837601
0.864781
0.887984
0.90725
0.922631
0.934168
0.941869
0.945696
0.945557
0.941315
0.932801
0.919834
0.902252
0.879945
0.852883
0.821148
0.784954
0.744655
0.700751
0.653873
0.604761
0.55423
0.50314
0.452347
0.402668
0.354848
0.309527
0.267219
0.228308
0.193034
0.161509
0.133723
0.109564
0.0888365
0.0712851
0.0566123
0.0444995
0.0346229
0.0266666
0.0203333
0.0153505
0.0114749
