VARIABLEs = X,u
ZONE I=101
datapacking=block
0
0.01
0.02
0.03
0.04
0.05
0.06
0.07
0.08
0.09
0.1
0.11
0.12
0.13
0.14
0.15
0.16
0.17
0.18
0.19
0.2
0.21
0.22
0.23
0.24
0.25
0.26
0.27
0.28
0.29
0.3
0.31
0.32
0.33
0.34
0.35
0.36
0.37
0.38
0.39
0.4
0.41
0.42
0.43
0.44
0.45
0.46
0.47
0.48
0.49
0.5
0.51
0.52
0.53
0.54
0.55
0.56
0.57
0.58
0.59
0.6
0.61
0.62
0.63
0.64
0.65
0.66
0.67
0.68
0.69
0.7
0.71
0.72
0.73
0.74
0.75
0.76
0.77
0.78
0.79
0.8
0.81
0.82
0.83
0.84
0.85
0.86
0.87
0.88
0.89
0.9
0.91
0.92
0.93
0.94
0.95
0.96
0.97
0.98
0.99
1
0
0.0087355
0.0465893
0.13176
0.264249
0.424339
0.584429
0.722284
0.827317
0.899527
0.944993
0.971514
0.98598
0.993414
0.997036
0.998718
0.999465
0.999784
0.999916
0.999968
0.999988
0.999996
0.999998
0.999999
1
1
1
1
1
1
1
0.991265
0.953411
0.86824
0.735751
0.575661
0.415571
0.277716
0.172683
0.100473
0.0550075
0.0284859
0.0140196
0.00658555
0.00296382
0.00128231
0.000534965
0.000215789
8.43628e-05
3.20359e-05
1.18395e-05
4.26591e-06
1.50093e-06
5.16431e-07
1.73997e-07
5.74738e-08
1.86328e-08
5.93484e-09
1.85893e-09
5.73084e-10
1.74027e-10
5.20929e-11
1.53816e-11
4.4829e-12
1.29035e-12
3.67021e-13
1.03212e-13
2.87098e-14
7.90302e-15
2.15378e-15
5.81335e-16
1.55465e-16
4.12071e-17
1.08291e-17
2.82244e-18
7.29797e-19
1.8726e-19
4.7695e-20
1.20612e-20
3.02904e-21
7.5564e-22
1.8729e-22
4.6131e-23
1.12937e-23
2.74868e-24
6.65175e-25
1.60083e-25
3.83198e-26
9.12507e-27
2.16198e-27
5.09716e-28
1.19599e-28
2.79323e-29
6.49412e-30
1.50321e-30
3.46461e-31
7.95199e-32
1.81772e-32
4.13863e-33
9.38651e-34
2.12086e-34
