VARIABLEs = X,u
ZONE I=101
datapacking=block
0
0.01
0.02
0.03
0.04
0.05
0.06
0.07
0.08
0.09
0.1
0.11
0.12
0.13
0.14
0.15
0.16
0.17
0.18
0.19
0.2
0.21
0.22
0.23
0.24
0.25
0.26
0.27
0.28
0.29
0.3
0.31
0.32
0.33
0.34
0.35
0.36
0.37
0.38
0.39
0.4
0.41
0.42
0.43
0.44
0.45
0.46
0.47
0.48
0.49
0.5
0.51
0.52
0.53
0.54
0.55
0.56
0.57
0.58
0.59
0.6
0.61
0.62
0.63
0.64
0.65
0.66
0.67
0.68
0.69
0.7
0.71
0.72
0.73
0.74
0.75
0.76
0.77
0.78
0.79
0.8
0.81
0.82
0.83
0.84
0.85
0.86
0.87
0.88
0.89
0.9
0.91
0.92
0.93
0.94
0.95
0.96
0.97
0.98
0.99
1
0
8.21534e-12
1.99907e-10
2.45228e-09
2.0221e-08
1.26093e-07
6.34278e-07
2.68114e-06
9.7964e-06
3.15869e-05
9.1309e-05
0.000239619
0.000576687
0.00128359
0.00266115
0.00517028
0.00946368
0.0163957
0.0269977
0.0424098
0.0637705
0.0920733
0.128013
0.17185
0.223309
0.281559
0.345245
0.412605
0.481629
0.550242
0.616489
0.678687
0.735535
0.786165
0.830147
0.867445
0.898349
0.923385
0.943228
0.958616
0.970279
0.978873
0.984933
0.988821
0.990685
0.990422
0.98766
0.981754
0.971829
0.956857
0.935777
0.907651
0.871821
0.828052
0.776633
0.718408
0.654736
0.587384
0.518365
0.449755
0.38351
0.321312
0.264465
0.213835
0.169853
0.132555
0.10165
0.0766122
0.0567621
0.0413521
0.02963
0.0208873
0.0144902
0.00989539
0.00665413
0.00440734
0.0028762
0.00184989
0.00117296
0.000733427
0.000452365
0.000275296
0.000165351
9.8045e-05
5.74075e-05
3.32006e-05
1.89698e-05
1.07109e-05
5.97773e-06
3.29831e-06
1.79966e-06
9.71233e-07
5.18543e-07
2.73944e-07
1.43232e-07
7.41322e-08
3.79875e-08
1.92763e-08
9.68791e-09
4.82323e-09
2.37914e-09
