VARIABLEs = X,u
ZONE I=101
datapacking=block
0
0.01
0.02
0.03
0.04
0.05
0.06
0.07
0.08
0.09
0.1
0.11
0.12
0.13
0.14
0.15
0.16
0.17
0.18
0.19
0.2
0.21
0.22
0.23
0.24
0.25
0.26
0.27
0.28
0.29
0.3
0.31
0.32
0.33
0.34
0.35
0.36
0.37
0.38
0.39
0.4
0.41
0.42
0.43
0.44
0.45
0.46
0.47
0.48
0.49
0.5
0.51
0.52
0.53
0.54
0.55
0.56
0.57
0.58
0.59
0.6
0.61
0.62
0.63
0.64
0.65
0.66
0.67
0.68
0.69
0.7
0.71
0.72
0.73
0.74
0.75
0.76
0.77
0.78
0.79
0.8
0.81
0.82
0.83
0.84
0.85
0.86
0.87
0.88
0.89
0.9
0.91
0.92
0.93
0.94
0.95
0.96
0.97
0.98
0.99
1
0
3.88162e-15
1.21624e-13
1.9172e-12
2.02719e-11
1.61756e-10
1.03896e-09
5.59555e-09
2.59917e-08
1.06302e-07
3.88873e-07
1.28839e-06
3.90518e-06
1.09196e-05
2.83658e-05
6.88658e-05
0.000157066
0.00033806
0.000689401
0.00133678
0.00247253
0.00437492
0.00742477
0.0121151
0.0190486
0.0289192
0.0424748
0.0604621
0.0835569
0.112288
0.146963
0.18761
0.233939
0.285336
0.340885
0.39943
0.459648
0.520144
0.57955
0.636612
0.690259
0.739658
0.784237
0.82368
0.857914
0.887065
0.911412
0.931327
0.947224
0.959496
0.968468
0.974348
0.977198
0.976915
0.973224
0.965705
0.953831
0.93703
0.914761
0.886597
0.852306
0.811916
0.765757
0.714472
0.658994
0.600495
0.540306
0.479828
0.420433
0.363378
0.309735
0.260337
0.215758
0.176308
0.142057
0.112865
0.0884311
0.0683347
0.0520865
0.039167
0.0290598
0.0212773
0.0153768
0.0109704
0.00772789
0.0053761
0.0036942
0.00250787
0.00168229
0.0011153
0.000730901
0.000473566
0.000303415
0.000192268
0.000120523
7.47476e-05
4.58741e-05
2.78646e-05
1.67542e-05
9.97366e-06
5.87911e-06
