VARIABLEs = X,u
ZONE I=101
datapacking=block
0
0.01
0.02
0.03
0.04
0.05
0.06
0.07
0.08
0.09
0.1
0.11
0.12
0.13
0.14
0.15
0.16
0.17
0.18
0.19
0.2
0.21
0.22
0.23
0.24
0.25
0.26
0.27
0.28
0.29
0.3
0.31
0.32
0.33
0.34
0.35
0.36
0.37
0.38
0.39
0.4
0.41
0.42
0.43
0.44
0.45
0.46
0.47
0.48
0.49
0.5
0.51
0.52
0.53
0.54
0.55
0.56
0.57
0.58
0.59
0.6
0.61
0.62
0.63
0.64
0.65
0.66
0.67
0.68
0.69
0.7
0.71
0.72
0.73
0.74
0.75
0.76
0.77
0.78
0.79
0.8
0.81
0.82
0.83
0.84
0.85
0.86
0.87
0.88
0.89
0.9
0.91
0.92
0.93
0.94
0.95
0.96
0.97
0.98
0.99
1
0
7.03114e-17
2.4609e-15
4.33001e-14
5.10682e-13
4.54185e-12
3.24913e-11
1.94753e-10
1.00606e-09
4.57245e-09
1.85738e-08
6.82787e-08
2.29443e-07
7.10697e-07
2.0434e-06
5.48622e-06
1.38255e-05
3.28495e-05
7.38815e-05
0.000157845
0.000321354
0.000625207
0.00116539
0.00208616
0.00359408
0.00597115
0.0095843
0.0148882
0.0224185
0.0327726
0.0465781
0.0644485
0.0869306
0.114448
0.147246
0.18535
0.228534
0.276317
0.327974
0.382576
0.439046
0.49622
0.55293
0.608065
0.660634
0.709816
0.754985
0.795724
0.831816
0.863223
0.890051
0.912511
0.930866
0.945388
0.956313
0.963797
0.967894
0.968533
0.96552
0.958555
0.947257
0.931219
0.910058
0.883483
0.851347
0.813704
0.770836
0.723268
0.671755
0.617249
0.560843
0.503709
0.447025
0.391907
0.339347
0.290168
0.244995
0.20424
0.168108
0.136618
0.109626
0.0868633
0.0679684
0.0525253
0.0400932
0.0302319
0.0225221
0.0165792
0.0120611
0.00867261
0.00616472
0.00433256
0.00301101
0.00206958
0.00140709
0.000946455
0.000629916
0.000414892
0.000270474
0.000174549
0.000111526
