VARIABLEs = X,u
ZONE I=101
datapacking=block
0
0.01
0.02
0.03
0.04
0.05
0.06
0.07
0.08
0.09
0.1
0.11
0.12
0.13
0.14
0.15
0.16
0.17
0.18
0.19
0.2
0.21
0.22
0.23
0.24
0.25
0.26
0.27
0.28
0.29
0.3
0.31
0.32
0.33
0.34
0.35
0.36
0.37
0.38
0.39
0.4
0.41
0.42
0.43
0.44
0.45
0.46
0.47
0.48
0.49
0.5
0.51
0.52
0.53
0.54
0.55
0.56
0.57
0.58
0.59
0.6
0.61
0.62
0.63
0.64
0.65
0.66
0.67
0.68
0.69
0.7
0.71
0.72
0.73
0.74
0.75
0.76
0.77
0.78
0.79
0.8
0.81
0.82
0.83
0.84
0.85
0.86
0.87
0.88
0.89
0.9
0.91
0.92
0.93
0.94
0.95
0.96
0.97
0.98
0.99
1
0
8.6654e-22
3.92831e-20
8.94053e-19
1.36206e-17
1.56264e-16
1.44006e-15
1.11042e-14
7.36907e-14
4.29652e-13
2.23583e-12
1.05141e-11
4.51324e-11
1.78317e-10
6.53e-10
2.22962e-09
7.13468e-09
2.14922e-08
6.11865e-08
1.652e-07
4.24322e-07
1.03974e-06
2.43663e-06
5.47381e-06
1.18123e-05
2.45332e-05
4.91271e-05
9.50041e-05
0.000177696
0.000321915
0.000565594
0.000964958
0.00160051
0.00258362
0.00406325
0.00623193
0.00933004
0.0136473
0.0195204
0.0273253
0.0374651
0.0503511
0.06638
0.0859073
0.109219
0.136504
0.167832
0.203132
0.242187
0.284633
0.329966
0.377565
0.426719
0.476659
0.526596
0.575756
0.623413
0.668921
0.711728
0.751393
0.787584
0.820077
0.848739
0.87351
0.894378
0.911355
0.924458
0.933682
0.938993
0.940316
0.93754
0.930527
0.919131
0.903218
0.882695
0.857539
0.827821
0.793724
0.755559
0.713766
0.668906
0.621647
0.572734
0.522962
0.473138
0.424048
0.376423
0.330908
0.288044
0.248253
0.211829
0.178944
0.149651
0.123901
0.101556
0.0824106
0.0662107
0.0526696
0.0414863
0.0323588
0.0249949
