VARIABLEs = X,u
ZONE I=101
datapacking=block
0
0.01
0.02
0.03
0.04
0.05
0.06
0.07
0.08
0.09
0.1
0.11
0.12
0.13
0.14
0.15
0.16
0.17
0.18
0.19
0.2
0.21
0.22
0.23
0.24
0.25
0.26
0.27
0.28
0.29
0.3
0.31
0.32
0.33
0.34
0.35
0.36
0.37
0.38
0.39
0.4
0.41
0.42
0.43
0.44
0.45
0.46
0.47
0.48
0.49
0.5
0.51
0.52
0.53
0.54
0.55
0.56
0.57
0.58
0.59
0.6
0.61
0.62
0.63
0.64
0.65
0.66
0.67
0.68
0.69
0.7
0.71
0.72
0.73
0.74
0.75
0.76
0.77
0.78
0.79
0.8
0.81
0.82
0.83
0.84
0.85
0.86
0.87
0.88
0.89
0.9
0.91
0.92
0.93
0.94
0.95
0.96
0.97
0.98
0.99
1
0
4.98369e-14
1.44527e-12
2.10976e-11
2.06703e-10
1.52914e-09
9.11112e-09
4.55467e-08
1.96494e-07
7.46824e-07
2.54049e-06
7.83181e-06
2.21023e-05
5.75805e-05
0.000139453
0.000315869
0.000672621
0.00135268
0.00257945
0.00468087
0.0081095
0.0134524
0.0214244
0.0328389
0.0485545
0.0693995
0.096081
0.129091
0.168621
0.214505
0.266189
0.322756
0.382971
0.445382
0.508423
0.570538
0.630285
0.686437
0.738037
0.78443
0.825271
0.860492
0.890263
0.91493
0.934955
0.950849
0.963111
0.972169
0.978332
0.981747
0.982371
0.97996
0.974077
0.964128
0.949427
0.929274
0.903058
0.870357
0.831029
0.785276
0.733675
0.677161
0.616979
0.554588
0.491559
0.429452
0.369708
0.313559
0.261961
0.215568
0.174726
0.1395
0.109715
0.0850119
0.064905
0.0488347
0.0362166
0.0264787
0.0190889
0.0135722
0.00951914
0.00658742
0.00449881
0.00303277
0.00201852
0.00132671
0.000861307
0.000552424
0.000350114
0.000219311
0.000135803
8.31472e-05
5.0345e-05
3.01523e-05
1.78658e-05
1.04746e-05
6.07785e-06
3.49086e-06
1.985e-06
1.11765e-06
6.23219e-07
