VARIABLEs = X,u
ZONE I=101
datapacking=block
0
0.01
0.02
0.03
0.04
0.05
0.06
0.07
0.08
0.09
0.1
0.11
0.12
0.13
0.14
0.15
0.16
0.17
0.18
0.19
0.2
0.21
0.22
0.23
0.24
0.25
0.26
0.27
0.28
0.29
0.3
0.31
0.32
0.33
0.34
0.35
0.36
0.37
0.38
0.39
0.4
0.41
0.42
0.43
0.44
0.45
0.46
0.47
0.48
0.49
0.5
0.51
0.52
0.53
0.54
0.55
0.56
0.57
0.58
0.59
0.6
0.61
0.62
0.63
0.64
0.65
0.66
0.67
0.68
0.69
0.7
0.71
0.72
0.73
0.74
0.75
0.76
0.77
0.78
0.79
0.8
0.81
0.82
0.83
0.84
0.85
0.86
0.87
0.88
0.89
0.9
0.91
0.92
0.93
0.94
0.95
0.96
0.97
0.98
0.99
1
0
1.83401e-18
7.03036e-17
1.35411e-15
1.7473e-14
1.69931e-13
1.32861e-12
8.69909e-12
4.90613e-11
2.43304e-10
1.07783e-09
4.31857e-09
1.58085e-08
5.33102e-08
1.66777e-07
4.86916e-07
1.3335e-06
3.44116e-06
8.40034e-06
1.94667e-05
4.29583e-05
9.0529e-05
0.00018265
0.000353632
0.000658426
0.00118123
0.00204561
0.00342528
0.0055544
0.00873542
0.0133424
0.0198178
0.0286605
0.0404047
0.0555892
0.0747186
0.0982205
0.126401
0.159405
0.197186
0.239488
0.285844
0.335592
0.387906
0.441842
0.496391
0.550535
0.603305
0.653826
0.701359
0.745321
0.785301
0.821051
0.852471
0.879585
0.902503
0.921386
0.936404
0.9477
0.955359
0.959387
0.9597
0.956125
0.948416
0.936285
0.919438
0.897621
0.87067
0.838553
0.801405
0.75955
0.713505
0.663972
0.611805
0.557968
0.503485
0.449384
0.396641
0.346133
0.298601
0.254623
0.2146
0.178762
0.147173
0.119755
0.0963148
0.0765677
0.0601705
0.0467458
0.0359058
0.0272705
0.0204821
0.0152147
0.0111791
0.00812574
0.00584367
0.00415845
0.00292858
0.00204136
0.00140856
0.000962244
