VARIABLEs = X,u
ZONE I=101
datapacking=block
0
0.01
0.02
0.03
0.04
0.05
0.06
0.07
0.08
0.09
0.1
0.11
0.12
0.13
0.14
0.15
0.16
0.17
0.18
0.19
0.2
0.21
0.22
0.23
0.24
0.25
0.26
0.27
0.28
0.29
0.3
0.31
0.32
0.33
0.34
0.35
0.36
0.37
0.38
0.39
0.4
0.41
0.42
0.43
0.44
0.45
0.46
0.47
0.48
0.49
0.5
0.51
0.52
0.53
0.54
0.55
0.56
0.57
0.58
0.59
0.6
0.61
0.62
0.63
0.64
0.65
0.66
0.67
0.68
0.69
0.7
0.71
0.72
0.73
0.74
0.75
0.76
0.77
0.78
0.79
0.8
0.81
0.82
0.83
0.84
0.85
0.86
0.87
0.88
0.89
0.9
0.91
0.92
0.93
0.94
0.95
0.96
0.97
0.98
0.99
1
0
-0.012425
0.00550624
0.0329006
-0.00126204
-0.0376847
-0.00805367
0.0158292
0.005029
0.0265203
0.0178333
-0.0558223
-0.0361143
0.0414456
0.0152518
-0.0128119
0.0235486
0.0351682
-0.00820802
-0.0672706
-0.0322467
0.0149224
-0.0102184
-0.0355649
-0.0196962
-0.00283078
-0.00673485
0.0370941
0.0371582
-0.0753084
-0.0816402
0.0890117
0.111948
-0.0556311
-0.096609
-0.0204392
0.0250432
0.0832327
0.0554802
-0.0513032
-0.049102
-0.0751128
-0.0785181
0.120776
0.16261
0.0885407
0.0283767
-0.27558
-0.270786
-0.0751768
-0.0488888
0.218594
0.262032
0.734203
0.783862
0.896953
0.879408
0.937098
0.968367
1.07942
1.06594
0.915804
0.90602
1.0273
1.05691
1.06568
1.03757
0.880637
0.881055
1.05168
1.08244
1.10627
1.08002
0.852347
0.834334
0.924271
0.960271
1.22584
1.24438
1.16711
1.1323
0.739584
0.68975
0.321663
0.290392
0.0983211
0.0863759
0.0212184
0.0182093
0.00317879
0.00267262
0.000315544
0.0002605
1.87058e-05
1.51906e-05
5.02168e-07
4.01735e-07
0
0
0
0
