VARIABLEs = X,u
ZONE I=101
datapacking=block
0
0.01
0.02
0.03
0.04
0.05
0.06
0.07
0.08
0.09
0.1
0.11
0.12
0.13
0.14
0.15
0.16
0.17
0.18
0.19
0.2
0.21
0.22
0.23
0.24
0.25
0.26
0.27
0.28
0.29
0.3
0.31
0.32
0.33
0.34
0.35
0.36
0.37
0.38
0.39
0.4
0.41
0.42
0.43
0.44
0.45
0.46
0.47
0.48
0.49
0.5
0.51
0.52
0.53
0.54
0.55
0.56
0.57
0.58
0.59
0.6
0.61
0.62
0.63
0.64
0.65
0.66
0.67
0.68
0.69
0.7
0.71
0.72
0.73
0.74
0.75
0.76
0.77
0.78
0.79
0.8
0.81
0.82
0.83
0.84
0.85
0.86
0.87
0.88
0.89
0.9
0.91
0.92
0.93
0.94
0.95
0.96
0.97
0.98
0.99
1
0
-0.0364558
0.0223739
-0.0236668
0.0126156
-0.0144955
-0.0535579
0.0583165
0.0431239
-0.0501901
-0.0159523
0.00913435
0.00143508
0.0358118
0.00420469
-0.074592
-0.0200619
0.100192
0.0513856
-0.0852668
-0.0660583
-0.0107769
-9.44795e-05
0.167921
0.162108
-0.198073
-0.235233
-0.114143
-0.0784501
0.253951
0.314493
0.818002
0.843991
0.888371
0.896513
1.05792
1.0643
0.939474
0.925324
1.04833
1.07321
0.977628
0.942791
0.9794
1.01863
1.07459
1.0429
0.884597
0.892841
1.0985
1.12331
1.01264
0.96875
0.834029
0.853221
1.14907
1.18714
1.19888
1.1632
0.715546
0.656273
0.248958
0.218381
0.050559
0.0427764
0.00558172
0.0045822
0.000259615
0.000207692
0
0
0
0
0
0
0
0
0
0
0
0
0
0
0
0
0
0
0
0
0
0
0
0
0
0
0
0
0
0
0
0
