VARIABLEs = X,u
ZONE I=101
datapacking=block
0
0.01
0.02
0.03
0.04
0.05
0.06
0.07
0.08
0.09
0.1
0.11
0.12
0.13
0.14
0.15
0.16
0.17
0.18
0.19
0.2
0.21
0.22
0.23
0.24
0.25
0.26
0.27
0.28
0.29
0.3
0.31
0.32
0.33
0.34
0.35
0.36
0.37
0.38
0.39
0.4
0.41
0.42
0.43
0.44
0.45
0.46
0.47
0.48
0.49
0.5
0.51
0.52
0.53
0.54
0.55
0.56
0.57
0.58
0.59
0.6
0.61
0.62
0.63
0.64
0.65
0.66
0.67
0.68
0.69
0.7
0.71
0.72
0.73
0.74
0.75
0.76
0.77
0.78
0.79
0.8
0.81
0.82
0.83
0.84
0.85
0.86
0.87
0.88
0.89
0.9
0.91
0.92
0.93
0.94
0.95
0.96
0.97
0.98
0.99
1
0
0.0291579
0.06181
-0.0389922
-0.0362481
0.00918756
-0.0272596
-0.0435714
-0.00951415
-0.00882607
-0.0142839
0.0099866
-0.0127189
-0.0128707
0.0315316
0.013526
-0.0401573
-0.0217021
0.0286706
0.0353384
0.00050256
-0.0383777
-0.0289817
0.00535865
0.0231414
0.0750711
0.0441912
-0.160026
-0.144544
0.141723
0.160064
0.0366117
0.0125875
-0.147435
-0.173657
-0.187628
-0.145821
0.396731
0.453298
0.699983
0.715294
0.983471
1.01376
0.970944
0.941942
0.985718
1.0205
1.05465
1.02421
0.910794
0.925769
1.09304
1.10266
0.957504
0.92507
0.942451
0.977782
1.13949
1.13257
0.912633
0.879041
0.879875
0.913626
1.20696
1.23188
1.16092
1.12129
0.683978
0.629895
0.254184
0.225261
0.0604098
0.0518662
0.00895188
0.00748216
0.000756135
0.000617452
2.78759e-05
2.23007e-05
0
0
0
0
0
0
0
0
0
0
0
0
0
0
0
0
0
0
0
0
0
0
