VARIABLEs = X,u
ZONE I=101
datapacking=block
0
0.01
0.02
0.03
0.04
0.05
0.06
0.07
0.08
0.09
0.1
0.11
0.12
0.13
0.14
0.15
0.16
0.17
0.18
0.19
0.2
0.21
0.22
0.23
0.24
0.25
0.26
0.27
0.28
0.29
0.3
0.31
0.32
0.33
0.34
0.35
0.36
0.37
0.38
0.39
0.4
0.41
0.42
0.43
0.44
0.45
0.46
0.47
0.48
0.49
0.5
0.51
0.52
0.53
0.54
0.55
0.56
0.57
0.58
0.59
0.6
0.61
0.62
0.63
0.64
0.65
0.66
0.67
0.68
0.69
0.7
0.71
0.72
0.73
0.74
0.75
0.76
0.77
0.78
0.79
0.8
0.81
0.82
0.83
0.84
0.85
0.86
0.87
0.88
0.89
0.9
0.91
0.92
0.93
0.94
0.95
0.96
0.97
0.98
0.99
1
0
-0.0154461
-0.00960828
0.0401431
0.0185755
-0.0469293
-0.0213774
0.0284622
0.00911711
0.0108622
0.020898
-0.0506211
-0.0549875
0.0649331
0.0676302
-0.0491081
-0.0482163
0.0348136
0.0252346
-0.0536904
-0.0378496
0.0737811
0.0625971
-0.0341184
-0.0294758
-0.0128332
-0.0223049
-0.0123124
0.00231074
-0.0365249
-0.0590204
0.012764
0.0495533
0.0169131
-0.0283779
-0.069372
-0.0261183
0.106689
0.0800797
-0.0923404
-0.0889401
0.0198428
0.0281966
0.0482396
0.052413
-0.0109827
-0.0372511
-0.133215
-0.114635
0.179776
0.209461
0.0475116
-0.00765086
-0.214289
-0.205253
-0.138097
-0.134445
0.14244
0.205284
0.696137
0.731057
0.821147
0.81625
0.963784
0.997293
1.05969
1.03766
0.904725
0.905309
1.05283
1.07731
1.04808
1.01847
0.878882
0.883219
1.06009
1.08873
1.10635
1.08108
0.856611
0.837715
0.907287
0.940209
1.20776
1.23004
1.20149
1.17318
0.815681
0.766988
0.38856
0.354115
0.133363
0.118387
0.0333514
0.0289444
0.00604806
0.00514579
0.000777043
0.000649602
6.71316e-05
5.81482e-05
