VARIABLEs = X,u
ZONE I=101
datapacking=block
0
0.01
0.02
0.03
0.04
0.05
0.06
0.07
0.08
0.09
0.1
0.11
0.12
0.13
0.14
0.15
0.16
0.17
0.18
0.19
0.2
0.21
0.22
0.23
0.24
0.25
0.26
0.27
0.28
0.29
0.3
0.31
0.32
0.33
0.34
0.35
0.36
0.37
0.38
0.39
0.4
0.41
0.42
0.43
0.44
0.45
0.46
0.47
0.48
0.49
0.5
0.51
0.52
0.53
0.54
0.55
0.56
0.57
0.58
0.59
0.6
0.61
0.62
0.63
0.64
0.65
0.66
0.67
0.68
0.69
0.7
0.71
0.72
0.73
0.74
0.75
0.76
0.77
0.78
0.79
0.8
0.81
0.82
0.83
0.84
0.85
0.86
0.87
0.88
0.89
0.9
0.91
0.92
0.93
0.94
0.95
0.96
0.97
0.98
0.99
1
0
0.0349898
0.00728987
-0.0429875
0.00229573
-0.0482224
-0.0694668
0.0266277
0.0182821
-0.0228388
0.000766239
-0.0154302
-0.0310047
0.0540522
0.0526489
-0.0832649
-0.0683398
0.0924121
0.074303
-0.0708803
-0.0584703
0.0132045
0.00600741
0.0636818
0.0789113
-0.103167
-0.143886
0.0325674
0.0968552
0.125019
0.0759745
-0.131888
-0.13465
-0.204364
-0.20581
0.234354
0.321666
0.696118
0.6959
0.89693
0.942085
1.03279
1.00373
0.930965
0.953761
1.08322
1.07564
0.921439
0.909127
1.04074
1.07156
1.03117
0.994234
0.892539
0.913028
1.12036
1.13541
0.992025
0.951081
0.834035
0.852835
1.13784
1.1753
1.22276
1.19504
0.796676
0.739739
0.321034
0.286059
0.0815299
0.070242
0.0127761
0.0106998
0.00113246
0.000925568
4.35561e-05
3.48449e-05
0
0
0
0
0
0
0
0
0
0
0
0
0
0
0
0
0
0
0
0
0
0
0
0
