VARIABLEs = X,u
ZONE I=101
datapacking=block
0
0.01
0.02
0.03
0.04
0.05
0.06
0.07
0.08
0.09
0.1
0.11
0.12
0.13
0.14
0.15
0.16
0.17
0.18
0.19
0.2
0.21
0.22
0.23
0.24
0.25
0.26
0.27
0.28
0.29
0.3
0.31
0.32
0.33
0.34
0.35
0.36
0.37
0.38
0.39
0.4
0.41
0.42
0.43
0.44
0.45
0.46
0.47
0.48
0.49
0.5
0.51
0.52
0.53
0.54
0.55
0.56
0.57
0.58
0.59
0.6
0.61
0.62
0.63
0.64
0.65
0.66
0.67
0.68
0.69
0.7
0.71
0.72
0.73
0.74
0.75
0.76
0.77
0.78
0.79
0.8
0.81
0.82
0.83
0.84
0.85
0.86
0.87
0.88
0.89
0.9
0.91
0.92
0.93
0.94
0.95
0.96
0.97
0.98
0.99
1
0
-0.0315017
-0.05574
0.0556916
0.0538476
-0.0194705
0.00493563
4.99885e-05
-0.0307501
-0.0261626
-0.0159716
-0.0377977
-0.0206062
0.029067
-0.00651955
-0.0425172
0.00487683
0.0488317
0.00183815
-0.052265
-0.0163868
0.0415098
0.0244427
-0.00372118
-0.00574346
-0.0621861
-0.0521669
0.12553
0.127806
-0.121981
-0.151115
0.0104372
0.0528322
0.113164
0.0983123
-0.0153406
-0.0386279
-0.276664
-0.287883
0.0768629
0.153545
0.524734
0.537188
0.83675
0.887759
1.01
0.984246
0.926508
0.948138
1.08373
1.07989
0.929099
0.912021
1.01935
1.05238
1.0595
1.0276
0.881857
0.889476
1.08593
1.11269
1.05712
1.02019
0.823757
0.823269
1.03749
1.08033
1.26099
1.25511
0.978679
0.926205
0.481265
0.437013
0.154498
0.135634
0.0325187
0.0277515
0.00434508
0.00361896
0.000335403
0.000273461
1.1418e-05
9.13439e-06
0
0
0
0
0
0
0
0
0
0
0
0
0
0
0
0
0
0
