VARIABLEs = X,u
ZONE I=101
datapacking=block
0
0.01
0.02
0.03
0.04
0.05
0.06
0.07
0.08
0.09
0.1
0.11
0.12
0.13
0.14
0.15
0.16
0.17
0.18
0.19
0.2
0.21
0.22
0.23
0.24
0.25
0.26
0.27
0.28
0.29
0.3
0.31
0.32
0.33
0.34
0.35
0.36
0.37
0.38
0.39
0.4
0.41
0.42
0.43
0.44
0.45
0.46
0.47
0.48
0.49
0.5
0.51
0.52
0.53
0.54
0.55
0.56
0.57
0.58
0.59
0.6
0.61
0.62
0.63
0.64
0.65
0.66
0.67
0.68
0.69
0.7
0.71
0.72
0.73
0.74
0.75
0.76
0.77
0.78
0.79
0.8
0.81
0.82
0.83
0.84
0.85
0.86
0.87
0.88
0.89
0.9
0.91
0.92
0.93
0.94
0.95
0.96
0.97
0.98
0.99
1
0
0.0209884
0.0417668
-0.046697
-0.0577303
0.0363055
0.0347575
-0.00111126
0.0135818
-0.0227778
-0.0480408
0.0159703
0.0417
-0.0144378
-0.0281541
0.0592576
0.0619327
-0.0865052
-0.0901591
0.0316628
0.0335077
-0.0523703
-0.0506082
0.0101146
0.00649112
0.0121404
0.025205
-0.025281
-0.0527638
0.00675536
0.0498159
0.0461459
-0.00376645
-0.107382
-0.0684555
0.12071
0.107981
-0.0448707
-0.0521485
-0.0641041
-0.0681497
0.041961
0.0781925
0.16768
0.136823
-0.231253
-0.26292
-0.153615
-0.110464
0.162097
0.186128
0.609308
0.67452
0.925837
0.914062
0.894923
0.911525
1.07366
1.08223
0.961677
0.935043
0.963943
0.995217
1.10121
1.08761
0.90722
0.889534
0.983323
1.01789
1.13826
1.12611
0.906887
0.876876
0.864345
0.891874
1.172
1.20153
1.22253
1.19739
0.841422
0.790284
0.391687
0.355413
0.126707
0.111719
0.0287012
0.0246938
0.0044855
0.00377766
0.00046228
0.000382028
2.8345e-05
2.30291e-05
7.84638e-07
6.2771e-07
0
0
0
0
0
0
