VARIABLEs = X,u
ZONE I=101
datapacking=block
0
0.01
0.02
0.03
0.04
0.05
0.06
0.07
0.08
0.09
0.1
0.11
0.12
0.13
0.14
0.15
0.16
0.17
0.18
0.19
0.2
0.21
0.22
0.23
0.24
0.25
0.26
0.27
0.28
0.29
0.3
0.31
0.32
0.33
0.34
0.35
0.36
0.37
0.38
0.39
0.4
0.41
0.42
0.43
0.44
0.45
0.46
0.47
0.48
0.49
0.5
0.51
0.52
0.53
0.54
0.55
0.56
0.57
0.58
0.59
0.6
0.61
0.62
0.63
0.64
0.65
0.66
0.67
0.68
0.69
0.7
0.71
0.72
0.73
0.74
0.75
0.76
0.77
0.78
0.79
0.8
0.81
0.82
0.83
0.84
0.85
0.86
0.87
0.88
0.89
0.9
0.91
0.92
0.93
0.94
0.95
0.96
0.97
0.98
0.99
1
0
0.0124444
0.0348631
-0.0286133
-0.0510824
0.0250852
0.0389357
-0.00665671
-0.00496289
-0.00779844
-0.0282887
0.00197451
0.0374559
0.0160862
-0.0236027
-0.0150891
0.018921
-0.0167781
-0.0455685
0.0340665
0.0641276
0.00350105
-0.0237225
-0.0250986
-0.0124477
-0.0203856
-0.0218882
-0.00844925
-0.0170593
-0.0385489
-0.0195893
0.0707335
0.0528727
-0.10331
-0.097406
0.100337
0.11473
-0.0484104
-0.0791434
-0.0283804
0.000806482
0.0599289
0.050914
0.0115365
0.00503517
-0.12304
-0.135037
0.0834204
0.135757
0.15409
0.10365
-0.209082
-0.217092
-0.156055
-0.144299
0.0493297
0.0899843
0.589045
0.648241
0.842395
0.831065
0.900583
0.93036
1.07871
1.07402
0.931427
0.913688
0.99281
1.02379
1.0926
1.07351
0.895761
0.883114
0.99494
1.02819
1.13813
1.12573
0.910795
0.881295
0.854179
0.878256
1.14915
1.18058
1.24331
1.22503
0.913097
0.864536
0.464285
0.425291
0.168293
0.149957
0.0440999
0.0383777
0.00833065
0.00710171
0.00110988
0.000928979
9.91982e-05
8.16726e-05
5.34789e-06
4.44286e-06
