VARIABLEs = X,u
ZONE I=101
datapacking=block
0
0.01
0.02
0.03
0.04
0.05
0.06
0.07
0.08
0.09
0.1
0.11
0.12
0.13
0.14
0.15
0.16
0.17
0.18
0.19
0.2
0.21
0.22
0.23
0.24
0.25
0.26
0.27
0.28
0.29
0.3
0.31
0.32
0.33
0.34
0.35
0.36
0.37
0.38
0.39
0.4
0.41
0.42
0.43
0.44
0.45
0.46
0.47
0.48
0.49
0.5
0.51
0.52
0.53
0.54
0.55
0.56
0.57
0.58
0.59
0.6
0.61
0.62
0.63
0.64
0.65
0.66
0.67
0.68
0.69
0.7
0.71
0.72
0.73
0.74
0.75
0.76
0.77
0.78
0.79
0.8
0.81
0.82
0.83
0.84
0.85
0.86
0.87
0.88
0.89
0.9
0.91
0.92
0.93
0.94
0.95
0.96
0.97
0.98
0.99
1
0
-0.00184998
-0.00957957
0.00342947
0.0166472
0.00191212
-0.0159734
-0.0206504
0.0108792
0.0426739
0.0656222
-0.124938
-0.053758
0.0598338
0.0896814
0.0533513
-0.0435302
-0.217742
-0.172236
0.0976787
0.161357
0.73927
0.752739
0.903089
0.953466
1.02404
0.979347
0.985707
1.03085
1.00551
0.961422
0.996343
1.04043
1.01086
0.965722
0.970274
1.01572
1.06184
1.02072
0.89751
0.924137
1.13014
1.13213
0.903712
0.865661
0.946649
0.998872
1.2542
1.25061
0.897117
0.828403
0.320545
0.278856
0.0557239
0.0462792
0.00377789
0.00302231
0
0
0
0
0
0
0
0
0
0
0
0
0
0
0
0
0
0
0
0
0
0
0
0
0
0
0
0
0
0
0
0
0
0
0
0
0
0
0
0
0
0
0
0
