VARIABLEs = X,u
ZONE I=101
datapacking=block
0
0.01
0.02
0.03
0.04
0.05
0.06
0.07
0.08
0.09
0.1
0.11
0.12
0.13
0.14
0.15
0.16
0.17
0.18
0.19
0.2
0.21
0.22
0.23
0.24
0.25
0.26
0.27
0.28
0.29
0.3
0.31
0.32
0.33
0.34
0.35
0.36
0.37
0.38
0.39
0.4
0.41
0.42
0.43
0.44
0.45
0.46
0.47
0.48
0.49
0.5
0.51
0.52
0.53
0.54
0.55
0.56
0.57
0.58
0.59
0.6
0.61
0.62
0.63
0.64
0.65
0.66
0.67
0.68
0.69
0.7
0.71
0.72
0.73
0.74
0.75
0.76
0.77
0.78
0.79
0.8
0.81
0.82
0.83
0.84
0.85
0.86
0.87
0.88
0.89
0.9
0.91
0.92
0.93
0.94
0.95
0.96
0.97
0.98
0.99
1
0
-0.0108344
0.0177346
0.028986
-0.0129837
-0.0283309
-0.0026592
-0.00512717
-0.00313626
0.040453
0.0206021
-0.0141937
0.0133547
-0.0370834
-0.0752229
-0.00242761
0.0383943
-0.0285953
-0.0637938
0.00970388
0.0389694
0.003764
-0.0131163
-0.0151144
-0.0155353
0.0052417
0.0253958
0.0372114
0.00287866
-0.101602
-0.0691398
0.141588
0.130793
-0.0965532
-0.112496
-0.0286697
-0.0109961
0.0866145
0.102009
0.0886088
0.0558417
-0.280492
-0.302448
-0.0582991
0.00289459
0.342345
0.363578
0.740196
0.798169
0.976537
0.956603
0.915077
0.934428
1.08152
1.08326
0.942488
0.920246
0.992774
1.02625
1.08453
1.06055
0.886315
0.880601
1.03758
1.0712
1.10917
1.08257
0.850678
0.832878
0.939774
0.978731
1.23978
1.2541
1.12554
1.08422
0.660083
0.60992
0.258244
0.230632
0.0686631
0.0596022
0.0123223
0.0104388
0.0014342
0.00118937
9.80258e-05
7.97676e-05
2.99316e-06
2.39452e-06
0
0
0
0
0
0
0
0
0
0
0
0
