VARIABLEs = X,u
ZONE I=101
datapacking=block
0
0.01
0.02
0.03
0.04
0.05
0.06
0.07
0.08
0.09
0.1
0.11
0.12
0.13
0.14
0.15
0.16
0.17
0.18
0.19
0.2
0.21
0.22
0.23
0.24
0.25
0.26
0.27
0.28
0.29
0.3
0.31
0.32
0.33
0.34
0.35
0.36
0.37
0.38
0.39
0.4
0.41
0.42
0.43
0.44
0.45
0.46
0.47
0.48
0.49
0.5
0.51
0.52
0.53
0.54
0.55
0.56
0.57
0.58
0.59
0.6
0.61
0.62
0.63
0.64
0.65
0.66
0.67
0.68
0.69
0.7
0.71
0.72
0.73
0.74
0.75
0.76
0.77
0.78
0.79
0.8
0.81
0.82
0.83
0.84
0.85
0.86
0.87
0.88
0.89
0.9
0.91
0.92
0.93
0.94
0.95
0.96
0.97
0.98
0.99
1
0
-0.0103717
0.0326051
-0.0337888
0.0199527
-0.0267043
0.00469165
0.019618
-0.0436814
0.00996086
0.0315073
0.00215009
0.022777
-0.0497045
-0.0841183
0.0885147
0.119765
-0.0732053
-0.0969812
-0.012855
-0.00646644
0.108687
0.142864
-0.0509198
-0.130687
-0.227995
-0.168089
0.193148
0.216025
0.693718
0.765734
0.925643
0.900286
0.993862
1.03215
1.00784
0.969549
0.973759
1.01241
1.05172
1.01665
0.919677
0.944209
1.09986
1.09478
0.911485
0.8909
1.02305
1.06397
1.09103
1.05462
0.829631
0.825861
1.05754
1.10525
1.24646
1.22699
0.838513
0.776528
0.320725
0.283003
0.0702849
0.059662
0.00826508
0.00679461
0.000405648
0.000324519
0
0
0
0
0
0
0
0
0
0
0
0
0
0
0
0
0
0
0
0
0
0
0
0
0
0
0
0
0
0
0
0
0
0
