VARIABLEs = X,u
ZONE I=101
datapacking=block
0
0.01
0.02
0.03
0.04
0.05
0.06
0.07
0.08
0.09
0.1
0.11
0.12
0.13
0.14
0.15
0.16
0.17
0.18
0.19
0.2
0.21
0.22
0.23
0.24
0.25
0.26
0.27
0.28
0.29
0.3
0.31
0.32
0.33
0.34
0.35
0.36
0.37
0.38
0.39
0.4
0.41
0.42
0.43
0.44
0.45
0.46
0.47
0.48
0.49
0.5
0.51
0.52
0.53
0.54
0.55
0.56
0.57
0.58
0.59
0.6
0.61
0.62
0.63
0.64
0.65
0.66
0.67
0.68
0.69
0.7
0.71
0.72
0.73
0.74
0.75
0.76
0.77
0.78
0.79
0.8
0.81
0.82
0.83
0.84
0.85
0.86
0.87
0.88
0.89
0.9
0.91
0.92
0.93
0.94
0.95
0.96
0.97
0.98
0.99
1
0
3.71319e-09
7.89672e-08
8.36525e-07
5.88858e-06
3.10057e-05
0.000130337
0.000455934
0.00136614
0.00358207
0.00835659
0.0175782
0.033711
0.0594979
0.0974354
0.149131
0.214736
0.292651
0.379619
0.471205
0.562515
0.648971
0.726938
0.794078
0.849423
0.893189
0.926462
0.950825
0.968038
0.979792
0.987561
0.99254
0.995637
0.997509
0.998606
0.999212
0.999466
0.999333
0.998526
0.996364
0.991617
0.982409
0.966283
0.940499
0.902563
0.850868
0.785264
0.707349
0.620381
0.528795
0.437485
0.351029
0.273062
0.205922
0.150577
0.106811
0.0735384
0.0491753
0.0319623
0.0202082
0.0124386
0.00745989
0.00436284
0.00249024
0.00138836
0.000756648
0.000403419
0.000210578
0.000107692
5.3997e-05
2.65624e-05
1.2828e-05
6.0858e-06
2.83795e-06
1.30159e-06
5.87438e-07
2.61038e-07
1.14267e-07
4.92977e-08
2.09713e-08
8.80058e-09
3.6448e-09
1.49036e-09
6.01922e-10
2.40205e-10
9.47499e-11
3.69557e-11
1.42573e-11
5.44234e-12
2.05619e-12
7.69126e-13
2.84915e-13
1.04553e-13
3.80165e-14
1.37005e-14
4.89483e-15
1.7341e-15
6.09323e-16
2.12398e-16
7.34644e-17
2.52181e-17
