VARIABLEs = X,u
ZONE I=101
datapacking=block
0
0.01
0.02
0.03
0.04
0.05
0.06
0.07
0.08
0.09
0.1
0.11
0.12
0.13
0.14
0.15
0.16
0.17
0.18
0.19
0.2
0.21
0.22
0.23
0.24
0.25
0.26
0.27
0.28
0.29
0.3
0.31
0.32
0.33
0.34
0.35
0.36
0.37
0.38
0.39
0.4
0.41
0.42
0.43
0.44
0.45
0.46
0.47
0.48
0.49
0.5
0.51
0.52
0.53
0.54
0.55
0.56
0.57
0.58
0.59
0.6
0.61
0.62
0.63
0.64
0.65
0.66
0.67
0.68
0.69
0.7
0.71
0.72
0.73
0.74
0.75
0.76
0.77
0.78
0.79
0.8
0.81
0.82
0.83
0.84
0.85
0.86
0.87
0.88
0.89
0.9
0.91
0.92
0.93
0.94
0.95
0.96
0.97
0.98
0.99
1
0
3.04812e-24
1.75369e-22
5.03481e-21
9.61801e-20
1.37541e-18
1.57065e-17
1.49202e-16
1.21276e-15
8.61116e-15
5.42624e-14
3.0726e-13
1.57934e-12
7.43083e-12
3.22289e-11
1.2963e-10
4.86035e-10
1.70647e-09
5.63281e-09
1.75423e-08
5.17082e-08
1.44671e-07
3.85187e-07
9.78265e-07
2.37504e-06
5.52297e-06
1.23242e-05
2.64344e-05
5.45868e-05
0.000108682
0.000208919
0.000388257
0.00069842
0.00121752
0.00205911
0.00338213
0.00540065
0.00839212
0.0127021
0.0187435
0.0269887
0.0379526
0.052167
0.0701461
0.0923458
0.11912
0.150681
0.187059
0.228083
0.273369
0.322325
0.37418
0.428018
0.482833
0.537584
0.591256
0.642912
0.691737
0.737075
0.778438
0.815517
0.848163
0.876367
0.900225
0.919901
0.935583
0.947447
0.955624
0.960168
0.961048
0.958137
0.951228
0.940055
0.924327
0.903771
0.878183
0.847467
0.811683
0.771071
0.726069
0.677305
0.625579
0.571827
0.517068
0.462351
0.4087
0.357052
0.308221
0.262862
0.221448
0.184271
0.151447
0.122933
0.0985565
0.0780398
0.0610351
0.0471521
0.0359841
0.0271297
0.0202089
0.0148748
