VARIABLEs = X,u
ZONE I=101
datapacking=block
0
0.01
0.02
0.03
0.04
0.05
0.06
0.07
0.08
0.09
0.1
0.11
0.12
0.13
0.14
0.15
0.16
0.17
0.18
0.19
0.2
0.21
0.22
0.23
0.24
0.25
0.26
0.27
0.28
0.29
0.3
0.31
0.32
0.33
0.34
0.35
0.36
0.37
0.38
0.39
0.4
0.41
0.42
0.43
0.44
0.45
0.46
0.47
0.48
0.49
0.5
0.51
0.52
0.53
0.54
0.55
0.56
0.57
0.58
0.59
0.6
0.61
0.62
0.63
0.64
0.65
0.66
0.67
0.68
0.69
0.7
0.71
0.72
0.73
0.74
0.75
0.76
0.77
0.78
0.79
0.8
0.81
0.82
0.83
0.84
0.85
0.86
0.87
0.88
0.89
0.9
0.91
0.92
0.93
0.94
0.95
0.96
0.97
0.98
0.99
1
0
0.046656
0.195955
0.424881
0.652037
0.818677
0.916638
0.965405
0.98679
0.995288
0.998411
0.999489
0.999842
0.999953
0.999986
0.999996
0.999999
1
1
1
1
1
1
1
1
1
1
1
1
1
1
0.953344
0.804045
0.575119
0.347963
0.181323
0.0833624
0.0345949
0.0132099
0.00471237
0.0015893
0.000511482
0.000158231
4.73269e-05
1.37503e-05
3.89534e-06
1.07936e-06
2.93288e-07
7.83206e-08
2.05923e-08
5.339e-09
1.36686e-09
3.4594e-10
8.6642e-11
2.14927e-11
5.28476e-12
1.28893e-12
3.12011e-13
7.50036e-14
1.79134e-14
4.25255e-15
1.00385e-15
2.35715e-16
5.50744e-17
1.28081e-17
2.96559e-18
6.8381e-19
1.57057e-19
3.59389e-20
8.19493e-21
1.86241e-21
4.21916e-22
9.52938e-23
2.14611e-23
4.82002e-24
1.07971e-24
2.41254e-25
5.37776e-26
1.196e-26
2.65402e-27
5.87706e-28
1.29878e-28
2.86459e-29
6.30633e-30
1.38582e-30
3.04006e-31
6.65779e-32
1.45571e-32
3.17794e-33
6.92724e-34
1.5078e-34
3.2773e-35
7.11373e-36
1.54208e-36
3.33858e-37
7.21907e-38
1.55912e-38
3.36337e-39
7.24735e-40
1.55995e-40
3.35411e-41
