VARIABLEs = X,u
ZONE I=101
datapacking=block
0
0.01
0.02
0.03
0.04
0.05
0.06
0.07
0.08
0.09
0.1
0.11
0.12
0.13
0.14
0.15
0.16
0.17
0.18
0.19
0.2
0.21
0.22
0.23
0.24
0.25
0.26
0.27
0.28
0.29
0.3
0.31
0.32
0.33
0.34
0.35
0.36
0.37
0.38
0.39
0.4
0.41
0.42
0.43
0.44
0.45
0.46
0.47
0.48
0.49
0.5
0.51
0.52
0.53
0.54
0.55
0.56
0.57
0.58
0.59
0.6
0.61
0.62
0.63
0.64
0.65
0.66
0.67
0.68
0.69
0.7
0.71
0.72
0.73
0.74
0.75
0.76
0.77
0.78
0.79
0.8
0.81
0.82
0.83
0.84
0.85
0.86
0.87
0.88
0.89
0.9
0.91
0.92
0.93
0.94
0.95
0.96
0.97
0.98
0.99
1
0
7.95866e-08
1.43786e-06
1.2938e-05
7.73686e-05
0.000346213
0.00123777
0.00368664
0.0094198
0.0211041
0.0421735
0.0762268
0.126083
0.192787
0.27496
0.368771
0.468581
0.568041
0.661281
0.743838
0.813129
0.868433
0.910536
0.94119
0.96259
0.976947
0.986223
0.992005
0.995491
0.997525
0.998677
0.99931
0.999647
0.999812
0.999838
0.999613
0.998743
0.996305
0.990576
0.978894
0.957826
0.923773
0.873917
0.807213
0.72504
0.631229
0.531419
0.431959
0.338719
0.256162
0.186871
0.131567
0.0894641
0.0588095
0.0374097
0.0230531
0.0137775
0.00799458
0.00450913
0.00247481
0.00132315
0.000689841
0.000351074
0.000174573
8.48969e-05
4.04134e-05
1.88473e-05
8.61818e-06
3.86688e-06
1.70374e-06
7.37651e-07
3.14046e-07
1.31555e-07
5.42569e-08
2.2044e-08
8.82772e-09
3.48626e-09
1.35844e-09
5.2251e-10
1.98482e-10
7.44918e-11
2.76333e-11
1.0136e-11
3.67768e-12
1.32041e-12
4.69264e-13
1.65137e-13
5.75606e-14
1.98788e-14
6.80396e-15
2.30866e-15
7.7678e-16
2.5923e-16
8.58275e-17
2.81982e-17
9.19529e-18
2.97682e-18
9.56907e-19
3.05494e-19
9.68798e-20
3.05239e-20
