VARIABLEs = X,u
ZONE I=101
datapacking=block
0
0.01
0.02
0.03
0.04
0.05
0.06
0.07
0.08
0.09
0.1
0.11
0.12
0.13
0.14
0.15
0.16
0.17
0.18
0.19
0.2
0.21
0.22
0.23
0.24
0.25
0.26
0.27
0.28
0.29
0.3
0.31
0.32
0.33
0.34
0.35
0.36
0.37
0.38
0.39
0.4
0.41
0.42
0.43
0.44
0.45
0.46
0.47
0.48
0.49
0.5
0.51
0.52
0.53
0.54
0.55
0.56
0.57
0.58
0.59
0.6
0.61
0.62
0.63
0.64
0.65
0.66
0.67
0.68
0.69
0.7
0.71
0.72
0.73
0.74
0.75
0.76
0.77
0.78
0.79
0.8
0.81
0.82
0.83
0.84
0.85
0.86
0.87
0.88
0.89
0.9
0.91
0.92
0.93
0.94
0.95
0.96
0.97
0.98
0.99
1
0
6.23674e-11
1.59245e-09
2.02594e-08
1.71288e-07
1.08312e-06
5.46595e-06
2.29404e-05
8.23958e-05
0.000258663
0.000721346
0.00181034
0.00413237
0.00865632
0.016768
0.030237
0.0510588
0.0811686
0.122067
0.174445
0.2379
0.310843
0.390624
0.473859
0.556883
0.636231
0.709033
0.773277
0.827897
0.87271
0.908241
0.935507
0.955783
0.970413
0.980667
0.987656
0.992291
0.995274
0.997107
0.998096
0.998335
0.997659
0.995575
0.991185
0.983148
0.969719
0.948919
0.91882
0.877927
0.825552
0.762099
0.689156
0.609376
0.526141
0.443117
0.363769
0.290967
0.226723
0.172103
0.12729
0.0917587
0.0644931
0.0442174
0.0295875
0.0193329
0.0123426
0.00770356
0.00470337
0.00281072
0.00164503
0.000943473
0.00053056
0.000292707
0.000158513
8.43063e-05
4.40602e-05
2.26383e-05
1.1441e-05
5.69006e-06
2.78611e-06
1.34371e-06
6.38591e-07
2.9918e-07
1.38232e-07
6.30114e-08
2.83484e-08
1.2592e-08
5.52416e-09
2.39438e-09
1.02569e-09
4.34381e-10
1.81924e-10
7.53704e-11
3.08977e-11
1.25368e-11
5.03608e-12
2.00336e-12
7.89391e-13
3.08173e-13
1.19225e-13
4.57198e-14
