VARIABLEs = X,u
ZONE I=101
datapacking=block
0
0.01
0.02
0.03
0.04
0.05
0.06
0.07
0.08
0.09
0.1
0.11
0.12
0.13
0.14
0.15
0.16
0.17
0.18
0.19
0.2
0.21
0.22
0.23
0.24
0.25
0.26
0.27
0.28
0.29
0.3
0.31
0.32
0.33
0.34
0.35
0.36
0.37
0.38
0.39
0.4
0.41
0.42
0.43
0.44
0.45
0.46
0.47
0.48
0.49
0.5
0.51
0.52
0.53
0.54
0.55
0.56
0.57
0.58
0.59
0.6
0.61
0.62
0.63
0.64
0.65
0.66
0.67
0.68
0.69
0.7
0.71
0.72
0.73
0.74
0.75
0.76
0.77
0.78
0.79
0.8
0.81
0.82
0.83
0.84
0.85
0.86
0.87
0.88
0.89
0.9
0.91
0.92
0.93
0.94
0.95
0.96
0.97
0.98
0.99
1
0
1.7869e-18
7.80279e-17
1.69942e-15
2.46168e-14
2.66831e-13
2.30881e-12
1.66134e-11
1.02266e-10
5.49801e-10
2.62285e-09
1.1243e-08
4.37467e-08
1.55822e-07
5.11698e-07
1.55862e-06
4.4268e-06
1.17778e-05
2.94737e-05
6.96267e-05
0.000155778
0.000331066
0.000670142
0.00129521
0.00239569
0.00424966
0.00724398
0.0118879
0.0188151
0.0287676
0.0425591
0.0610153
0.0848962
0.114806
0.151106
0.193838
0.242677
0.29692
0.355514
0.417122
0.480225
0.543232
0.604607
0.662968
0.717177
0.766393
0.810092
0.848058
0.880346
0.907231
0.929139
0.946581
0.960087
0.97014
0.977128
0.981291
0.982697
0.981216
0.976525
0.968128
0.955402
0.937664
0.914259
0.884661
0.848562
0.805958
0.757199
0.703006
0.644442
0.582852
0.519761
0.456759
0.395388
0.337029
0.282821
0.233605
0.189903
0.15193
0.119624
0.0926993
0.0707053
0.0530878
0.0392432
0.0285646
0.0204768
0.0144593
0.0100593
0.0068963
0.00465996
0.00310429
0.00203915
0.00132112
0.000844375
0.000532509
0.000331447
0.000203653
0.000123553
7.40285e-05
4.38144e-05
2.56213e-05
1.48062e-05
