VARIABLEs = X,u
ZONE I=101
datapacking=block
0
0.01
0.02
0.03
0.04
0.05
0.06
0.07
0.08
0.09
0.1
0.11
0.12
0.13
0.14
0.15
0.16
0.17
0.18
0.19
0.2
0.21
0.22
0.23
0.24
0.25
0.26
0.27
0.28
0.29
0.3
0.31
0.32
0.33
0.34
0.35
0.36
0.37
0.38
0.39
0.4
0.41
0.42
0.43
0.44
0.45
0.46
0.47
0.48
0.49
0.5
0.51
0.52
0.53
0.54
0.55
0.56
0.57
0.58
0.59
0.6
0.61
0.62
0.63
0.64
0.65
0.66
0.67
0.68
0.69
0.7
0.71
0.72
0.73
0.74
0.75
0.76
0.77
0.78
0.79
0.8
0.81
0.82
0.83
0.84
0.85
0.86
0.87
0.88
0.89
0.9
0.91
0.92
0.93
0.94
0.95
0.96
0.97
0.98
0.99
1
0
5.11968e-26
3.16396e-24
9.75845e-23
2.00285e-21
3.07755e-20
3.77658e-19
3.85547e-18
3.36818e-17
2.57056e-16
1.74115e-15
1.05982e-14
5.85612e-14
2.96203e-13
1.38109e-12
5.97188e-12
2.40713e-11
9.08542e-11
3.22386e-10
1.07925e-09
3.41942e-09
1.02825e-08
2.94225e-08
8.02984e-08
2.09464e-07
5.23289e-07
1.25426e-06
2.88922e-06
6.40609e-06
1.36918e-05
2.82469e-05
5.63227e-05
0.000108673
0.00020313
0.000368227
0.00064802
0.0011082
0.00184335
0.00298504
0.00470995
0.00724715
0.0108831
0.0159629
0.0228862
0.0320966
0.0440642
0.0592603
0.0781266
0.10104
0.128278
0.159983
0.196137
0.236542
0.280819
0.328413
0.378613
0.430593
0.483447
0.536243
0.588068
0.638074
0.685516
0.729777
0.770388
0.807026
0.839507
0.867769
0.891839
0.911806
0.927788
0.939892
0.948196
0.95272
0.953417
0.950175
0.94282
0.931143
0.914929
0.893989
0.868202
0.837551
0.802154
0.762285
0.718384
0.671052
0.621031
0.569172
0.516397
0.463652
0.411855
0.361858
0.314403
0.270099
0.229399
0.1926
0.159841
0.131121
0.106317
0.0852077
0.067502
0.0528604
