VARIABLEs = X,u
ZONE I=101
datapacking=block
0
0.01
0.02
0.03
0.04
0.05
0.06
0.07
0.08
0.09
0.1
0.11
0.12
0.13
0.14
0.15
0.16
0.17
0.18
0.19
0.2
0.21
0.22
0.23
0.24
0.25
0.26
0.27
0.28
0.29
0.3
0.31
0.32
0.33
0.34
0.35
0.36
0.37
0.38
0.39
0.4
0.41
0.42
0.43
0.44
0.45
0.46
0.47
0.48
0.49
0.5
0.51
0.52
0.53
0.54
0.55
0.56
0.57
0.58
0.59
0.6
0.61
0.62
0.63
0.64
0.65
0.66
0.67
0.68
0.69
0.7
0.71
0.72
0.73
0.74
0.75
0.76
0.77
0.78
0.79
0.8
0.81
0.82
0.83
0.84
0.85
0.86
0.87
0.88
0.89
0.9
0.91
0.92
0.93
0.94
0.95
0.96
0.97
0.98
0.99
1
0
6.6351e-27
4.24204e-25
1.35359e-23
2.87433e-22
4.5698e-21
5.80247e-20
6.12958e-19
5.5412e-18
4.37628e-17
3.06756e-16
1.93234e-15
1.105e-14
5.78428e-14
2.79123e-13
1.24911e-12
5.21081e-12
2.03549e-11
7.47503e-11
2.5898e-10
8.49175e-10
2.64262e-09
7.82511e-09
2.20993e-08
5.96517e-08
1.54197e-07
3.82399e-07
9.11327e-07
2.09036e-06
4.62153e-06
9.8618e-06
2.03368e-05
4.05774e-05
7.84241e-05
0.000146975
0.000267364
0.000472551
0.00081223
0.00135886
0.00221465
0.00351901
0.00545584
0.00825956
0.0122187
0.0176759
0.0250221
0.0346858
0.0471148
0.0627523
0.0820073
0.105222
0.132642
0.164379
0.200397
0.24049
0.284281
0.331231
0.38066
0.43178
0.483729
0.535623
0.586591
0.635827
0.682614
0.726356
0.766589
0.802988
0.835354
0.8636
0.887725
0.907786
0.923867
0.936051
0.944388
0.948887
0.949496
0.946107
0.938565
0.926686
0.910286
0.889213
0.863383
0.83281
0.797636
0.758148
0.714785
0.668135
0.618913
0.567934
0.516079
0.464245
0.413309
0.364082
0.317276
0.273477
0.233131
0.196531
0.163829
0.135039
0.110059
0.0886941
