VARIABLEs = X,u
ZONE I=101
datapacking=block
0
0.01
0.02
0.03
0.04
0.05
0.06
0.07
0.08
0.09
0.1
0.11
0.12
0.13
0.14
0.15
0.16
0.17
0.18
0.19
0.2
0.21
0.22
0.23
0.24
0.25
0.26
0.27
0.28
0.29
0.3
0.31
0.32
0.33
0.34
0.35
0.36
0.37
0.38
0.39
0.4
0.41
0.42
0.43
0.44
0.45
0.46
0.47
0.48
0.49
0.5
0.51
0.52
0.53
0.54
0.55
0.56
0.57
0.58
0.59
0.6
0.61
0.62
0.63
0.64
0.65
0.66
0.67
0.68
0.69
0.7
0.71
0.72
0.73
0.74
0.75
0.76
0.77
0.78
0.79
0.8
0.81
0.82
0.83
0.84
0.85
0.86
0.87
0.88
0.89
0.9
0.91
0.92
0.93
0.94
0.95
0.96
0.97
0.98
0.99
1
0
4.96361e-18
2.1145e-16
4.4926e-15
6.34819e-14
6.71214e-13
5.66508e-12
3.97614e-11
2.38732e-10
1.25187e-09
5.82506e-09
2.43548e-08
9.24342e-08
3.21151e-07
1.02874e-06
3.05674e-06
8.46958e-06
2.19847e-05
5.36793e-05
0.000123739
0.000270173
0.000560412
0.00110734
0.00208951
0.00377398
0.00653851
0.0108882
0.0174601
0.0270103
0.0403783
0.0584262
0.0819583
0.111626
0.147833
0.190652
0.239773
0.294486
0.35371
0.416064
0.479971
0.54378
0.605893
0.664882
0.719575
0.769113
0.812974
0.850954
0.883135
0.909823
0.931478
0.948646
0.96189
0.971723
0.978555
0.982647
0.984078
0.982724
0.978255
0.970157
0.957775
0.940387
0.917289
0.887903
0.851877
0.809171
0.760121
0.705451
0.646253
0.583915
0.520017
0.456213
0.394103
0.335116
0.280424
0.230885
0.187023
0.149037
0.116843
0.0901236
0.0683985
0.0510833
0.0375492
0.0271697
0.0193559
0.0135791
0.00938313
0.00638765
0.00428496
0.00283312
0.00184669
0.00118696
0.000752476
0.000470614
0.000290438
0.000176912
0.000106384
6.31702e-05
3.70473e-05
2.14639e-05
1.22874e-05
6.95192e-06
