VARIABLEs = X,u
ZONE I=101
datapacking=block
0
0.01
0.02
0.03
0.04
0.05
0.06
0.07
0.08
0.09
0.1
0.11
0.12
0.13
0.14
0.15
0.16
0.17
0.18
0.19
0.2
0.21
0.22
0.23
0.24
0.25
0.26
0.27
0.28
0.29
0.3
0.31
0.32
0.33
0.34
0.35
0.36
0.37
0.38
0.39
0.4
0.41
0.42
0.43
0.44
0.45
0.46
0.47
0.48
0.49
0.5
0.51
0.52
0.53
0.54
0.55
0.56
0.57
0.58
0.59
0.6
0.61
0.62
0.63
0.64
0.65
0.66
0.67
0.68
0.69
0.7
0.71
0.72
0.73
0.74
0.75
0.76
0.77
0.78
0.79
0.8
0.81
0.82
0.83
0.84
0.85
0.86
0.87
0.88
0.89
0.9
0.91
0.92
0.93
0.94
0.95
0.96
0.97
0.98
0.99
1
0
8.08281e-12
2.23624e-10
3.08314e-09
2.82517e-08
1.93621e-07
1.05896e-06
4.81609e-06
1.87408e-05
6.37198e-05
0.000192382
0.000522441
0.00128959
0.00291895
0.00610397
0.0118694
0.0215857
0.0369012
0.0595752
0.0912187
0.132986
0.185284
0.247572
0.318315
0.395104
0.474938
0.554584
0.630974
0.70153
0.764383
0.818467
0.863482
0.899769
0.928135
0.949661
0.965539
0.976932
0.984891
0.990301
0.993861
0.996072
0.997226
0.99738
0.996309
0.993457
0.987885
0.978279
0.963026
0.940386
0.908761
0.867004
0.814711
0.752426
0.681684
0.604895
0.525062
0.445416
0.369026
0.29847
0.235617
0.181533
0.136518
0.100231
0.0718654
0.0503388
0.0344611
0.0230673
0.0151047
0.00968031
0.00607506
0.00373523
0.00225119
0.00133062
0.000771729
0.000439399
0.000245725
0.000135034
7.29529e-05
3.87656e-05
2.02697e-05
1.04335e-05
5.28911e-06
2.64166e-06
1.30043e-06
6.31214e-07
3.02211e-07
1.42772e-07
6.65771e-08
3.06552e-08
1.39419e-08
6.26493e-09
2.7824e-09
1.22169e-09
5.30473e-10
2.2785e-10
9.68354e-11
4.07317e-11
1.6961e-11
6.99358e-12
2.85612e-12
1.15554e-12
