VARIABLEs = X,u
ZONE I=101
datapacking=block
0
0.01
0.02
0.03
0.04
0.05
0.06
0.07
0.08
0.09
0.1
0.11
0.12
0.13
0.14
0.15
0.16
0.17
0.18
0.19
0.2
0.21
0.22
0.23
0.24
0.25
0.26
0.27
0.28
0.29
0.3
0.31
0.32
0.33
0.34
0.35
0.36
0.37
0.38
0.39
0.4
0.41
0.42
0.43
0.44
0.45
0.46
0.47
0.48
0.49
0.5
0.51
0.52
0.53
0.54
0.55
0.56
0.57
0.58
0.59
0.6
0.61
0.62
0.63
0.64
0.65
0.66
0.67
0.68
0.69
0.7
0.71
0.72
0.73
0.74
0.75
0.76
0.77
0.78
0.79
0.8
0.81
0.82
0.83
0.84
0.85
0.86
0.87
0.88
0.89
0.9
0.91
0.92
0.93
0.94
0.95
0.96
0.97
0.98
0.99
1
0
3.95037e-25
2.35705e-23
7.0184e-22
1.3906e-20
2.06269e-19
2.44334e-18
2.40769e-17
2.03021e-16
1.49548e-15
9.77651e-15
5.74338e-14
3.06281e-13
1.4951e-12
6.72775e-12
2.80751e-11
1.09213e-10
3.97821e-10
1.36236e-09
4.40167e-09
1.34598e-08
3.90654e-08
1.07893e-07
2.84227e-07
7.15705e-07
1.72607e-06
3.9942e-06
8.88343e-06
1.90192e-05
3.92555e-05
7.82174e-05
0.000150647
0.000280802
0.000507134
0.000888391
0.00151111
0.00249821
0.00401807
0.00629301
0.00960586
0.0143028
0.0207908
0.0295284
0.0410079
0.0557303
0.0741723
0.0967488
0.123773
0.15542
0.191695
0.232412
0.277187
0.325448
0.376456
0.429341
0.483149
0.536896
0.589621
0.640432
0.688553
0.733346
0.774333
0.811198
0.843774
0.872023
0.896005
0.915845
0.931694
0.943693
0.951944
0.956484
0.957272
0.954188
0.947044
0.935602
0.91961
0.898841
0.873133
0.842433
0.806832
0.766588
0.722141
0.674104
0.623249
0.570467
0.516726
0.463021
0.410321
0.359518
0.311389
0.266564
0.225509
0.188516
0.155716
0.127087
0.102483
0.0816561
0.0642876
0.0500134
0.0384498
0.0292134
