VARIABLEs = X,u
ZONE I=101
datapacking=block
0
0.01
0.02
0.03
0.04
0.05
0.06
0.07
0.08
0.09
0.1
0.11
0.12
0.13
0.14
0.15
0.16
0.17
0.18
0.19
0.2
0.21
0.22
0.23
0.24
0.25
0.26
0.27
0.28
0.29
0.3
0.31
0.32
0.33
0.34
0.35
0.36
0.37
0.38
0.39
0.4
0.41
0.42
0.43
0.44
0.45
0.46
0.47
0.48
0.49
0.5
0.51
0.52
0.53
0.54
0.55
0.56
0.57
0.58
0.59
0.6
0.61
0.62
0.63
0.64
0.65
0.66
0.67
0.68
0.69
0.7
0.71
0.72
0.73
0.74
0.75
0.76
0.77
0.78
0.79
0.8
0.81
0.82
0.83
0.84
0.85
0.86
0.87
0.88
0.89
0.9
0.91
0.92
0.93
0.94
0.95
0.96
0.97
0.98
0.99
1
0
6.43284e-19
2.87762e-17
6.42074e-16
9.52871e-15
1.05821e-13
9.38142e-13
6.91664e-12
4.36244e-11
2.4031e-10
1.17465e-09
5.15919e-09
2.05687e-08
7.50659e-08
2.52562e-07
7.88165e-07
2.29335e-06
6.2506e-06
1.60228e-05
3.87695e-05
8.88365e-05
0.000193339
0.00040072
0.000792908
0.00150124
0.00272543
0.0047537
0.00798066
0.0129184
0.0201956
0.0305396
0.0447384
0.0635825
0.0877894
0.11792
0.154296
0.196931
0.245488
0.299271
0.357253
0.418141
0.480469
0.542705
0.603367
0.661119
0.714855
0.763752
0.807285
0.845226
0.877608
0.904673
0.926817
0.944516
0.958268
0.96853
0.975662
0.979889
0.981266
0.979659
0.974754
0.966072
0.953019
0.934953
0.911267
0.88148
0.845328
0.802836
0.754369
0.700643
0.642696
0.581829
0.519514
0.457285
0.396627
0.338878
0.285142
0.236245
0.192708
0.154758
0.122354
0.0952378
0.0729899
0.0550833
0.0409388
0.0299691
0.0216124
0.0153568
0.0107535
0.0074222
0.00505053
0.00338885
0.00224269
0.00146413
0.000943143
0.00059959
0.000376273
0.000233139
0.000142654
8.62182e-05
5.14814e-05
3.03757e-05
