VARIABLEs = X,u
ZONE I=101
datapacking=block
0
0.01
0.02
0.03
0.04
0.05
0.06
0.07
0.08
0.09
0.1
0.11
0.12
0.13
0.14
0.15
0.16
0.17
0.18
0.19
0.2
0.21
0.22
0.23
0.24
0.25
0.26
0.27
0.28
0.29
0.3
0.31
0.32
0.33
0.34
0.35
0.36
0.37
0.38
0.39
0.4
0.41
0.42
0.43
0.44
0.45
0.46
0.47
0.48
0.49
0.5
0.51
0.52
0.53
0.54
0.55
0.56
0.57
0.58
0.59
0.6
0.61
0.62
0.63
0.64
0.65
0.66
0.67
0.68
0.69
0.7
0.71
0.72
0.73
0.74
0.75
0.76
0.77
0.78
0.79
0.8
0.81
0.82
0.83
0.84
0.85
0.86
0.87
0.88
0.89
0.9
0.91
0.92
0.93
0.94
0.95
0.96
0.97
0.98
0.99
1
0
6.33403e-15
2.22536e-13
3.89796e-12
4.53942e-11
3.95469e-10
2.74963e-09
1.58962e-08
7.86108e-08
3.39534e-07
1.30144e-06
4.48322e-06
1.40232e-05
4.01699e-05
0.000106142
0.000260314
0.000595766
0.00127846
0.00258326
0.00493371
0.00893719
0.0154037
0.0253347
0.0398708
0.0601938
0.0873891
0.122285
0.165297
0.216304
0.274589
0.338854
0.407316
0.477873
0.548298
0.616455
0.680478
0.738908
0.790764
0.835561
0.873258
0.904186
0.928943
0.948287
0.963042
0.974015
0.981926
0.987361
0.990721
0.992193
0.991713
0.988946
0.983281
0.973861
0.959645
0.939519
0.912444
0.877618
0.834648
0.783665
0.725394
0.661137
0.592679
0.522125
0.451701
0.383544
0.319521
0.261092
0.209236
0.164439
0.126742
0.0958126
0.0710529
0.0516994
0.0369178
0.0258791
0.0178134
0.0120437
0.00800071
0.00522383
0.0033534
0.00211718
0.00131509
0.000803926
0.000483822
0.000286751
0.000167422
9.63271e-05
5.46319e-05
3.05519e-05
1.68522e-05
9.17124e-06
4.92581e-06
2.61174e-06
1.36742e-06
7.07149e-07
3.61304e-07
1.82431e-07
9.1053e-08
4.49334e-08
2.19293e-08
1.05868e-08
