VARIABLEs = X,u
ZONE I=101
datapacking=block
0
0.01
0.02
0.03
0.04
0.05
0.06
0.07
0.08
0.09
0.1
0.11
0.12
0.13
0.14
0.15
0.16
0.17
0.18
0.19
0.2
0.21
0.22
0.23
0.24
0.25
0.26
0.27
0.28
0.29
0.3
0.31
0.32
0.33
0.34
0.35
0.36
0.37
0.38
0.39
0.4
0.41
0.42
0.43
0.44
0.45
0.46
0.47
0.48
0.49
0.5
0.51
0.52
0.53
0.54
0.55
0.56
0.57
0.58
0.59
0.6
0.61
0.62
0.63
0.64
0.65
0.66
0.67
0.68
0.69
0.7
0.71
0.72
0.73
0.74
0.75
0.76
0.77
0.78
0.79
0.8
0.81
0.82
0.83
0.84
0.85
0.86
0.87
0.88
0.89
0.9
0.91
0.92
0.93
0.94
0.95
0.96
0.97
0.98
0.99
1
0
5.04104e-22
2.63142e-20
6.85333e-19
1.18746e-17
1.54e-16
1.59465e-15
1.37344e-14
1.0121e-13
6.51452e-13
3.72104e-12
1.90983e-11
8.89762e-11
3.79435e-10
1.49159e-09
5.4378e-09
1.84807e-08
5.88179e-08
1.76009e-07
4.96986e-07
1.32838e-06
3.3707e-06
8.14088e-06
1.8759e-05
4.13321e-05
8.72527e-05
0.000176805
0.000344498
0.000646491
0.00117026
0.0020463
0.00346108
0.00566984
0.00900699
0.0138915
0.0208242
0.0303749
0.0431565
0.0597877
0.0808441
0.106804
0.137991
0.174526
0.216289
0.2629
0.313722
0.36789
0.424356
0.481957
0.539485
0.595766
0.649723
0.700441
0.747199
0.789492
0.827032
0.85973
0.887662
0.911029
0.930106
0.945195
0.956574
0.964455
0.968952
0.970057
0.967636
0.961434
0.951102
0.936238
0.916438
0.89136
0.860783
0.824665
0.783184
0.73676
0.686062
0.631974
0.575559
0.51799
0.460482
0.404214
0.350262
0.299544
0.252779
0.210465
0.172879
0.140092
0.111993
0.0883243
0.0687233
0.0527583
0.0399649
0.0298752
0.0220412
0.0160512
0.0115395
0.0081909
0.00574124
0.00397444
0.00271774
0.00183599
