VARIABLEs = X,u
ZONE I=101
datapacking=block
0
0.01
0.02
0.03
0.04
0.05
0.06
0.07
0.08
0.09
0.1
0.11
0.12
0.13
0.14
0.15
0.16
0.17
0.18
0.19
0.2
0.21
0.22
0.23
0.24
0.25
0.26
0.27
0.28
0.29
0.3
0.31
0.32
0.33
0.34
0.35
0.36
0.37
0.38
0.39
0.4
0.41
0.42
0.43
0.44
0.45
0.46
0.47
0.48
0.49
0.5
0.51
0.52
0.53
0.54
0.55
0.56
0.57
0.58
0.59
0.6
0.61
0.62
0.63
0.64
0.65
0.66
0.67
0.68
0.69
0.7
0.71
0.72
0.73
0.74
0.75
0.76
0.77
0.78
0.79
0.8
0.81
0.82
0.83
0.84
0.85
0.86
0.87
0.88
0.89
0.9
0.91
0.92
0.93
0.94
0.95
0.96
0.97
0.98
0.99
1
0
6.53319e-23
3.5497e-21
9.62338e-20
1.73579e-18
2.34357e-17
2.52652e-16
2.26563e-15
1.73834e-14
1.16506e-13
6.92933e-13
3.70333e-12
1.79657e-11
7.97783e-11
3.26565e-10
1.23968e-09
4.38695e-09
1.45377e-08
4.52945e-08
1.33154e-07
3.70514e-07
9.78681e-07
2.46032e-06
5.90046e-06
1.3529e-05
2.97169e-05
6.26469e-05
0.00012697
0.000247802
0.000466404
0.000847789
0.00149025
0.00253645
0.00418514
0.00670204
0.0104278
0.0157809
0.023252
0.0333895
0.0467734
0.0639785
0.0855297
0.111851
0.143218
0.179711
0.221185
0.267258
0.317311
0.370517
0.425887
0.482323
0.538691
0.593884
0.646885
0.696822
0.743001
0.784925
0.822295
0.854995
0.883066
0.906663
0.926013
0.941372
0.952972
0.960992
0.96552
0.966536
0.963909
0.957403
0.946704
0.931456
0.911313
0.885991
0.855324
0.819316
0.778172
0.732323
0.682419
0.62931
0.574004
0.517608
0.461266
0.406088
0.353093
0.303155
0.256963
0.215009
0.177576
0.144756
0.116467
0.0924892
0.0724961
0.0560917
0.0428425
0.0323058
0.0240524
0.0176832
0.0128391
0.00920742
0.0065227
0.00456524
