VARIABLEs = X,u
ZONE I=101
datapacking=block
0
0.01
0.02
0.03
0.04
0.05
0.06
0.07
0.08
0.09
0.1
0.11
0.12
0.13
0.14
0.15
0.16
0.17
0.18
0.19
0.2
0.21
0.22
0.23
0.24
0.25
0.26
0.27
0.28
0.29
0.3
0.31
0.32
0.33
0.34
0.35
0.36
0.37
0.38
0.39
0.4
0.41
0.42
0.43
0.44
0.45
0.46
0.47
0.48
0.49
0.5
0.51
0.52
0.53
0.54
0.55
0.56
0.57
0.58
0.59
0.6
0.61
0.62
0.63
0.64
0.65
0.66
0.67
0.68
0.69
0.7
0.71
0.72
0.73
0.74
0.75
0.76
0.77
0.78
0.79
0.8
0.81
0.82
0.83
0.84
0.85
0.86
0.87
0.88
0.89
0.9
0.91
0.92
0.93
0.94
0.95
0.96
0.97
0.98
0.99
1
0
3.0013e-20
1.43863e-18
3.44001e-17
5.47166e-16
6.51344e-15
6.1901e-14
4.89266e-13
3.30844e-12
1.95401e-11
1.02407e-10
4.82253e-10
2.06141e-09
8.06575e-09
2.9093e-08
9.73242e-08
3.03536e-07
8.86628e-07
2.43538e-06
6.31312e-06
1.54944e-05
3.61095e-05
8.01185e-05
0.000169653
0.000343614
0.000667049
0.00124351
0.00223011
0.00385398
0.00642819
0.0103637
0.0161735
0.0244651
0.0359183
0.0512458
0.0711388
0.0962012
0.126879
0.163393
0.205689
0.253402
0.305863
0.362116
0.420986
0.48115
0.541232
0.599895
0.655927
0.708311
0.756269
0.799285
0.837097
0.86968
0.897197
0.919952
0.938328
0.952733
0.963543
0.971051
0.975428
0.9767
0.974729
0.969223
0.95976
0.945835
0.926914
0.902517
0.872288
0.836072
0.793972
0.746385
0.694006
0.637803
0.578965
0.51882
0.458751
0.400095
0.344066
0.291683
0.243723
0.200699
0.162866
0.130239
0.102633
0.0797048
0.0610053
0.0460234
0.034227
0.0250954
0.0181434
0.0129363
0.00909787
0.00631223
0.00432133
0.00291958
0.00194703
0.00128191
0.000833398
0.000535109
0.000339397
0.000212682
