VARIABLEs = X,u
ZONE I=101
datapacking=block
0
0.01
0.02
0.03
0.04
0.05
0.06
0.07
0.08
0.09
0.1
0.11
0.12
0.13
0.14
0.15
0.16
0.17
0.18
0.19
0.2
0.21
0.22
0.23
0.24
0.25
0.26
0.27
0.28
0.29
0.3
0.31
0.32
0.33
0.34
0.35
0.36
0.37
0.38
0.39
0.4
0.41
0.42
0.43
0.44
0.45
0.46
0.47
0.48
0.49
0.5
0.51
0.52
0.53
0.54
0.55
0.56
0.57
0.58
0.59
0.6
0.61
0.62
0.63
0.64
0.65
0.66
0.67
0.68
0.69
0.7
0.71
0.72
0.73
0.74
0.75
0.76
0.77
0.78
0.79
0.8
0.81
0.82
0.83
0.84
0.85
0.86
0.87
0.88
0.89
0.9
0.91
0.92
0.93
0.94
0.95
0.96
0.97
0.98
0.99
1
0
6.14094e-07
9.78457e-06
7.76461e-05
0.000409617
0.00161804
0.00511158
0.0134721
0.0305189
0.0607687
0.10826
0.175094
0.260316
0.359667
0.466373
0.572659
0.671411
0.757435
0.828015
0.882781
0.923116
0.951411
0.970371
0.982543
0.990047
0.994502
0.997053
0.998465
0.999222
0.999616
0.999815
0.999912
0.99995
0.999904
0.999582
0.998379
0.994887
0.986527
0.969481
0.939231
0.89174
0.824906
0.739684
0.640333
0.533627
0.427341
0.328589
0.242565
0.171985
0.117219
0.0768835
0.0485893
0.029629
0.0174572
0.00995264
0.00549822
0.00294733
0.00153512
0.000777906
0.000383991
0.00018486
8.68918e-05
3.99207e-05
1.7945e-05
7.90011e-06
3.4093e-06
1.44349e-06
6.0012e-07
2.45172e-07
9.84991e-08
3.89424e-08
1.5161e-08
5.81589e-09
2.1996e-09
8.20639e-10
3.02184e-10
1.0988e-10
3.94727e-11
1.40154e-11
4.92072e-12
1.709e-12
5.87375e-13
1.99851e-13
6.7339e-14
2.24771e-14
7.43475e-15
2.43767e-15
7.92484e-16
2.55525e-16
8.17366e-17
2.59448e-17
8.17402e-18
2.55667e-18
7.94075e-19
2.44955e-19
7.50652e-20
2.2856e-20
6.91592e-21
2.08002e-21
6.21904e-22
1.8488e-22
