VARIABLEs = X,u
ZONE I=101
datapacking=block
0
0.01
0.02
0.03
0.04
0.05
0.06
0.07
0.08
0.09
0.1
0.11
0.12
0.13
0.14
0.15
0.16
0.17
0.18
0.19
0.2
0.21
0.22
0.23
0.24
0.25
0.26
0.27
0.28
0.29
0.3
0.31
0.32
0.33
0.34
0.35
0.36
0.37
0.38
0.39
0.4
0.41
0.42
0.43
0.44
0.45
0.46
0.47
0.48
0.49
0.5
0.51
0.52
0.53
0.54
0.55
0.56
0.57
0.58
0.59
0.6
0.61
0.62
0.63
0.64
0.65
0.66
0.67
0.68
0.69
0.7
0.71
0.72
0.73
0.74
0.75
0.76
0.77
0.78
0.79
0.8
0.81
0.82
0.83
0.84
0.85
0.86
0.87
0.88
0.89
0.9
0.91
0.92
0.93
0.94
0.95
0.96
0.97
0.98
0.99
1
0
1.04753e-12
3.12165e-11
4.63638e-10
4.57712e-09
3.37972e-08
1.99153e-07
9.75785e-07
4.09019e-06
1.49775e-05
4.86882e-05
0.00014231
0.00037792
0.000919789
0.00206684
0.00431542
0.00841916
0.0154241
0.0266536
0.0436218
0.0678686
0.100731
0.143088
0.195139
0.256256
0.324967
0.399076
0.475893
0.552543
0.626283
0.694779
0.756296
0.80978
0.854853
0.891711
0.92099
0.943607
0.960612
0.973065
0.981952
0.988121
0.992251
0.994825
0.996113
0.996132
0.994611
0.990952
0.984214
0.973142
0.956264
0.932069
0.899236
0.856894
0.804852
0.74374
0.675031
0.600923
0.524107
0.447457
0.373717
0.305221
0.243704
0.19022
0.145147
0.108289
0.0790096
0.0563926
0.0393873
0.0269305
0.0180328
0.0118302
0.00760718
0.00479676
0.00296728
0.00180157
0.00107404
0.000629002
0.000362026
0.000204865
0.00011403
6.24557e-05
3.36745e-05
1.78804e-05
9.35331e-06
4.82201e-06
2.45089e-06
1.22858e-06
6.07602e-07
2.9656e-07
1.42898e-07
6.7998e-08
3.19634e-08
1.48466e-08
6.81623e-09
3.09402e-09
1.38894e-09
6.16786e-10
2.71014e-10
1.17858e-10
5.07391e-11
2.16293e-11
