VARIABLEs = X,u
ZONE I=101
datapacking=block
0
0.01
0.02
0.03
0.04
0.05
0.06
0.07
0.08
0.09
0.1
0.11
0.12
0.13
0.14
0.15
0.16
0.17
0.18
0.19
0.2
0.21
0.22
0.23
0.24
0.25
0.26
0.27
0.28
0.29
0.3
0.31
0.32
0.33
0.34
0.35
0.36
0.37
0.38
0.39
0.4
0.41
0.42
0.43
0.44
0.45
0.46
0.47
0.48
0.49
0.5
0.51
0.52
0.53
0.54
0.55
0.56
0.57
0.58
0.59
0.6
0.61
0.62
0.63
0.64
0.65
0.66
0.67
0.68
0.69
0.7
0.71
0.72
0.73
0.74
0.75
0.76
0.77
0.78
0.79
0.8
0.81
0.82
0.83
0.84
0.85
0.86
0.87
0.88
0.89
0.9
0.91
0.92
0.93
0.94
0.95
0.96
0.97
0.98
0.99
1
0
2.21074e-07
3.75826e-06
3.18199e-05
0.000179066
0.000754262
0.00253943
0.00712707
0.0171738
0.0363246
0.0686217
0.117443
0.184299
0.267982
0.364448
0.467533
0.570236
0.666115
0.750363
0.820323
0.875424
0.916724
0.946269
0.9665
0.979791
0.98819
0.993306
0.996315
0.998027
0.998972
0.999478
0.999741
0.999871
0.999909
0.999793
0.999233
0.997455
0.992871
0.982825
0.963675
0.931378
0.882557
0.815701
0.732018
0.635552
0.532467
0.429764
0.333885
0.249637
0.179677
0.124576
0.0832761
0.0537306
0.0335003
0.0202087
0.0118098
0.00669427
0.00368525
0.0019727
0.00102801
0.000522119
0.000258734
0.000125229
5.9259e-05
2.74421e-05
1.24477e-05
5.53527e-06
2.41506e-06
1.03464e-06
4.3556e-07
1.80304e-07
7.34434e-08
2.94552e-08
1.16385e-08
4.53315e-09
1.74144e-09
6.60158e-10
2.47074e-10
9.13375e-11
3.33661e-11
1.20498e-11
4.30371e-12
1.52077e-12
5.3186e-13
1.84161e-13
6.31544e-14
2.14563e-14
7.22408e-15
2.41107e-15
7.97915e-16
2.61901e-16
8.52828e-17
2.7557e-17
8.83792e-18
2.81392e-18
8.89626e-19
2.79336e-19
8.7127e-20
2.70002e-20
8.31474e-21
2.5449e-21
