VARIABLEs = X,u
ZONE I=101
datapacking=block
0
0.01
0.02
0.03
0.04
0.05
0.06
0.07
0.08
0.09
0.1
0.11
0.12
0.13
0.14
0.15
0.16
0.17
0.18
0.19
0.2
0.21
0.22
0.23
0.24
0.25
0.26
0.27
0.28
0.29
0.3
0.31
0.32
0.33
0.34
0.35
0.36
0.37
0.38
0.39
0.4
0.41
0.42
0.43
0.44
0.45
0.46
0.47
0.48
0.49
0.5
0.51
0.52
0.53
0.54
0.55
0.56
0.57
0.58
0.59
0.6
0.61
0.62
0.63
0.64
0.65
0.66
0.67
0.68
0.69
0.7
0.71
0.72
0.73
0.74
0.75
0.76
0.77
0.78
0.79
0.8
0.81
0.82
0.83
0.84
0.85
0.86
0.87
0.88
0.89
0.9
0.91
0.92
0.93
0.94
0.95
0.96
0.97
0.98
0.99
1
0
1.3576e-13
4.33528e-12
6.90078e-11
7.30198e-10
5.77944e-09
3.65053e-08
1.91725e-07
8.61369e-07
3.3803e-06
1.17741e-05
3.68662e-05
0.000104844
0.000273163
0.000656792
0.00146655
0.00305785
0.00598269
0.0110313
0.019245
0.0318812
0.0503173
0.0758951
0.109721
0.152457
0.204146
0.264107
0.330939
0.402628
0.476747
0.550715
0.622062
0.688663
0.7489
0.801748
0.846769
0.88405
0.914086
0.937651
0.955669
0.969104
0.978868
0.985765
0.990442
0.993355
0.994742
0.994584
0.992576
0.988103
0.980244
0.967822
0.949513
0.924009
0.890226
0.847514
0.795838
0.735884
0.669056
0.59737
0.523252
0.449285
0.377938
0.311337
0.2511
0.198252
0.153231
0.11595
0.0859138
0.0623482
0.0443273
0.0308845
0.021095
0.0141301
0.00928533
0.00598833
0.00379174
0.00235813
0.001441
0.000865563
0.000511256
0.000297065
0.000169865
9.56209e-05
5.30103e-05
2.89521e-05
1.55835e-05
8.26917e-06
4.3273e-06
2.23394e-06
1.13805e-06
5.72298e-07
2.84174e-07
1.39371e-07
6.75327e-08
3.2339e-08
1.53083e-08
7.16526e-09
3.31702e-09
1.51909e-09
6.88405e-10
3.08767e-10
