VARIABLEs = X,u
ZONE I=101
datapacking=block
0
0.01
0.02
0.03
0.04
0.05
0.06
0.07
0.08
0.09
0.1
0.11
0.12
0.13
0.14
0.15
0.16
0.17
0.18
0.19
0.2
0.21
0.22
0.23
0.24
0.25
0.26
0.27
0.28
0.29
0.3
0.31
0.32
0.33
0.34
0.35
0.36
0.37
0.38
0.39
0.4
0.41
0.42
0.43
0.44
0.45
0.46
0.47
0.48
0.49
0.5
0.51
0.52
0.53
0.54
0.55
0.56
0.57
0.58
0.59
0.6
0.61
0.62
0.63
0.64
0.65
0.66
0.67
0.68
0.69
0.7
0.71
0.72
0.73
0.74
0.75
0.76
0.77
0.78
0.79
0.8
0.81
0.82
0.83
0.84
0.85
0.86
0.87
0.88
0.89
0.9
0.91
0.92
0.93
0.94
0.95
0.96
0.97
0.98
0.99
1
0
4.73838e-06
6.53897e-05
0.000449514
0.00205565
0.00704748
0.0193583
0.0444755
0.0881197
0.154114
0.242415
0.348364
0.463623
0.578365
0.683722
0.773561
0.845131
0.898681
0.936491
0.96179
0.977894
0.987678
0.99337
0.996551
0.998262
0.99915
0.999596
0.999813
0.999916
0.999963
0.999984
0.999989
0.999932
0.999549
0.997944
0.992952
0.980642
0.955524
0.91188
0.845886
0.757585
0.651636
0.536377
0.421635
0.316278
0.226439
0.154869
0.101319
0.0635091
0.0382098
0.0221065
0.0123221
0.0066295
0.00344895
0.00173803
0.000849785
0.000403764
0.000186705
8.41408e-05
3.7004e-05
1.59009e-05
6.68394e-06
2.7514e-06
1.11028e-06
4.39624e-07
1.7096e-07
6.53495e-08
2.45734e-08
9.09681e-09
3.31755e-09
1.19271e-09
4.22975e-10
1.48049e-10
5.11738e-11
1.7477e-11
5.9003e-12
1.97002e-12
6.50794e-13
2.12801e-13
6.89017e-14
2.2099e-14
7.02348e-15
2.21266e-15
6.91186e-16
2.14153e-16
6.583e-17
2.00823e-17
6.08137e-18
1.82851e-18
5.46008e-19
1.61959e-19
4.77317e-20
1.39795e-20
4.06954e-21
1.17773e-21
3.389e-22
9.69827e-23
2.76048e-23
7.81647e-24
2.2021e-24
6.17338e-25
