VARIABLEs = X,u
ZONE I=101
datapacking=block
0
0.01
0.02
0.03
0.04
0.05
0.06
0.07
0.08
0.09
0.1
0.11
0.12
0.13
0.14
0.15
0.16
0.17
0.18
0.19
0.2
0.21
0.22
0.23
0.24
0.25
0.26
0.27
0.28
0.29
0.3
0.31
0.32
0.33
0.34
0.35
0.36
0.37
0.38
0.39
0.4
0.41
0.42
0.43
0.44
0.45
0.46
0.47
0.48
0.49
0.5
0.51
0.52
0.53
0.54
0.55
0.56
0.57
0.58
0.59
0.6
0.61
0.62
0.63
0.64
0.65
0.66
0.67
0.68
0.69
0.7
0.71
0.72
0.73
0.74
0.75
0.76
0.77
0.78
0.79
0.8
0.81
0.82
0.83
0.84
0.85
0.86
0.87
0.88
0.89
0.9
0.91
0.92
0.93
0.94
0.95
0.96
0.97
0.98
0.99
1
0
1.33675e-09
2.98541e-08
3.32138e-07
2.45547e-06
1.35777e-05
5.9931e-05
0.000220087
0.000692084
0.00190368
0.0046565
0.0102635
0.0206081
0.0380457
0.0650986
0.103969
0.155978
0.221089
0.297685
0.382679
0.471943
0.560951
0.645454
0.722036
0.788445
0.843669
0.887798
0.921748
0.946937
0.964992
0.977513
0.985926
0.991411
0.994885
0.997023
0.998296
0.999001
0.999269
0.999036
0.997954
0.995271
0.9897
0.979374
0.961946
0.934897
0.896029
0.844022
0.778911
0.702315
0.617321
0.528057
0.439048
0.354546
0.277964
0.211555
0.156331
0.112202
0.0782522
0.0530628
0.0350079
0.022487
0.0140736
0.00858852
0.00511442
0.00297421
0.00169031
0.000939518
0.000511089
0.0002723
0.000142184
7.28112e-05
3.659e-05
1.80557e-05
8.75404e-06
4.1725e-06
1.95621e-06
9.02608e-07
4.10077e-07
1.83539e-07
8.09645e-08
3.52174e-08
1.51115e-08
6.39921e-09
2.6754e-09
1.10474e-09
4.50716e-10
1.81749e-10
7.2463e-11
2.85744e-11
1.11479e-11
4.30426e-12
1.64519e-12
6.2269e-13
2.33444e-13
8.67081e-14
3.19164e-14
1.16453e-14
4.2128e-15
1.51137e-15
5.37833e-16
1.89884e-16
