VARIABLEs = X,u
ZONE I=101
datapacking=block
0
0.01
0.02
0.03
0.04
0.05
0.06
0.07
0.08
0.09
0.1
0.11
0.12
0.13
0.14
0.15
0.16
0.17
0.18
0.19
0.2
0.21
0.22
0.23
0.24
0.25
0.26
0.27
0.28
0.29
0.3
0.31
0.32
0.33
0.34
0.35
0.36
0.37
0.38
0.39
0.4
0.41
0.42
0.43
0.44
0.45
0.46
0.47
0.48
0.49
0.5
0.51
0.52
0.53
0.54
0.55
0.56
0.57
0.58
0.59
0.6
0.61
0.62
0.63
0.64
0.65
0.66
0.67
0.68
0.69
0.7
0.71
0.72
0.73
0.74
0.75
0.76
0.77
0.78
0.79
0.8
0.81
0.82
0.83
0.84
0.85
0.86
0.87
0.88
0.89
0.9
0.91
0.92
0.93
0.94
0.95
0.96
0.97
0.98
0.99
1
0
0.1296
0.40608
0.68256
0.860736
0.947162
0.981945
0.994289
0.998296
0.999514
0.999867
0.999964
0.999991
0.999998
0.999999
1
1
1
1
1
1
1
1
1
1
1
1
1
1
1
1
0.8704
0.59392
0.31744
0.139264
0.0528384
0.0180552
0.00571146
0.00170394
0.000485622
0.000133431
3.55834e-05
9.25683e-06
2.35825e-06
5.90139e-07
1.45417e-07
3.53529e-08
8.49363e-09
2.01931e-09
4.75601e-10
1.11079e-10
2.57467e-11
5.92684e-12
1.35581e-12
3.08379e-13
6.97717e-14
1.57096e-14
3.52129e-15
7.86013e-16
1.74774e-16
3.87221e-17
8.55019e-18
1.88201e-18
4.13032e-19
9.0393e-20
1.9731e-20
4.29622e-21
9.33276e-22
2.02289e-22
4.37546e-23
9.44517e-24
2.03505e-24
4.3768e-25
9.3971e-26
2.01428e-26
4.31089e-27
9.21224e-28
1.96581e-28
4.18914e-29
8.91533e-30
1.89497e-30
4.02293e-31
8.53056e-32
1.80687e-32
3.82304e-33
8.08055e-34
1.70624e-34
3.5993e-35
7.58567e-36
1.59727e-36
3.36038e-37
7.0637e-38
1.48362e-38
3.11368e-39
6.52971e-40
1.36834e-40
2.86538e-41
5.99613e-42
1.25391e-42
2.62048e-43
5.4729e-44
