VARIABLEs = X,u
ZONE I=101
datapacking=block
0
0.01
0.02
0.03
0.04
0.05
0.06
0.07
0.08
0.09
0.1
0.11
0.12
0.13
0.14
0.15
0.16
0.17
0.18
0.19
0.2
0.21
0.22
0.23
0.24
0.25
0.26
0.27
0.28
0.29
0.3
0.31
0.32
0.33
0.34
0.35
0.36
0.37
0.38
0.39
0.4
0.41
0.42
0.43
0.44
0.45
0.46
0.47
0.48
0.49
0.5
0.51
0.52
0.53
0.54
0.55
0.56
0.57
0.58
0.59
0.6
0.61
0.62
0.63
0.64
0.65
0.66
0.67
0.68
0.69
0.7
0.71
0.72
0.73
0.74
0.75
0.76
0.77
0.78
0.79
0.8
0.81
0.82
0.83
0.84
0.85
0.86
0.87
0.88
0.89
0.9
0.91
0.92
0.93
0.94
0.95
0.96
0.97
0.98
0.99
1
0
2.35195e-23
1.30298e-21
3.6019e-20
6.62478e-19
9.12084e-18
1.00271e-16
9.16943e-16
7.17466e-15
4.90379e-14
2.97441e-13
1.62118e-12
8.02075e-12
3.63235e-11
1.51637e-10
5.87054e-10
2.11864e-09
7.16e-09
2.27498e-08
6.82012e-08
1.93524e-07
5.21256e-07
1.33618e-06
3.26741e-06
7.63849e-06
1.71058e-05
3.67629e-05
7.5954e-05
0.000151098
0.000289858
0.000536952
0.000961802
0.00166794
0.00280371
0.00457339
0.00724713
0.0111678
0.0167525
0.0244862
0.0349064
0.0485766
0.0660509
0.08783
0.114314
0.145755
0.182215
0.223542
0.269349
0.319029
0.371773
0.426618
0.482498
0.538312
0.592983
0.645525
0.695084
0.740979
0.782716
0.819993
0.852683
0.880808
0.904502
0.923972
0.939449
0.951146
0.959225
0.963761
0.964732
0.962007
0.95536
0.944493
0.929073
0.90878
0.883356
0.852662
0.816721
0.775752
0.730187
0.68067
0.628033
0.573259
0.517424
0.461639
0.406984
0.35445
0.304888
0.258978
0.217204
0.179853
0.147026
0.118655
0.0945355
0.0743597
0.0577476
0.0442806
0.0335283
0.0250709
0.0185153
0.0135067
0.00973358
0.00693039
