VARIABLEs = X,u
ZONE I=101
datapacking=block
0
0.01
0.02
0.03
0.04
0.05
0.06
0.07
0.08
0.09
0.1
0.11
0.12
0.13
0.14
0.15
0.16
0.17
0.18
0.19
0.2
0.21
0.22
0.23
0.24
0.25
0.26
0.27
0.28
0.29
0.3
0.31
0.32
0.33
0.34
0.35
0.36
0.37
0.38
0.39
0.4
0.41
0.42
0.43
0.44
0.45
0.46
0.47
0.48
0.49
0.5
0.51
0.52
0.53
0.54
0.55
0.56
0.57
0.58
0.59
0.6
0.61
0.62
0.63
0.64
0.65
0.66
0.67
0.68
0.69
0.7
0.71
0.72
0.73
0.74
0.75
0.76
0.77
0.78
0.79
0.8
0.81
0.82
0.83
0.84
0.85
0.86
0.87
0.88
0.89
0.9
0.91
0.92
0.93
0.94
0.95
0.96
0.97
0.98
0.99
1
0
2.34744e-06
3.13704e-05
0.000212104
0.000967899
0.00335552
0.00943312
0.0224171
0.0463615
0.0852712
0.141867
0.216471
0.306488
0.406735
0.510488
0.610871
0.702129
0.780424
0.844065
0.893242
0.929477
0.955007
0.972248
0.983433
0.990418
0.994625
0.997073
0.998451
0.999202
0.9996
0.999805
0.999905
0.999925
0.999768
0.999023
0.996641
0.990565
0.977582
0.953638
0.914729
0.858133
0.783529
0.693512
0.593265
0.489512
0.389129
0.297871
0.219576
0.155935
0.106758
0.0705226
0.0449929
0.0277521
0.0165669
0.00958173
0.00537473
0.00292703
0.00154912
0.000797535
0.000399781
0.000195293
9.30485e-05
4.32757e-05
1.96619e-05
8.73325e-06
3.79488e-06
1.6143e-06
6.72689e-07
2.74759e-07
1.10066e-07
4.32668e-08
1.66991e-08
6.33124e-09
2.35914e-09
8.64346e-10
3.11521e-10
1.10494e-10
3.85851e-11
1.32709e-11
4.49725e-12
1.50216e-12
4.9472e-13
1.60703e-13
5.15049e-14
1.62918e-14
5.08763e-15
1.56897e-15
4.77952e-16
1.43861e-16
4.27962e-17
1.25857e-17
3.65986e-18
1.05261e-18
2.99495e-19
8.43179e-20
2.34938e-20
6.48004e-21
1.76962e-21
4.78567e-22
1.28188e-22
3.40153e-23
