VARIABLEs = X,u
ZONE I=101
datapacking=block
0
0.01
0.02
0.03
0.04
0.05
0.06
0.07
0.08
0.09
0.1
0.11
0.12
0.13
0.14
0.15
0.16
0.17
0.18
0.19
0.2
0.21
0.22
0.23
0.24
0.25
0.26
0.27
0.28
0.29
0.3
0.31
0.32
0.33
0.34
0.35
0.36
0.37
0.38
0.39
0.4
0.41
0.42
0.43
0.44
0.45
0.46
0.47
0.48
0.49
0.5
0.51
0.52
0.53
0.54
0.55
0.56
0.57
0.58
0.59
0.6
0.61
0.62
0.63
0.64
0.65
0.66
0.67
0.68
0.69
0.7
0.71
0.72
0.73
0.74
0.75
0.76
0.77
0.78
0.79
0.8
0.81
0.82
0.83
0.84
0.85
0.86
0.87
0.88
0.89
0.9
0.91
0.92
0.93
0.94
0.95
0.96
0.97
0.98
0.99
1
0
0.217629
0.534181
0.778789
0.912211
0.969825
0.990776
0.997442
0.999347
0.999845
0.999965
0.999993
0.999999
1
1
1
1
1
1
1
1
1
1
1
1
1
1
1
1
1
1
0.782371
0.465819
0.221211
0.0877889
0.0301746
0.00922401
0.00255789
0.000653287
0.000155493
3.48157e-05
7.38907e-06
1.49573e-06
2.90278e-07
5.42447e-08
9.79688e-09
1.71546e-09
2.92027e-10
4.84451e-11
7.84816e-12
1.24387e-12
1.93188e-13
2.9445e-14
4.40998e-15
6.49769e-16
9.42839e-17
1.34861e-17
1.90318e-18
2.65193e-19
3.65127e-20
4.97067e-21
6.69478e-22
8.9259e-23
1.17865e-23
1.54221e-24
2.0004e-25
2.57328e-26
3.28411e-27
4.15971e-28
5.23081e-29
6.53236e-30
8.10386e-31
9.98973e-32
1.22396e-32
1.49085e-33
1.80575e-34
2.17534e-35
2.60695e-36
3.10853e-37
3.6887e-38
4.35675e-39
5.12262e-40
5.99693e-41
6.99095e-42
8.11661e-43
9.38644e-44
1.08136e-44
1.24118e-45
1.41952e-46
1.61786e-47
1.83771e-48
2.08061e-49
2.34816e-50
2.64195e-51
2.9636e-52
3.31473e-53
3.69698e-54
4.11195e-55
4.56124e-56
5.04641e-57
5.569e-58
