VARIABLEs = X,u
ZONE I=101
datapacking=block
0
0.01
0.02
0.03
0.04
0.05
0.06
0.07
0.08
0.09
0.1
0.11
0.12
0.13
0.14
0.15
0.16
0.17
0.18
0.19
0.2
0.21
0.22
0.23
0.24
0.25
0.26
0.27
0.28
0.29
0.3
0.31
0.32
0.33
0.34
0.35
0.36
0.37
0.38
0.39
0.4
0.41
0.42
0.43
0.44
0.45
0.46
0.47
0.48
0.49
0.5
0.51
0.52
0.53
0.54
0.55
0.56
0.57
0.58
0.59
0.6
0.61
0.62
0.63
0.64
0.65
0.66
0.67
0.68
0.69
0.7
0.71
0.72
0.73
0.74
0.75
0.76
0.77
0.78
0.79
0.8
0.81
0.82
0.83
0.84
0.85
0.86
0.87
0.88
0.89
0.9
0.91
0.92
0.93
0.94
0.95
0.96
0.97
0.98
0.99
1
0
0.00704013
0.0403207
0.120497
0.251694
0.41569
0.582668
0.726876
0.835501
0.908329
0.952467
0.976943
0.989485
0.995471
0.99815
0.99928
0.999733
0.999905
0.999967
0.999989
0.999997
0.999999
1
1
1
1
1
1
1
1
1
0.99296
0.959679
0.879503
0.748306
0.58431
0.417332
0.273124
0.164499
0.0916714
0.0475334
0.0230568
0.0105151
0.00452931
0.00185035
0.000719615
0.000267323
9.51429e-05
3.25322e-05
1.07132e-05
3.40548e-06
1.04706e-06
3.11971e-07
9.02289e-08
2.53715e-08
6.94609e-09
1.85398e-09
4.83029e-10
1.2298e-10
3.06303e-11
7.47041e-12
1.78571e-12
4.18719e-13
9.6388e-14
2.1799e-14
4.84691e-15
1.06022e-15
2.28295e-16
4.84194e-17
1.01205e-17
2.0858e-18
4.24074e-19
8.50963e-20
1.68605e-20
3.29993e-21
6.38237e-22
1.2203e-22
2.30737e-23
4.31598e-24
7.98904e-25
1.46385e-25
2.65594e-26
4.77287e-27
8.49762e-28
1.49929e-28
2.62212e-29
4.54674e-30
7.81857e-31
1.33362e-31
2.25684e-32
3.78987e-33
6.31664e-34
1.04512e-34
1.71691e-35
2.8009e-36
4.53831e-37
7.30474e-38
1.16815e-38
1.85625e-39
2.93146e-40
4.60152e-41
