VARIABLEs = X,u
ZONE I=101
datapacking=block
0
0.01
0.02
0.03
0.04
0.05
0.06
0.07
0.08
0.09
0.1
0.11
0.12
0.13
0.14
0.15
0.16
0.17
0.18
0.19
0.2
0.21
0.22
0.23
0.24
0.25
0.26
0.27
0.28
0.29
0.3
0.31
0.32
0.33
0.34
0.35
0.36
0.37
0.38
0.39
0.4
0.41
0.42
0.43
0.44
0.45
0.46
0.47
0.48
0.49
0.5
0.51
0.52
0.53
0.54
0.55
0.56
0.57
0.58
0.59
0.6
0.61
0.62
0.63
0.64
0.65
0.66
0.67
0.68
0.69
0.7
0.71
0.72
0.73
0.74
0.75
0.76
0.77
0.78
0.79
0.8
0.81
0.82
0.83
0.84
0.85
0.86
0.87
0.88
0.89
0.9
0.91
0.92
0.93
0.94
0.95
0.96
0.97
0.98
0.99
1
0
1.31329e-18
5.28897e-17
1.06801e-15
1.44183e-14
1.46405e-13
1.1927e-12
8.12041e-12
4.75274e-11
2.44115e-10
1.11784e-09
4.62066e-09
1.74161e-08
6.03584e-08
1.9369e-07
5.78965e-07
1.62038e-06
4.26533e-06
1.06019e-05
2.49712e-05
5.59098e-05
0.000119334
0.000243437
0.000475745
0.000892614
0.00161108
0.00280243
0.00470609
0.0076417
0.0120165
0.018325
0.0271379
0.0390778
0.0547829
0.0748577
0.099817
0.130028
0.165655
0.206621
0.252586
0.302944
0.35685
0.413266
0.471026
0.528907
0.585711
0.640335
0.691826
0.73943
0.782606
0.821039
0.854613
0.88339
0.907562
0.927406
0.94323
0.955327
0.963929
0.96917
0.971062
0.969485
0.964193
0.954834
0.940995
0.92225
0.898226
0.868664
0.833481
0.792814
0.747049
0.696823
0.643003
0.586642
0.528918
0.471059
0.414267
0.359651
0.308162
0.260556
0.217366
0.178904
0.145266
0.116366
0.0919616
0.0717016
0.0551593
0.0418707
0.031365
0.0231883
0.0169212
0.0121895
0.00866938
0.00608832
0.00422254
0.00289253
0.00195736
0.00130864
0.000864534
0.000564449
0.000364258
0.00023238
