VARIABLEs = X,u
ZONE I=101
datapacking=block
0
0.01
0.02
0.03
0.04
0.05
0.06
0.07
0.08
0.09
0.1
0.11
0.12
0.13
0.14
0.15
0.16
0.17
0.18
0.19
0.2
0.21
0.22
0.23
0.24
0.25
0.26
0.27
0.28
0.29
0.3
0.31
0.32
0.33
0.34
0.35
0.36
0.37
0.38
0.39
0.4
0.41
0.42
0.43
0.44
0.45
0.46
0.47
0.48
0.49
0.5
0.51
0.52
0.53
0.54
0.55
0.56
0.57
0.58
0.59
0.6
0.61
0.62
0.63
0.64
0.65
0.66
0.67
0.68
0.69
0.7
0.71
0.72
0.73
0.74
0.75
0.76
0.77
0.78
0.79
0.8
0.81
0.82
0.83
0.84
0.85
0.86
0.87
0.88
0.89
0.9
0.91
0.92
0.93
0.94
0.95
0.96
0.97
0.98
0.99
1
0
1.14599e-09
2.3649e-08
2.45611e-07
1.7119e-06
9.01004e-06
3.82026e-05
0.000135953
0.00041778
0.00113196
0.00274787
0.00605314
0.0122266
0.0228432
0.0397702
0.064941
0.100027
0.146078
0.203211
0.270443
0.345718
0.426124
0.508271
0.588721
0.664401
0.732914
0.792707
0.843092
0.884147
0.916538
0.941313
0.959707
0.972976
0.982287
0.988647
0.992875
0.995596
0.997241
0.998039
0.997978
0.996749
0.993668
0.987621
0.977076
0.960187
0.935037
0.899961
0.853916
0.796786
0.729555
0.654282
0.573876
0.491729
0.411279
0.335599
0.267086
0.207293
0.156908
0.115853
0.0834622
0.058687
0.0402933
0.0270239
0.0177127
0.0113513
0.0071161
0.00436594
0.00262279
0.00154349
0.000890233
0.000503455
0.000279299
0.000152062
8.1283e-05
4.26762e-05
2.20169e-05
1.11655e-05
5.5682e-06
2.73167e-06
1.31878e-06
6.26757e-07
2.93325e-07
1.35228e-07
6.14304e-08
2.75064e-08
1.21435e-08
5.28739e-09
2.27112e-09
9.62629e-10
4.02726e-10
1.66342e-10
6.78485e-11
2.73356e-11
1.08809e-11
4.28001e-12
1.66404e-12
6.39608e-13
2.43098e-13
9.13801e-14
3.39789e-14
1.25007e-14
