VARIABLEs = X,u
ZONE I=101
datapacking=block
0
0.01
0.02
0.03
0.04
0.05
0.06
0.07
0.08
0.09
0.1
0.11
0.12
0.13
0.14
0.15
0.16
0.17
0.18
0.19
0.2
0.21
0.22
0.23
0.24
0.25
0.26
0.27
0.28
0.29
0.3
0.31
0.32
0.33
0.34
0.35
0.36
0.37
0.38
0.39
0.4
0.41
0.42
0.43
0.44
0.45
0.46
0.47
0.48
0.49
0.5
0.51
0.52
0.53
0.54
0.55
0.56
0.57
0.58
0.59
0.6
0.61
0.62
0.63
0.64
0.65
0.66
0.67
0.68
0.69
0.7
0.71
0.72
0.73
0.74
0.75
0.76
0.77
0.78
0.79
0.8
0.81
0.82
0.83
0.84
0.85
0.86
0.87
0.88
0.89
0.9
0.91
0.92
0.93
0.94
0.95
0.96
0.97
0.98
0.99
1
0
9.82297e-25
5.27761e-23
1.4206e-21
2.55441e-20
3.45181e-19
3.73914e-18
3.38219e-17
2.62764e-16
1.78991e-15
1.08602e-14
5.94277e-14
2.96244e-13
1.35654e-12
5.746e-12
2.26483e-11
8.34965e-11
2.89205e-10
9.44832e-10
2.92165e-09
8.57779e-09
2.39779e-08
6.39783e-08
1.63318e-07
3.99692e-07
9.39591e-07
2.12541e-06
4.63386e-06
9.75212e-06
1.98391e-05
3.90644e-05
7.45438e-05
0.000138011
0.000248178
0.000433914
0.000738342
0.00122384
0.00197785
0.00311904
0.00480352
0.00723012
0.0106439
0.0153369
0.021645
0.0299403
0.0406179
0.0540781
0.0707039
0.0908349
0.11474
0.142593
0.174447
0.210218
0.249679
0.292457
0.338043
0.385813
0.435055
0.485002
0.534865
0.583874
0.631307
0.676519
0.718962
0.758198
0.7939
0.825845
0.853903
0.878016
0.898177
0.9144
0.926705
0.935095
0.93954
0.939976
0.936303
0.928396
0.91612
0.899359
0.878033
0.852134
0.821743
0.787056
0.748389
0.706187
0.661014
0.613535
0.564497
0.514688
0.464914
0.415953
0.368531
0.323286
0.280753
0.241344
0.205347
0.172922
0.144113
0.118861
0.0970177
0.0783686
