VARIABLEs = X,u
ZONE I=101
datapacking=block
0
0.01
0.02
0.03
0.04
0.05
0.06
0.07
0.08
0.09
0.1
0.11
0.12
0.13
0.14
0.15
0.16
0.17
0.18
0.19
0.2
0.21
0.22
0.23
0.24
0.25
0.26
0.27
0.28
0.29
0.3
0.31
0.32
0.33
0.34
0.35
0.36
0.37
0.38
0.39
0.4
0.41
0.42
0.43
0.44
0.45
0.46
0.47
0.48
0.49
0.5
0.51
0.52
0.53
0.54
0.55
0.56
0.57
0.58
0.59
0.6
0.61
0.62
0.63
0.64
0.65
0.66
0.67
0.68
0.69
0.7
0.71
0.72
0.73
0.74
0.75
0.76
0.77
0.78
0.79
0.8
0.81
0.82
0.83
0.84
0.85
0.86
0.87
0.88
0.89
0.9
0.91
0.92
0.93
0.94
0.95
0.96
0.97
0.98
0.99
1
0
2.03019e-09
4.07883e-08
4.12514e-07
2.80057e-06
1.43609e-05
5.93412e-05
0.000205868
0.000616904
0.00163048
0.0038624
0.00830595
0.0163851
0.0299116
0.0509108
0.0813187
0.1226
0.175374
0.239154
0.312276
0.392046
0.475078
0.557752
0.636667
0.709032
0.7729
0.827245
0.8719
0.907383
0.934687
0.955057
0.969811
0.980194
0.987303
0.99204
0.995108
0.997015
0.998076
0.998394
0.997812
0.995829
0.991527
0.983526
0.970042
0.949065
0.918669
0.877394
0.824623
0.760844
0.687723
0.607954
0.524922
0.442248
0.363333
0.290968
0.2271
0.172755
0.1281
0.0926169
0.0653133
0.0449426
0.0301893
0.0198057
0.0126965
0.00795707
0.00487768
0.00292607
0.00171863
0.00098883
0.000557583
0.000308284
0.000167204
8.89997e-05
4.65121e-05
2.3876e-05
1.20435e-05
5.97192e-06
2.91211e-06
1.397e-06
6.59534e-07
3.06535e-07
1.40304e-07
6.32629e-08
2.81096e-08
1.23117e-08
5.31702e-09
2.2648e-09
9.51745e-10
3.94692e-10
1.61568e-10
6.53014e-11
2.60653e-11
1.02774e-11
4.00384e-12
1.54151e-12
5.86654e-13
2.20737e-13
8.21329e-14
3.02267e-14
1.10048e-14
3.9643e-15
