VARIABLEs = X,u
ZONE I=101
datapacking=block
0
0.01
0.02
0.03
0.04
0.05
0.06
0.07
0.08
0.09
0.1
0.11
0.12
0.13
0.14
0.15
0.16
0.17
0.18
0.19
0.2
0.21
0.22
0.23
0.24
0.25
0.26
0.27
0.28
0.29
0.3
0.31
0.32
0.33
0.34
0.35
0.36
0.37
0.38
0.39
0.4
0.41
0.42
0.43
0.44
0.45
0.46
0.47
0.48
0.49
0.5
0.51
0.52
0.53
0.54
0.55
0.56
0.57
0.58
0.59
0.6
0.61
0.62
0.63
0.64
0.65
0.66
0.67
0.68
0.69
0.7
0.71
0.72
0.73
0.74
0.75
0.76
0.77
0.78
0.79
0.8
0.81
0.82
0.83
0.84
0.85
0.86
0.87
0.88
0.89
0.9
0.91
0.92
0.93
0.94
0.95
0.96
0.97
0.98
0.99
1
0
3.38524e-05
0.000366222
0.00201296
0.00750209
0.0213497
0.0495484
0.097828
0.169307
0.262717
0.372167
0.488582
0.602111
0.704458
0.790345
0.857827
0.907723
0.942593
0.965716
0.980313
0.989114
0.994194
0.997009
0.99851
0.999281
0.999663
0.999847
0.999932
0.999971
0.999988
0.999995
0.999964
0.999633
0.997987
0.992498
0.97865
0.950452
0.902172
0.830693
0.737283
0.627833
0.511418
0.397889
0.295542
0.209655
0.142173
0.0922773
0.0574069
0.0342843
0.0196867
0.0108862
0.00580592
0.00299088
0.0014903
0.00071925
0.000336646
0.000152996
6.75921e-05
2.90598e-05
1.21706e-05
4.97024e-06
1.98099e-06
7.71259e-07
2.93554e-07
1.09315e-07
3.98562e-08
1.42376e-08
4.98638e-09
1.71324e-09
5.77816e-10
1.91403e-10
6.23056e-11
1.99411e-11
6.27807e-12
1.94519e-12
5.93405e-13
1.78311e-13
5.27983e-14
1.54116e-14
4.43632e-15
1.2598e-15
3.53048e-16
9.76703e-17
2.66825e-17
7.20042e-18
1.91992e-18
5.05974e-19
1.31828e-19
3.39655e-20
8.65622e-21
2.18264e-21
5.44635e-22
1.34522e-22
3.28961e-23
7.96613e-24
1.9107e-24
4.54011e-25
1.06894e-25
2.49419e-26
5.76869e-27
1.32273e-27
