VARIABLEs = X,u
ZONE I=101
datapacking=block
0
0.01
0.02
0.03
0.04
0.05
0.06
0.07
0.08
0.09
0.1
0.11
0.12
0.13
0.14
0.15
0.16
0.17
0.18
0.19
0.2
0.21
0.22
0.23
0.24
0.25
0.26
0.27
0.28
0.29
0.3
0.31
0.32
0.33
0.34
0.35
0.36
0.37
0.38
0.39
0.4
0.41
0.42
0.43
0.44
0.45
0.46
0.47
0.48
0.49
0.5
0.51
0.52
0.53
0.54
0.55
0.56
0.57
0.58
0.59
0.6
0.61
0.62
0.63
0.64
0.65
0.66
0.67
0.68
0.69
0.7
0.71
0.72
0.73
0.74
0.75
0.76
0.77
0.78
0.79
0.8
0.81
0.82
0.83
0.84
0.85
0.86
0.87
0.88
0.89
0.9
0.91
0.92
0.93
0.94
0.95
0.96
0.97
0.98
0.99
1
0
7.99616e-24
4.1362e-22
1.07201e-20
1.85619e-19
2.41558e-18
2.52017e-17
2.19574e-16
1.64329e-15
1.07842e-14
6.30443e-14
3.32421e-13
1.59693e-12
7.04775e-12
2.87748e-11
1.09334e-10
3.88607e-10
1.29783e-09
4.0887e-09
1.21935e-08
3.45302e-08
9.31133e-08
2.39698e-07
5.9041e-07
1.39442e-06
3.16384e-06
6.90857e-06
1.45421e-05
2.95521e-05
5.80613e-05
0.000110432
0.00020359
0.000364224
0.000633014
0.00106989
0.00176025
0.00282178
0.0044114
0.00673139
0.0100338
0.0146217
0.0208466
0.0291006
0.0398021
0.053377
0.0702335
0.0907336
0.115164
0.143705
0.176408
0.213176
0.253755
0.297734
0.344557
0.393548
0.443941
0.494914
0.545635
0.595297
0.643155
0.688554
0.730951
0.769924
0.805175
0.836515
0.863856
0.887179
0.906515
0.921912
0.933413
0.941035
0.944752
0.944492
0.94014
0.931546
0.918551
0.901009
0.878819
0.851954
0.820492
0.784631
0.74471
0.701202
0.654712
0.605954
0.555722
0.504856
0.454203
0.404576
0.356724
0.311295
0.26882
0.229695
0.194182
0.162409
0.13438
0.109997
0.0890723
0.0713558
0.0565525
0.0443431
