VARIABLEs = X,u
ZONE I=101
datapacking=block
0
0.01
0.02
0.03
0.04
0.05
0.06
0.07
0.08
0.09
0.1
0.11
0.12
0.13
0.14
0.15
0.16
0.17
0.18
0.19
0.2
0.21
0.22
0.23
0.24
0.25
0.26
0.27
0.28
0.29
0.3
0.31
0.32
0.33
0.34
0.35
0.36
0.37
0.38
0.39
0.4
0.41
0.42
0.43
0.44
0.45
0.46
0.47
0.48
0.49
0.5
0.51
0.52
0.53
0.54
0.55
0.56
0.57
0.58
0.59
0.6
0.61
0.62
0.63
0.64
0.65
0.66
0.67
0.68
0.69
0.7
0.71
0.72
0.73
0.74
0.75
0.76
0.77
0.78
0.79
0.8
0.81
0.82
0.83
0.84
0.85
0.86
0.87
0.88
0.89
0.9
0.91
0.92
0.93
0.94
0.95
0.96
0.97
0.98
0.99
1
0
1.23611e-14
3.89937e-13
6.17371e-12
6.54136e-11
5.2183e-10
3.34331e-09
1.7921e-08
8.26685e-08
3.35037e-07
1.21195e-06
3.96228e-06
1.18269e-05
3.25012e-05
8.28134e-05
0.000196833
0.000438692
0.000921037
0.00182898
0.00344768
0.00618942
0.0106136
0.0174318
0.02749
0.0417226
0.0610767
0.0864131
0.118394
0.157373
0.203313
0.255734
0.313715
0.375946
0.44083
0.506607
0.571504
0.633874
0.692305
0.745712
0.793369
0.834916
0.870323
0.899836
0.923905
0.943106
0.958067
0.969398
0.97763
0.98316
0.986212
0.986798
0.984703
0.979487
0.970513
0.957002
0.93812
0.913089
0.881301
0.842443
0.796577
0.744201
0.686248
0.624032
0.559158
0.493387
0.428492
0.366124
0.307694
0.254287
0.20663
0.165083
0.129673
0.100152
0.0760622
0.0568107
0.0417357
0.030163
0.0214491
0.0150106
0.0103403
0.00701299
0.00468389
0.00308133
0.00199709
0.00127549
0.000802936
0.000498312
0.000304955
0.000184069
0.000109604
6.43973e-05
3.73418e-05
2.13746e-05
1.208e-05
6.7419e-06
3.71649e-06
2.02396e-06
1.0891e-06
5.79177e-07
3.04446e-07
1.58213e-07
