VARIABLEs = X,u
ZONE I=101
datapacking=block
0
0.01
0.02
0.03
0.04
0.05
0.06
0.07
0.08
0.09
0.1
0.11
0.12
0.13
0.14
0.15
0.16
0.17
0.18
0.19
0.2
0.21
0.22
0.23
0.24
0.25
0.26
0.27
0.28
0.29
0.3
0.31
0.32
0.33
0.34
0.35
0.36
0.37
0.38
0.39
0.4
0.41
0.42
0.43
0.44
0.45
0.46
0.47
0.48
0.49
0.5
0.51
0.52
0.53
0.54
0.55
0.56
0.57
0.58
0.59
0.6
0.61
0.62
0.63
0.64
0.65
0.66
0.67
0.68
0.69
0.7
0.71
0.72
0.73
0.74
0.75
0.76
0.77
0.78
0.79
0.8
0.81
0.82
0.83
0.84
0.85
0.86
0.87
0.88
0.89
0.9
0.91
0.92
0.93
0.94
0.95
0.96
0.97
0.98
0.99
1
0
1.91088e-05
0.000217146
0.00125234
0.0048912
0.0145673
0.0353268
0.0727569
0.131089
0.211297
0.310138
0.420661
0.533924
0.64118
0.735686
0.813622
0.874082
0.918396
0.949203
0.969585
0.982458
0.990241
0.994755
0.997273
0.998627
0.99933
0.999682
0.999854
0.999934
0.999971
0.999988
0.999976
0.999781
0.998747
0.995108
0.985433
0.964673
0.927243
0.868911
0.788703
0.689862
0.579339
0.466076
0.35882
0.264314
0.186378
0.125918
0.0816036
0.0507969
0.0304146
0.0175416
0.00975931
0.0052449
0.00272653
0.00137278
0.000670267
0.000317733
0.000146396
6.56313e-05
2.86579e-05
1.21995e-05
5.06752e-06
2.05578e-06
8.15148e-07
3.16161e-07
1.20035e-07
4.46413e-08
1.62734e-08
5.81842e-09
2.04161e-09
7.03444e-10
2.38126e-10
7.92374e-11
2.59305e-11
8.34933e-12
2.64635e-12
8.26009e-13
2.54004e-13
7.69816e-14
2.3003e-14
6.77942e-15
1.97133e-15
5.65758e-16
1.60304e-16
4.48574e-17
1.24002e-17
3.38727e-18
9.14574e-19
2.44146e-19
6.44543e-20
1.68319e-20
4.34908e-21
1.11209e-21
2.8149e-22
7.05432e-23
1.75068e-23
4.30333e-24
1.04793e-24
2.52857e-25
6.04654e-26
1.4332e-26
