VARIABLEs = X,u
ZONE I=101
datapacking=block
0
0.01
0.02
0.03
0.04
0.05
0.06
0.07
0.08
0.09
0.1
0.11
0.12
0.13
0.14
0.15
0.16
0.17
0.18
0.19
0.2
0.21
0.22
0.23
0.24
0.25
0.26
0.27
0.28
0.29
0.3
0.31
0.32
0.33
0.34
0.35
0.36
0.37
0.38
0.39
0.4
0.41
0.42
0.43
0.44
0.45
0.46
0.47
0.48
0.49
0.5
0.51
0.52
0.53
0.54
0.55
0.56
0.57
0.58
0.59
0.6
0.61
0.62
0.63
0.64
0.65
0.66
0.67
0.68
0.69
0.7
0.71
0.72
0.73
0.74
0.75
0.76
0.77
0.78
0.79
0.8
0.81
0.82
0.83
0.84
0.85
0.86
0.87
0.88
0.89
0.9
0.91
0.92
0.93
0.94
0.95
0.96
0.97
0.98
0.99
1
0
2.06116e-10
4.59077e-09
5.14268e-08
3.86375e-07
2.19053e-06
9.9976e-06
3.82687e-05
0.000126386
0.000367708
0.000957606
0.00226075
0.00488856
0.00976595
0.0181564
0.0316139
0.0518408
0.0804573
0.118715
0.167213
0.225689
0.292936
0.366879
0.444795
0.523634
0.600383
0.672387
0.737593
0.794677
0.843049
0.882778
0.914441
0.938955
0.957409
0.970932
0.980584
0.987297
0.991834
0.994774
0.996496
0.997151
0.99662
0.994462
0.989864
0.981636
0.968272
0.948098
0.91951
0.881268
0.832778
0.774307
0.707061
0.63312
0.555205
0.476366
0.399617
0.327613
0.262407
0.205323
0.156951
0.117222
0.0855587
0.0610455
0.0425909
0.0290677
0.0194135
0.0126931
0.00812801
0.00509957
0.00313616
0.00189129
0.0011189
0.000649649
0.000370331
0.000207347
0.000114068
6.16818e-05
3.27967e-05
1.71529e-05
8.82737e-06
4.47151e-06
2.23022e-06
1.0956e-06
5.30265e-07
2.52933e-07
1.18936e-07
5.51491e-08
2.52231e-08
1.13817e-08
5.06846e-09
2.22799e-09
9.66991e-10
4.14483e-10
1.75494e-10
7.34157e-11
3.03513e-11
1.24027e-11
5.01069e-12
2.00173e-12
7.90898e-13
3.0912e-13
