VARIABLEs = X,u
ZONE I=101
datapacking=block
0
0.01
0.02
0.03
0.04
0.05
0.06
0.07
0.08
0.09
0.1
0.11
0.12
0.13
0.14
0.15
0.16
0.17
0.18
0.19
0.2
0.21
0.22
0.23
0.24
0.25
0.26
0.27
0.28
0.29
0.3
0.31
0.32
0.33
0.34
0.35
0.36
0.37
0.38
0.39
0.4
0.41
0.42
0.43
0.44
0.45
0.46
0.47
0.48
0.49
0.5
0.51
0.52
0.53
0.54
0.55
0.56
0.57
0.58
0.59
0.6
0.61
0.62
0.63
0.64
0.65
0.66
0.67
0.68
0.69
0.7
0.71
0.72
0.73
0.74
0.75
0.76
0.77
0.78
0.79
0.8
0.81
0.82
0.83
0.84
0.85
0.86
0.87
0.88
0.89
0.9
0.91
0.92
0.93
0.94
0.95
0.96
0.97
0.98
0.99
1
0
5.99717e-05
0.000616073
0.00321964
0.0114248
0.0310053
0.0687423
0.129922
0.215732
0.32202
0.440118
0.559289
0.669597
0.764027
0.839306
0.895522
0.935043
0.961315
0.977894
0.987857
0.993578
0.996725
0.998387
0.999231
0.999645
0.999841
0.999931
0.999971
0.999988
0.999995
0.999998
0.999939
0.999384
0.99678
0.988575
0.968995
0.931258
0.870078
0.784268
0.67798
0.559882
0.440711
0.330403
0.235973
0.160694
0.104478
0.0649573
0.0386847
0.0221063
0.0121425
0.00642169
0.00327524
0.00161347
0.000768854
0.000354892
0.000158887
6.90809e-05
2.92021e-05
1.20153e-05
4.81689e-06
1.88338e-06
7.18865e-07
2.68086e-07
9.77626e-08
3.48885e-08
1.21933e-08
4.17633e-09
1.40277e-09
4.62347e-10
1.49624e-10
4.75694e-11
1.48657e-11
4.5687e-12
1.38155e-12
4.11248e-13
1.2056e-13
3.48212e-14
9.91305e-15
2.78266e-15
7.70486e-16
2.10511e-16
5.6773e-17
1.51184e-17
3.97655e-18
1.03341e-18
2.65419e-19
6.73918e-20
1.69205e-20
4.2021e-21
1.03246e-21
2.51037e-22
6.04175e-23
1.43961e-23
3.39688e-24
7.93887e-25
1.83809e-25
4.21689e-26
9.58773e-27
2.16081e-27
4.82808e-28
1.0697e-28
