VARIABLEs = X,u
ZONE I=101
datapacking=block
0
0.01
0.02
0.03
0.04
0.05
0.06
0.07
0.08
0.09
0.1
0.11
0.12
0.13
0.14
0.15
0.16
0.17
0.18
0.19
0.2
0.21
0.22
0.23
0.24
0.25
0.26
0.27
0.28
0.29
0.3
0.31
0.32
0.33
0.34
0.35
0.36
0.37
0.38
0.39
0.4
0.41
0.42
0.43
0.44
0.45
0.46
0.47
0.48
0.49
0.5
0.51
0.52
0.53
0.54
0.55
0.56
0.57
0.58
0.59
0.6
0.61
0.62
0.63
0.64
0.65
0.66
0.67
0.68
0.69
0.7
0.71
0.72
0.73
0.74
0.75
0.76
0.77
0.78
0.79
0.8
0.81
0.82
0.83
0.84
0.85
0.86
0.87
0.88
0.89
0.9
0.91
0.92
0.93
0.94
0.95
0.96
0.97
0.98
0.99
1
0
4.6236e-13
1.29881e-11
1.83224e-10
1.73083e-09
1.23178e-08
7.04501e-08
3.3733e-07
1.39099e-06
5.04286e-06
1.63305e-05
4.78332e-05
0.000128022
0.000315736
0.00072267
0.00154446
0.0030984
0.00586194
0.0105023
0.0178847
0.0290467
0.04513
0.0672707
0.0964562
0.133371
0.178255
0.230811
0.290166
0.354917
0.423242
0.493066
0.562255
0.628806
0.69101
0.747558
0.797604
0.840761
0.877052
0.906833
0.930698
0.949381
0.963667
0.974318
0.982004
0.987257
0.990422
0.991623
0.990727
0.98733
0.980759
0.970118
0.954364
0.932427
0.903366
0.866526
0.821686
0.769156
0.709816
0.645073
0.576753
0.506931
0.437744
0.371193
0.30899
0.252442
0.202395
0.159238
0.122947
0.0931652
0.0692969
0.0506028
0.0362848
0.0255543
0.0176806
0.0120208
0.00803327
0.00527823
0.00341069
0.00216807
0.00135613
0.000834921
0.000506087
0.000302103
0.000177645
0.000102928
5.87762e-05
3.30882e-05
1.83676e-05
1.00565e-05
5.43192e-06
2.8952e-06
1.52306e-06
7.90979e-07
4.05617e-07
2.05429e-07
1.02776e-07
5.0803e-08
2.48166e-08
1.19821e-08
5.71931e-09
2.6993e-09
