VARIABLEs = X,u
ZONE I=101
datapacking=block
0
0.01
0.02
0.03
0.04
0.05
0.06
0.07
0.08
0.09
0.1
0.11
0.12
0.13
0.14
0.15
0.16
0.17
0.18
0.19
0.2
0.21
0.22
0.23
0.24
0.25
0.26
0.27
0.28
0.29
0.3
0.31
0.32
0.33
0.34
0.35
0.36
0.37
0.38
0.39
0.4
0.41
0.42
0.43
0.44
0.45
0.46
0.47
0.48
0.49
0.5
0.51
0.52
0.53
0.54
0.55
0.56
0.57
0.58
0.59
0.6
0.61
0.62
0.63
0.64
0.65
0.66
0.67
0.68
0.69
0.7
0.71
0.72
0.73
0.74
0.75
0.76
0.77
0.78
0.79
0.8
0.81
0.82
0.83
0.84
0.85
0.86
0.87
0.88
0.89
0.9
0.91
0.92
0.93
0.94
0.95
0.96
0.97
0.98
0.99
1
0
0.000106243
0.00103346
0.00512164
0.0172623
0.0445788
0.0942451
0.17025
0.270931
0.388774
0.512568
0.630736
0.734254
0.818167
0.881542
0.926398
0.956302
0.975162
0.986458
0.992904
0.996421
0.998259
0.999182
0.999628
0.999836
0.99993
0.999971
0.999988
0.999995
0.999998
0.999999
0.999894
0.998966
0.994878
0.982738
0.955421
0.905755
0.82975
0.729069
0.611226
0.487432
0.369264
0.265746
0.181833
0.118458
0.0736021
0.043698
0.024838
0.0135422
0.00709561
0.00357928
0.0017412
0.000818182
0.000371929
0.000163796
6.99778e-05
2.90392e-05
1.1719e-05
4.60426e-06
1.763e-06
6.58557e-07
2.40209e-07
8.56284e-08
2.98565e-08
1.01904e-08
3.40719e-09
1.11675e-09
3.59049e-10
1.1331e-10
3.51197e-11
1.06967e-11
3.20333e-12
9.43678e-13
2.73608e-13
7.81123e-14
2.19678e-14
6.08857e-15
1.66372e-15
4.48383e-16
1.19229e-16
3.12922e-17
8.10879e-18
2.07532e-18
5.24755e-19
1.3113e-19
3.23929e-20
7.91258e-21
1.91171e-21
4.56958e-22
1.0809e-22
2.53079e-23
5.86658e-24
1.3467e-24
3.06202e-25
6.89737e-26
1.53952e-26
3.40565e-27
7.46803e-28
1.62361e-28
3.50031e-29
7.48428e-30
