VARIABLEs = X,u
ZONE I=101
datapacking=block
0
0.01
0.02
0.03
0.04
0.05
0.06
0.07
0.08
0.09
0.1
0.11
0.12
0.13
0.14
0.15
0.16
0.17
0.18
0.19
0.2
0.21
0.22
0.23
0.24
0.25
0.26
0.27
0.28
0.29
0.3
0.31
0.32
0.33
0.34
0.35
0.36
0.37
0.38
0.39
0.4
0.41
0.42
0.43
0.44
0.45
0.46
0.47
0.48
0.49
0.5
0.51
0.52
0.53
0.54
0.55
0.56
0.57
0.58
0.59
0.6
0.61
0.62
0.63
0.64
0.65
0.66
0.67
0.68
0.69
0.7
0.71
0.72
0.73
0.74
0.75
0.76
0.77
0.78
0.79
0.8
0.81
0.82
0.83
0.84
0.85
0.86
0.87
0.88
0.89
0.9
0.91
0.92
0.93
0.94
0.95
0.96
0.97
0.98
0.99
1
0
0.122846
0.368538
0.625398
0.812205
0.918345
0.968521
0.989047
0.996511
0.998971
0.999716
0.999926
0.999982
0.999996
0.999999
1
1
1
1
1
1
1
1
1
1
1
1
1
1
1
1
0.877154
0.631462
0.374602
0.187795
0.0816548
0.0314794
0.010953
0.00348891
0.00102915
0.000283764
7.37017e-05
1.81479e-05
4.2595e-06
9.57351e-07
2.06863e-07
4.31198e-08
8.69661e-09
1.70152e-09
3.23697e-10
5.99991e-11
1.08555e-11
1.92026e-12
3.32595e-13
5.64801e-14
9.41499e-15
1.54229e-15
2.48523e-16
3.94292e-17
6.16432e-18
9.50393e-19
1.44604e-19
2.17271e-20
3.22577e-21
4.73497e-22
6.87518e-23
9.87973e-24
1.40572e-24
1.98121e-25
2.76702e-26
3.83096e-27
5.25981e-28
7.16378e-29
9.68186e-30
1.29881e-30
1.72993e-31
2.2883e-32
3.00685e-33
3.92577e-34
5.09387e-35
6.57011e-36
8.42532e-37
1.07441e-37
1.36271e-38
1.71934e-39
2.15831e-40
2.69605e-41
3.35175e-42
4.14765e-43
5.10954e-44
6.2671e-45
7.65437e-46
9.31028e-47
1.12791e-47
1.36112e-48
1.63633e-49
1.95993e-50
2.33911e-51
2.78189e-52
3.29721e-53
3.89501e-54
