VARIABLEs = X,u
ZONE I=101
datapacking=block
0
0.01
0.02
0.03
0.04
0.05
0.06
0.07
0.08
0.09
0.1
0.11
0.12
0.13
0.14
0.15
0.16
0.17
0.18
0.19
0.2
0.21
0.22
0.23
0.24
0.25
0.26
0.27
0.28
0.29
0.3
0.31
0.32
0.33
0.34
0.35
0.36
0.37
0.38
0.39
0.4
0.41
0.42
0.43
0.44
0.45
0.46
0.47
0.48
0.49
0.5
0.51
0.52
0.53
0.54
0.55
0.56
0.57
0.58
0.59
0.6
0.61
0.62
0.63
0.64
0.65
0.66
0.67
0.68
0.69
0.7
0.71
0.72
0.73
0.74
0.75
0.76
0.77
0.78
0.79
0.8
0.81
0.82
0.83
0.84
0.85
0.86
0.87
0.88
0.89
0.9
0.91
0.92
0.93
0.94
0.95
0.96
0.97
0.98
0.99
1
0
2.57068e-12
6.80062e-11
9.03796e-10
8.046e-09
5.39834e-08
2.91187e-07
1.31548e-06
5.11998e-06
1.75278e-05
5.36235e-05
0.000148456
0.000375742
0.000876804
0.00189995
0.00384659
0.00731514
0.0131289
0.0223315
0.0361353
0.0558173
0.0825669
0.117307
0.160516
0.212094
0.271291
0.336732
0.406519
0.478421
0.55009
0.619288
0.684082
0.742986
0.795028
0.839759
0.877194
0.907726
0.932011
0.950864
0.965152
0.975716
0.983306
0.988531
0.991819
0.993375
0.99315
0.990808
0.985717
0.976971
0.96345
0.94394
0.917293
0.882614
0.83944
0.787882
0.728695
0.663261
0.593477
0.521577
0.449909
0.380712
0.315918
0.257014
0.204972
0.160241
0.122806
0.0922739
0.0679874
0.0491311
0.0348309
0.0242308
0.0165457
0.0110929
0.00730425
0.00472508
0.00300386
0.00187724
0.00115362
0.000697336
0.00041475
0.000242786
0.000139921
7.94121e-05
4.43973e-05
2.44575e-05
1.32791e-05
7.1079e-06
3.7518e-06
1.95332e-06
1.00334e-06
5.08586e-07
2.54463e-07
1.25698e-07
6.13151e-08
2.95418e-08
1.40614e-08
6.61343e-09
3.07412e-09
1.41251e-09
6.4169e-10
2.88269e-10
