VARIABLEs = X,u
ZONE I=101
datapacking=block
0
0.01
0.02
0.03
0.04
0.05
0.06
0.07
0.08
0.09
0.1
0.11
0.12
0.13
0.14
0.15
0.16
0.17
0.18
0.19
0.2
0.21
0.22
0.23
0.24
0.25
0.26
0.27
0.28
0.29
0.3
0.31
0.32
0.33
0.34
0.35
0.36
0.37
0.38
0.39
0.4
0.41
0.42
0.43
0.44
0.45
0.46
0.47
0.48
0.49
0.5
0.51
0.52
0.53
0.54
0.55
0.56
0.57
0.58
0.59
0.6
0.61
0.62
0.63
0.64
0.65
0.66
0.67
0.68
0.69
0.7
0.71
0.72
0.73
0.74
0.75
0.76
0.77
0.78
0.79
0.8
0.81
0.82
0.83
0.84
0.85
0.86
0.87
0.88
0.89
0.9
0.91
0.92
0.93
0.94
0.95
0.96
0.97
0.98
0.99
1
0
5.26578e-09
1.01007e-07
9.75737e-07
6.33014e-06
3.10334e-05
0.00012266
0.000407258
0.00116865
0.00295965
0.00672256
0.0138721
0.0262804
0.0461148
0.0755198
0.11619
0.168939
0.233375
0.307805
0.389377
0.474462
0.55916
0.639825
0.713489
0.778128
0.832728
0.877203
0.912191
0.938815
0.958438
0.972463
0.982195
0.988759
0.993066
0.995814
0.997505
0.998456
0.99879
0.998387
0.996799
0.993149
0.986061
0.973685
0.953868
0.924472
0.883806
0.83106
0.766624
0.692194
0.610623
0.525538
0.44084
0.360175
0.286511
0.221872
0.167272
0.122797
0.0878088
0.0611846
0.0415621
0.0275373
0.017805
0.0112406
0.00693275
0.00417952
0.00246427
0.00142175
0.00080309
0.000444356
0.000240959
0.000128119
6.68264e-05
3.42094e-05
1.71949e-05
8.48982e-06
4.11929e-06
1.96493e-06
9.21808e-07
4.25469e-07
1.93279e-07
8.64465e-08
3.80803e-08
1.65268e-08
7.06881e-09
2.98065e-09
1.23939e-09
5.08355e-10
2.05733e-10
8.21748e-11
3.24028e-11
1.26167e-11
4.85215e-12
1.84354e-12
6.92146e-13
2.56843e-13
9.42232e-14
3.41788e-14
1.22618e-14
4.35149e-15
1.52787e-15
5.30868e-16
