VARIABLEs = X,u
ZONE I=101
datapacking=block
0
0.01
0.02
0.03
0.04
0.05
0.06
0.07
0.08
0.09
0.1
0.11
0.12
0.13
0.14
0.15
0.16
0.17
0.18
0.19
0.2
0.21
0.22
0.23
0.24
0.25
0.26
0.27
0.28
0.29
0.3
0.31
0.32
0.33
0.34
0.35
0.36
0.37
0.38
0.39
0.4
0.41
0.42
0.43
0.44
0.45
0.46
0.47
0.48
0.49
0.5
0.51
0.52
0.53
0.54
0.55
0.56
0.57
0.58
0.59
0.6
0.61
0.62
0.63
0.64
0.65
0.66
0.67
0.68
0.69
0.7
0.71
0.72
0.73
0.74
0.75
0.76
0.77
0.78
0.79
0.8
0.81
0.82
0.83
0.84
0.85
0.86
0.87
0.88
0.89
0.9
0.91
0.92
0.93
0.94
0.95
0.96
0.97
0.98
0.99
1
0
4.83845e-16
1.67586e-14
2.91211e-13
3.38504e-12
2.96122e-11
2.07957e-10
1.22128e-09
6.16946e-09
2.73679e-08
1.08307e-07
3.87181e-07
1.26298e-06
3.79086e-06
1.05437e-05
2.7338e-05
6.64229e-05
0.000151921
0.000328404
0.000673348
0.00131372
0.00244602
0.00435769
0.00744639
0.012232
0.0193561
0.029563
0.0436599
0.0624558
0.0866829
0.11691
0.153457
0.196328
0.245166
0.299251
0.357531
0.418686
0.481231
0.543623
0.604372
0.662148
0.715853
0.764675
0.808106
0.845932
0.878197
0.905158
0.927217
0.944858
0.958586
0.968858
0.97604
0.980352
0.981845
0.980375
0.975613
0.967061
0.954106
0.936086
0.912378
0.882493
0.846168
0.80344
0.754692
0.700663
0.642418
0.581284
0.518751
0.456367
0.395622
0.337848
0.284145
0.235322
0.191889
0.154057
0.121775
0.0947754
0.0726314
0.0548133
0.0407411
0.0298279
0.0215141
0.0152898
0.0107087
0.00739266
0.00503124
0.0033763
0.0022345
0.00145873
0.000939523
0.000597118
0.000374555
0.00023193
0.000141795
8.56072e-05
5.10485e-05
3.00716e-05
1.75028e-05
1.00673e-05
5.72325e-06
3.21642e-06
