VARIABLEs = X,u
ZONE I=101
datapacking=block
0
0.01
0.02
0.03
0.04
0.05
0.06
0.07
0.08
0.09
0.1
0.11
0.12
0.13
0.14
0.15
0.16
0.17
0.18
0.19
0.2
0.21
0.22
0.23
0.24
0.25
0.26
0.27
0.28
0.29
0.3
0.31
0.32
0.33
0.34
0.35
0.36
0.37
0.38
0.39
0.4
0.41
0.42
0.43
0.44
0.45
0.46
0.47
0.48
0.49
0.5
0.51
0.52
0.53
0.54
0.55
0.56
0.57
0.58
0.59
0.6
0.61
0.62
0.63
0.64
0.65
0.66
0.67
0.68
0.69
0.7
0.71
0.72
0.73
0.74
0.75
0.76
0.77
0.78
0.79
0.8
0.81
0.82
0.83
0.84
0.85
0.86
0.87
0.88
0.89
0.9
0.91
0.92
0.93
0.94
0.95
0.96
0.97
0.98
0.99
1
0
2.43469e-21
1.1266e-19
2.61276e-18
4.04931e-17
4.71812e-16
4.40858e-15
3.44115e-14
2.30794e-13
1.35776e-12
7.11783e-12
3.36665e-11
1.45127e-10
5.74925e-10
2.10777e-09
7.19404e-09
2.29769e-08
6.89803e-08
1.95428e-07
5.2432e-07
1.33632e-06
3.24453e-06
7.52353e-06
1.67004e-05
3.55619e-05
7.27849e-05
0.000143441
0.000272647
0.000500608
0.000889177
0.00152989
0.00255309
0.00413739
0.00651835
0.00999469
0.0149303
0.0217505
0.0309302
0.0429743
0.0583896
0.0776497
0.101156
0.129196
0.16191
0.199258
0.241004
0.286715
0.335767
0.387381
0.440657
0.494624
0.548296
0.600721
0.651034
0.698488
0.742487
0.782596
0.818536
0.850178
0.877514
0.900624
0.919646
0.934731
0.946012
0.953577
0.957439
0.957534
0.953717
0.945777
0.933461
0.916513
0.894709
0.867906
0.836082
0.799365
0.758062
0.712659
0.663817
0.612345
0.559165
0.50526
0.451628
0.399225
0.348921
0.301458
0.257429
0.217254
0.181187
0.149319
0.121596
0.0978449
0.0778006
0.0611318
0.0474692
0.0364287
0.0276308
0.0207155
0.0153528
0.0112489
0.00814905
0.00583743
