VARIABLEs = X,u
ZONE I=101
datapacking=block
0
0.01
0.02
0.03
0.04
0.05
0.06
0.07
0.08
0.09
0.1
0.11
0.12
0.13
0.14
0.15
0.16
0.17
0.18
0.19
0.2
0.21
0.22
0.23
0.24
0.25
0.26
0.27
0.28
0.29
0.3
0.31
0.32
0.33
0.34
0.35
0.36
0.37
0.38
0.39
0.4
0.41
0.42
0.43
0.44
0.45
0.46
0.47
0.48
0.49
0.5
0.51
0.52
0.53
0.54
0.55
0.56
0.57
0.58
0.59
0.6
0.61
0.62
0.63
0.64
0.65
0.66
0.67
0.68
0.69
0.7
0.71
0.72
0.73
0.74
0.75
0.76
0.77
0.78
0.79
0.8
0.81
0.82
0.83
0.84
0.85
0.86
0.87
0.88
0.89
0.9
0.91
0.92
0.93
0.94
0.95
0.96
0.97
0.98
0.99
1
0
7.64108e-21
3.45238e-19
7.81841e-18
1.18331e-16
1.34652e-15
1.22886e-14
9.36911e-14
6.13822e-13
3.52773e-12
1.80679e-11
8.34984e-11
3.5171e-10
1.36157e-09
4.87841e-09
1.62739e-08
5.08057e-08
1.49103e-07
4.12983e-07
1.08334e-06
2.69991e-06
6.41066e-06
1.4539e-05
3.15681e-05
6.5761e-05
0.000131686
0.000253947
0.000472392
0.00084897
0.00147619
0.00248683
0.00406403
0.00645066
0.009956
0.0149581
0.0218996
0.031275
0.0436099
0.0594301
0.0792243
0.103402
0.13225
0.165895
0.204274
0.247116
0.293941
0.344077
0.39669
0.450829
0.505481
0.559624
0.612289
0.662603
0.709828
0.753389
0.792883
0.828069
0.858861
0.885291
0.907478
0.925591
0.939805
0.950268
0.957069
0.960216
0.95963
0.955143
0.946519
0.933478
0.915738
0.89306
0.865293
0.832417
0.794579
0.752113
0.705546
0.655586
0.60309
0.549029
0.494428
0.440316
0.387669
0.337361
0.290127
0.246537
0.206981
0.171674
0.140665
0.113859
0.0910453
0.071922
0.0561308
0.0432813
0.0329753
0.0248256
0.0184703
0.0135815
0.00987123
0.00709227
0.00503777
0.00353817
