VARIABLEs = X,u
ZONE I=101
datapacking=block
0
0.01
0.02
0.03
0.04
0.05
0.06
0.07
0.08
0.09
0.1
0.11
0.12
0.13
0.14
0.15
0.16
0.17
0.18
0.19
0.2
0.21
0.22
0.23
0.24
0.25
0.26
0.27
0.28
0.29
0.3
0.31
0.32
0.33
0.34
0.35
0.36
0.37
0.38
0.39
0.4
0.41
0.42
0.43
0.44
0.45
0.46
0.47
0.48
0.49
0.5
0.51
0.52
0.53
0.54
0.55
0.56
0.57
0.58
0.59
0.6
0.61
0.62
0.63
0.64
0.65
0.66
0.67
0.68
0.69
0.7
0.71
0.72
0.73
0.74
0.75
0.76
0.77
0.78
0.79
0.8
0.81
0.82
0.83
0.84
0.85
0.86
0.87
0.88
0.89
0.9
0.91
0.92
0.93
0.94
0.95
0.96
0.97
0.98
0.99
1
0
9.47097e-10
1.97168e-08
2.06561e-07
1.45219e-06
7.70864e-06
3.2962e-05
0.000118288
0.000366508
0.00100116
0.00244997
0.00543977
0.0110735
0.020847
0.0365668
0.0601464
0.0933008
0.137193
0.192116
0.257303
0.330912
0.410208
0.491907
0.572593
0.649134
0.719006
0.780493
0.832736
0.875656
0.909797
0.936126
0.955832
0.970163
0.980301
0.987282
0.991962
0.995004
0.996878
0.997853
0.997964
0.996961
0.994231
0.988746
0.979056
0.963382
0.939827
0.906686
0.8628
0.80788
0.742695
0.669088
0.589792
0.508093
0.427406
0.350866
0.280994
0.219506
0.167264
0.124344
0.0902026
0.0638745
0.0441683
0.0298365
0.0196984
0.0127162
0.00803032
0.00496318
0.00300363
0.00178071
0.00103467
0.000589484
0.000329453
0.0001807
9.73078e-05
5.14685e-05
2.67495e-05
1.36658e-05
6.86544e-06
3.3929e-06
1.65006e-06
7.8995e-07
3.72408e-07
1.7294e-07
7.91349e-08
3.56915e-08
1.58713e-08
6.96047e-09
3.01133e-09
1.28555e-09
5.41681e-10
2.25336e-10
9.25666e-11
3.75594e-11
1.50564e-11
5.96432e-12
2.33523e-12
9.03897e-13
3.45953e-13
1.30951e-13
4.90319e-14
1.81638e-14
