VARIABLEs = X,u
ZONE I=101
datapacking=block
0
0.01
0.02
0.03
0.04
0.05
0.06
0.07
0.08
0.09
0.1
0.11
0.12
0.13
0.14
0.15
0.16
0.17
0.18
0.19
0.2
0.21
0.22
0.23
0.24
0.25
0.26
0.27
0.28
0.29
0.3
0.31
0.32
0.33
0.34
0.35
0.36
0.37
0.38
0.39
0.4
0.41
0.42
0.43
0.44
0.45
0.46
0.47
0.48
0.49
0.5
0.51
0.52
0.53
0.54
0.55
0.56
0.57
0.58
0.59
0.6
0.61
0.62
0.63
0.64
0.65
0.66
0.67
0.68
0.69
0.7
0.71
0.72
0.73
0.74
0.75
0.76
0.77
0.78
0.79
0.8
0.81
0.82
0.83
0.84
0.85
0.86
0.87
0.88
0.89
0.9
0.91
0.92
0.93
0.94
0.95
0.96
0.97
0.98
0.99
1
0
1.16347e-10
2.65483e-09
3.04627e-08
2.34387e-07
1.36061e-06
6.35693e-06
2.49039e-05
8.41578e-05
0.000250473
0.0006671
0.00161019
0.00355873
0.00726391
0.0137933
0.0245202
0.0410331
0.064958
0.0977109
0.140223
0.192703
0.254486
0.324025
0.399024
0.47669
0.554063
0.62834
0.697164
0.758804
0.812239
0.85713
0.893724
0.922699
0.945006
0.96172
0.97392
0.982598
0.98861
0.99264
0.995183
0.996523
0.996693
0.995436
0.992151
0.985872
0.975292
0.958863
0.934986
0.902259
0.859761
0.807289
0.74551
0.675973
0.600975
0.523309
0.445937
0.37166
0.302836
0.241196
0.187761
0.14287
0.106276
0.0773015
0.0549944
0.0382795
0.0260785
0.0173952
0.0113652
0.00727597
0.00456615
0.00281013
0.00169666
0.00100537
0.000584908
0.000334231
0.000187658
0.000103564
5.61983e-05
2.99961e-05
1.57537e-05
8.14358e-06
4.14483e-06
2.07774e-06
1.02612e-06
4.99416e-07
2.39608e-07
1.13355e-07
5.28922e-08
2.43486e-08
1.1061e-08
4.95978e-09
2.19575e-09
9.59962e-10
4.1455e-10
1.76867e-10
7.45684e-11
3.10737e-11
1.28011e-11
5.21444e-12
2.10064e-12
8.37074e-13
