VARIABLEs = X,u
ZONE I=101
datapacking=block
0
0.01
0.02
0.03
0.04
0.05
0.06
0.07
0.08
0.09
0.1
0.11
0.12
0.13
0.14
0.15
0.16
0.17
0.18
0.19
0.2
0.21
0.22
0.23
0.24
0.25
0.26
0.27
0.28
0.29
0.3
0.31
0.32
0.33
0.34
0.35
0.36
0.37
0.38
0.39
0.4
0.41
0.42
0.43
0.44
0.45
0.46
0.47
0.48
0.49
0.5
0.51
0.52
0.53
0.54
0.55
0.56
0.57
0.58
0.59
0.6
0.61
0.62
0.63
0.64
0.65
0.66
0.67
0.68
0.69
0.7
0.71
0.72
0.73
0.74
0.75
0.76
0.77
0.78
0.79
0.8
0.81
0.82
0.83
0.84
0.85
0.86
0.87
0.88
0.89
0.9
0.91
0.92
0.93
0.94
0.95
0.96
0.97
0.98
0.99
1
0
8.11815e-25
4.37642e-23
1.182e-21
2.13254e-20
2.89141e-19
3.14259e-18
2.8521e-17
2.2232e-16
1.51945e-15
9.24983e-15
5.0783e-14
2.53987e-13
1.16686e-12
4.95882e-12
1.96095e-11
7.25297e-11
2.52037e-10
8.26078e-10
2.5627e-09
7.5482e-09
2.11677e-08
5.66609e-08
1.45101e-07
3.56238e-07
8.40093e-07
1.90633e-06
4.1693e-06
8.8019e-06
1.79618e-05
3.54777e-05
6.79085e-05
0.000126113
0.000227474
0.000398923
0.000680851
0.00113194
0.00183476
0.00290195
0.00448232
0.00676629
0.00998981
0.0144355
0.0204306
0.0283394
0.0385523
0.051468
0.0674722
0.0869125
0.110071
0.13714
0.168196
0.203182
0.241899
0.284002
0.329012
0.376327
0.425254
0.475037
0.524893
0.57405
0.621776
0.667413
0.710393
0.750256
0.786655
0.819344
0.848175
0.873076
0.894026
0.911037
0.924127
0.9333
0.938533
0.939769
0.936915
0.929851
0.918445
0.902577
0.882162
0.857177
0.827686
0.793863
0.756001
0.714519
0.669957
0.622959
0.574255
0.524624
0.474867
0.425767
0.378058
0.332398
0.289338
0.249318
0.212648
0.179513
0.149983
0.124018
0.101489
0.0821951
