VARIABLEs = X,u
ZONE I=101
datapacking=block
0
0.01
0.02
0.03
0.04
0.05
0.06
0.07
0.08
0.09
0.1
0.11
0.12
0.13
0.14
0.15
0.16
0.17
0.18
0.19
0.2
0.21
0.22
0.23
0.24
0.25
0.26
0.27
0.28
0.29
0.3
0.31
0.32
0.33
0.34
0.35
0.36
0.37
0.38
0.39
0.4
0.41
0.42
0.43
0.44
0.45
0.46
0.47
0.48
0.49
0.5
0.51
0.52
0.53
0.54
0.55
0.56
0.57
0.58
0.59
0.6
0.61
0.62
0.63
0.64
0.65
0.66
0.67
0.68
0.69
0.7
0.71
0.72
0.73
0.74
0.75
0.76
0.77
0.78
0.79
0.8
0.81
0.82
0.83
0.84
0.85
0.86
0.87
0.88
0.89
0.9
0.91
0.92
0.93
0.94
0.95
0.96
0.97
0.98
0.99
1
0
0.00851855
0.0472392
0.137001
0.278443
0.448817
0.616094
0.75549
0.85687
0.922536
0.961007
0.981642
0.991874
0.996602
0.998652
0.999491
0.999816
0.999936
0.999979
0.999993
0.999998
0.999999
1
1
1
1
1
1
1
1
1
0.991481
0.952761
0.862999
0.721557
0.551183
0.383906
0.24451
0.14313
0.0774638
0.0389927
0.0183581
0.00812613
0.00339771
0.00134762
0.000508951
0.000183648
6.35081e-05
2.11057e-05
6.75738e-06
2.08904e-06
6.24872e-07
1.81186e-07
5.10139e-08
1.39689e-08
3.72533e-09
9.68892e-10
2.4605e-10
6.10797e-11
1.48373e-11
3.53034e-12
8.23526e-13
1.88497e-13
4.23684e-14
9.35858e-15
2.03287e-15
4.34535e-16
9.14578e-17
1.89648e-17
3.87652e-18
7.81498e-19
1.55459e-19
3.05283e-20
5.92079e-21
1.13456e-21
2.14888e-22
4.02438e-23
7.45488e-24
1.36642e-24
2.47896e-25
4.45274e-26
7.92113e-27
1.39595e-27
2.43776e-28
4.21951e-29
7.24085e-30
1.23218e-30
2.07977e-31
3.48262e-32
5.78676e-33
9.54313e-34
1.56226e-34
2.53926e-35
4.09849e-36
6.57022e-37
1.04628e-37
1.65536e-38
2.60245e-39
4.06613e-40
6.31467e-41
9.74876e-42
