VARIABLEs = X,u
ZONE I=101
datapacking=block
0
0.01
0.02
0.03
0.04
0.05
0.06
0.07
0.08
0.09
0.1
0.11
0.12
0.13
0.14
0.15
0.16
0.17
0.18
0.19
0.2
0.21
0.22
0.23
0.24
0.25
0.26
0.27
0.28
0.29
0.3
0.31
0.32
0.33
0.34
0.35
0.36
0.37
0.38
0.39
0.4
0.41
0.42
0.43
0.44
0.45
0.46
0.47
0.48
0.49
0.5
0.51
0.52
0.53
0.54
0.55
0.56
0.57
0.58
0.59
0.6
0.61
0.62
0.63
0.64
0.65
0.66
0.67
0.68
0.69
0.7
0.71
0.72
0.73
0.74
0.75
0.76
0.77
0.78
0.79
0.8
0.81
0.82
0.83
0.84
0.85
0.86
0.87
0.88
0.89
0.9
0.91
0.92
0.93
0.94
0.95
0.96
0.97
0.98
0.99
1
0
3.99872e-16
1.39228e-14
2.43198e-13
2.84165e-12
2.49876e-11
1.76385e-10
1.04119e-09
5.28657e-09
2.35707e-08
9.37521e-08
3.36835e-07
1.10425e-06
3.33093e-06
9.31026e-06
2.42586e-05
5.92286e-05
0.000136123
0.000295668
0.000609119
0.00119403
0.00223357
0.00399763
0.00686242
0.0113238
0.0179989
0.0276112
0.040954
0.0588343
0.0819975
0.111042
0.146336
0.187943
0.235579
0.288594
0.346005
0.406546
0.46877
0.531146
0.592179
0.650509
0.704995
0.754768
0.799261
0.8382
0.871577
0.899606
0.922656
0.941196
0.955721
0.966698
0.974509
0.979403
0.981462
0.980581
0.976468
0.968659
0.956567
0.93954
0.916951
0.888287
0.853241
0.811794
0.76426
0.711308
0.653937
0.593419
0.53121
0.468842
0.407814
0.349487
0.295003
0.24523
0.200735
0.161791
0.128398
0.100335
0.0772075
0.0585088
0.0436702
0.0321077
0.0232571
0.0165994
0.011676
0.00809536
0.00553344
0.00372951
0.00247905
0.00162548
0.00105152
0.000671238
0.000422903
0.000263021
0.000161513
9.7942e-05
5.86616e-05
3.47089e-05
2.0291e-05
1.17225e-05
6.69362e-06
3.77834e-06
