VARIABLEs = X,u
ZONE I=101
datapacking=block
0
0.01
0.02
0.03
0.04
0.05
0.06
0.07
0.08
0.09
0.1
0.11
0.12
0.13
0.14
0.15
0.16
0.17
0.18
0.19
0.2
0.21
0.22
0.23
0.24
0.25
0.26
0.27
0.28
0.29
0.3
0.31
0.32
0.33
0.34
0.35
0.36
0.37
0.38
0.39
0.4
0.41
0.42
0.43
0.44
0.45
0.46
0.47
0.48
0.49
0.5
0.51
0.52
0.53
0.54
0.55
0.56
0.57
0.58
0.59
0.6
0.61
0.62
0.63
0.64
0.65
0.66
0.67
0.68
0.69
0.7
0.71
0.72
0.73
0.74
0.75
0.76
0.77
0.78
0.79
0.8
0.81
0.82
0.83
0.84
0.85
0.86
0.87
0.88
0.89
0.9
0.91
0.92
0.93
0.94
0.95
0.96
0.97
0.98
0.99
1
0
0.000590705
0.00477934
0.0198203
0.0562834
0.123409
0.223486
0.349341
0.486637
0.619253
0.734455
0.825569
0.891834
0.936512
0.964632
0.981248
0.990512
0.995408
0.997869
0.999049
0.999592
0.999831
0.999932
0.999974
0.99999
0.999996
0.999999
1
1
1
1
0.999409
0.995221
0.98018
0.943717
0.876591
0.776514
0.650659
0.513363
0.380747
0.265545
0.174431
0.108166
0.0634878
0.0353684
0.0187525
0.00948779
0.00459226
0.00213141
0.000950692
0.000408355
0.000169233
6.77878e-05
2.62873e-05
9.88401e-06
3.60849e-06
1.28085e-06
4.42568e-07
1.4903e-07
4.89601e-08
1.5708e-08
4.92628e-09
1.51153e-09
4.54129e-10
1.33703e-10
3.8603e-11
1.09376e-11
3.04318e-12
8.31971e-13
2.23623e-13
5.91284e-14
1.53878e-14
3.9434e-15
9.95613e-16
2.4776e-16
6.07968e-17
1.47169e-17
3.5157e-18
8.2914e-19
1.93117e-19
4.44365e-20
1.01048e-20
2.27155e-21
5.04954e-22
1.11031e-22
2.41557e-23
5.20108e-24
1.10861e-24
2.3398e-25
4.89104e-26
1.01285e-26
2.07826e-27
4.22635e-28
8.51975e-29
1.70282e-29
3.37503e-30
6.63484e-31
1.29391e-31
2.50366e-32
4.80746e-33
9.16206e-34
