VARIABLEs = X,u
ZONE I=101
datapacking=block
0
0.01
0.02
0.03
0.04
0.05
0.06
0.07
0.08
0.09
0.1
0.11
0.12
0.13
0.14
0.15
0.16
0.17
0.18
0.19
0.2
0.21
0.22
0.23
0.24
0.25
0.26
0.27
0.28
0.29
0.3
0.31
0.32
0.33
0.34
0.35
0.36
0.37
0.38
0.39
0.4
0.41
0.42
0.43
0.44
0.45
0.46
0.47
0.48
0.49
0.5
0.51
0.52
0.53
0.54
0.55
0.56
0.57
0.58
0.59
0.6
0.61
0.62
0.63
0.64
0.65
0.66
0.67
0.68
0.69
0.7
0.71
0.72
0.73
0.74
0.75
0.76
0.77
0.78
0.79
0.8
0.81
0.82
0.83
0.84
0.85
0.86
0.87
0.88
0.89
0.9
0.91
0.92
0.93
0.94
0.95
0.96
0.97
0.98
0.99
1
0
2.15694e-13
6.21591e-12
8.99462e-11
8.71429e-10
6.35957e-09
3.72927e-08
1.83054e-07
7.73669e-07
2.87438e-06
9.53724e-06
2.86173e-05
7.8446e-05
0.000198111
0.000464218
0.00101544
0.00208448
0.00403426
0.00739163
0.0128686
0.0213591
0.0339019
0.0516031
0.0755216
0.106531
0.145174
0.191547
0.245216
0.305209
0.370072
0.437986
0.506928
0.574859
0.639895
0.700453
0.755343
0.803817
0.845559
0.880634
0.909414
0.932486
0.950564
0.964397
0.974705
0.98211
0.987091
0.989933
0.990697
0.989187
0.984945
0.977266
0.965246
0.947877
0.924166
0.893285
0.854718
0.808391
0.754749
0.694771
0.629917
0.562009
0.493069
0.425139
0.360104
0.299547
0.244657
0.196183
0.154441
0.119365
0.0905833
0.067504
0.0494077
0.0355246
0.0250972
0.0174254
0.0118935
0.00798207
0.00526879
0.00342145
0.0021864
0.00137525
0.000851687
0.000519445
0.000312084
0.000184751
0.000107794
6.20017e-05
3.51654e-05
1.96714e-05
1.08558e-05
5.91151e-06
3.17715e-06
1.68569e-06
8.83092e-07
4.56896e-07
2.33506e-07
1.17906e-07
5.88317e-08
2.90142e-08
1.41453e-08
6.81856e-09
