VARIABLEs = X,u
ZONE I=101
datapacking=block
0
0.01
0.02
0.03
0.04
0.05
0.06
0.07
0.08
0.09
0.1
0.11
0.12
0.13
0.14
0.15
0.16
0.17
0.18
0.19
0.2
0.21
0.22
0.23
0.24
0.25
0.26
0.27
0.28
0.29
0.3
0.31
0.32
0.33
0.34
0.35
0.36
0.37
0.38
0.39
0.4
0.41
0.42
0.43
0.44
0.45
0.46
0.47
0.48
0.49
0.5
0.51
0.52
0.53
0.54
0.55
0.56
0.57
0.58
0.59
0.6
0.61
0.62
0.63
0.64
0.65
0.66
0.67
0.68
0.69
0.7
0.71
0.72
0.73
0.74
0.75
0.76
0.77
0.78
0.79
0.8
0.81
0.82
0.83
0.84
0.85
0.86
0.87
0.88
0.89
0.9
0.91
0.92
0.93
0.94
0.95
0.96
0.97
0.98
0.99
1
0
6.08866e-06
7.58315e-05
0.000478438
0.00204006
0.00661846
0.0174401
0.0389195
0.0757413
0.131392
0.206718
0.299163
0.403069
0.51091
0.61498
0.708914
0.788616
0.852467
0.900954
0.935972
0.960099
0.976001
0.986051
0.992156
0.995728
0.997743
0.998843
0.999423
0.99972
0.999868
0.999939
0.999967
0.999912
0.999516
0.997958
0.993381
0.98256
0.96108
0.924259
0.868608
0.793282
0.700837
0.596931
0.48909
0.38502
0.291086
0.211384
0.147533
0.0990463
0.0640285
0.0399013
0.0239993
0.0139487
0.00784358
0.00427221
0.00225654
0.00115709
0.000576612
0.000279531
0.000131955
6.07115e-05
2.72487e-05
1.19402e-05
5.11223e-06
2.14028e-06
8.76808e-07
3.51728e-07
1.38248e-07
5.3276e-08
2.01409e-08
7.47386e-09
2.72373e-09
9.75344e-10
3.43351e-10
1.1888e-10
4.05011e-11
1.3583e-11
4.48614e-12
1.45973e-12
4.68118e-13
1.48007e-13
4.61532e-14
1.41991e-14
4.31121e-15
1.29226e-15
3.82512e-16
1.11843e-16
3.23115e-17
9.22597e-18
2.60425e-18
7.26903e-19
2.00677e-19
5.48087e-20
1.48125e-20
3.96209e-21
1.04914e-21
2.75069e-22
7.14227e-23
1.83695e-23
4.68066e-24
1.18179e-24
