VARIABLEs = X,u
ZONE I=101
datapacking=block
0
0.01
0.02
0.03
0.04
0.05
0.06
0.07
0.08
0.09
0.1
0.11
0.12
0.13
0.14
0.15
0.16
0.17
0.18
0.19
0.2
0.21
0.22
0.23
0.24
0.25
0.26
0.27
0.28
0.29
0.3
0.31
0.32
0.33
0.34
0.35
0.36
0.37
0.38
0.39
0.4
0.41
0.42
0.43
0.44
0.45
0.46
0.47
0.48
0.49
0.5
0.51
0.52
0.53
0.54
0.55
0.56
0.57
0.58
0.59
0.6
0.61
0.62
0.63
0.64
0.65
0.66
0.67
0.68
0.69
0.7
0.71
0.72
0.73
0.74
0.75
0.76
0.77
0.78
0.79
0.8
0.81
0.82
0.83
0.84
0.85
0.86
0.87
0.88
0.89
0.9
0.91
0.92
0.93
0.94
0.95
0.96
0.97
0.98
0.99
1
0
5.29858e-22
2.52887e-20
6.04871e-19
9.66742e-18
1.16152e-16
1.11905e-15
9.00545e-15
6.22643e-14
3.77581e-13
2.04016e-12
9.94496e-12
4.41773e-11
1.80329e-10
6.81137e-10
2.39494e-09
7.87913e-09
2.43628e-08
7.10813e-08
1.96372e-07
5.15293e-07
1.28795e-06
3.0741e-06
7.02282e-06
1.53885e-05
3.2405e-05
6.56955e-05
0.000128435
0.000242508
0.000442875
0.000783311
0.00134348
0.00223713
0.00362076
0.00570192
0.00874576
0.0130783
0.0190847
0.0272016
0.037901
0.0516682
0.068971
0.0902254
0.115758
0.145772
0.180312
0.219248
0.262262
0.308854
0.358358
0.409974
0.46281
0.515927
0.568392
0.619323
0.667929
0.713546
0.75565
0.79387
0.827977
0.857874
0.883566
0.905129
0.922679
0.936334
0.946188
0.952283
0.954592
0.953019
0.947402
0.937533
0.923181
0.904133
0.88023
0.851406
0.817724
0.779399
0.736816
0.690524
0.641226
0.589751
0.537009
0.483953
0.431526
0.380614
0.332008
0.28637
0.24421
0.205881
0.171576
0.14134
0.115089
0.0926332
0.0737001
0.0579635
0.0450656
0.0346391
0.0263237
0.0197797
0.0146967
0.0107991
