VARIABLEs = X,u
ZONE I=101
datapacking=block
0
0.01
0.02
0.03
0.04
0.05
0.06
0.07
0.08
0.09
0.1
0.11
0.12
0.13
0.14
0.15
0.16
0.17
0.18
0.19
0.2
0.21
0.22
0.23
0.24
0.25
0.26
0.27
0.28
0.29
0.3
0.31
0.32
0.33
0.34
0.35
0.36
0.37
0.38
0.39
0.4
0.41
0.42
0.43
0.44
0.45
0.46
0.47
0.48
0.49
0.5
0.51
0.52
0.53
0.54
0.55
0.56
0.57
0.58
0.59
0.6
0.61
0.62
0.63
0.64
0.65
0.66
0.67
0.68
0.69
0.7
0.71
0.72
0.73
0.74
0.75
0.76
0.77
0.78
0.79
0.8
0.81
0.82
0.83
0.84
0.85
0.86
0.87
0.88
0.89
0.9
0.91
0.92
0.93
0.94
0.95
0.96
0.97
0.98
0.99
1
0
8.78045e-05
0.000870063
0.00439023
0.0150574
0.0395434
0.0849537
0.155821
0.251539
0.365747
0.488031
0.606979
0.713148
0.800818
0.868256
0.916865
0.949859
0.971043
0.983958
0.991458
0.995621
0.997835
0.998966
0.999523
0.999786
0.999907
0.999961
0.999984
0.999994
0.999998
0.999999
0.999912
0.99913
0.99561
0.984943
0.960457
0.915046
0.844179
0.748461
0.634253
0.511969
0.393021
0.286852
0.199182
0.131744
0.0831354
0.0501408
0.0289567
0.0160424
0.00854162
0.00437852
0.00216451
0.00103354
0.000477408
0.000213628
9.27289e-05
3.90936e-05
1.60267e-05
6.39602e-06
2.48748e-06
9.43672e-07
3.49539e-07
1.26521e-07
4.47899e-08
1.55198e-08
5.26748e-09
1.75239e-09
5.71818e-10
1.83129e-10
5.75949e-11
1.77986e-11
5.4075e-12
1.61598e-12
4.75248e-13
1.37609e-13
3.92474e-14
1.10305e-14
3.05616e-15
8.35069e-16
2.2511e-16
5.9889e-17
1.573e-17
4.08018e-18
1.04553e-18
2.64749e-19
6.62664e-20
1.63998e-20
4.01405e-21
9.71942e-22
2.32873e-22
5.52236e-23
1.29645e-23
3.01376e-24
6.93872e-25
1.58254e-25
3.57624e-26
8.00895e-27
1.77781e-27
3.91231e-28
8.53684e-29
1.84736e-29
