VARIABLEs = X,u
ZONE I=101
datapacking=block
0
0.01
0.02
0.03
0.04
0.05
0.06
0.07
0.08
0.09
0.1
0.11
0.12
0.13
0.14
0.15
0.16
0.17
0.18
0.19
0.2
0.21
0.22
0.23
0.24
0.25
0.26
0.27
0.28
0.29
0.3
0.31
0.32
0.33
0.34
0.35
0.36
0.37
0.38
0.39
0.4
0.41
0.42
0.43
0.44
0.45
0.46
0.47
0.48
0.49
0.5
0.51
0.52
0.53
0.54
0.55
0.56
0.57
0.58
0.59
0.6
0.61
0.62
0.63
0.64
0.65
0.66
0.67
0.68
0.69
0.7
0.71
0.72
0.73
0.74
0.75
0.76
0.77
0.78
0.79
0.8
0.81
0.82
0.83
0.84
0.85
0.86
0.87
0.88
0.89
0.9
0.91
0.92
0.93
0.94
0.95
0.96
0.97
0.98
0.99
1
0
4.76575e-15
1.5467e-13
2.51907e-12
2.74528e-11
2.25222e-10
1.48376e-09
8.17686e-09
3.87739e-08
1.6151e-07
6.00384e-07
2.01675e-06
6.18391e-06
1.74542e-05
4.56693e-05
0.000111443
0.000254951
0.000549303
0.00111912
0.00216378
0.0039832
0.00700177
0.0117844
0.0190375
0.0295874
0.0443333
0.0641733
0.0899097
0.122145
0.161184
0.206953
0.258963
0.316312
0.377734
0.441694
0.506509
0.570483
0.632033
0.689802
0.742734
0.790114
0.83157
0.867048
0.896759
0.921112
0.940641
0.955937
0.967573
0.976048
0.981736
0.984839
0.985355
0.983067
0.977546
0.968178
0.954226
0.934911
0.909516
0.8775
0.8386
0.792917
0.740959
0.683642
0.62224
0.558291
0.493482
0.429513
0.367965
0.310196
0.257265
0.209885
0.168428
0.132946
0.103224
0.0788426
0.0592471
0.0438082
0.0318782
0.0228326
0.0160998
0.0111782
0.0076436
0.0051486
0.00341693
0.00223476
0.00144068
0.000915662
0.000573891
0.000354766
0.000216353
0.000130191
7.7319e-05
4.5328e-05
2.62365e-05
1.49965e-05
8.4665e-06
4.722e-06
2.60218e-06
1.41715e-06
7.62849e-07
4.05958e-07
