VARIABLEs = X,u
ZONE I=101
datapacking=block
0
0.01
0.02
0.03
0.04
0.05
0.06
0.07
0.08
0.09
0.1
0.11
0.12
0.13
0.14
0.15
0.16
0.17
0.18
0.19
0.2
0.21
0.22
0.23
0.24
0.25
0.26
0.27
0.28
0.29
0.3
0.31
0.32
0.33
0.34
0.35
0.36
0.37
0.38
0.39
0.4
0.41
0.42
0.43
0.44
0.45
0.46
0.47
0.48
0.49
0.5
0.51
0.52
0.53
0.54
0.55
0.56
0.57
0.58
0.59
0.6
0.61
0.62
0.63
0.64
0.65
0.66
0.67
0.68
0.69
0.7
0.71
0.72
0.73
0.74
0.75
0.76
0.77
0.78
0.79
0.8
0.81
0.82
0.83
0.84
0.85
0.86
0.87
0.88
0.89
0.9
0.91
0.92
0.93
0.94
0.95
0.96
0.97
0.98
0.99
1
0
2.79772e-05
0.000307749
0.00171933
0.00651014
0.0188138
0.044316
0.0887515
0.155693
0.244696
0.350779
0.465542
0.579357
0.683687
0.772696
0.843788
0.897214
0.935159
0.960726
0.977125
0.987169
0.993058
0.996372
0.998166
0.999102
0.999574
0.999803
0.999912
0.999962
0.999984
0.999993
0.999969
0.999691
0.99828
0.99349
0.981186
0.955684
0.911248
0.844307
0.755304
0.649221
0.534458
0.420643
0.316313
0.227304
0.156212
0.102786
0.0648411
0.0392739
0.0228748
0.0128313
0.00694221
0.00362798
0.00183391
0.000897876
0.000426314
0.000196534
8.80714e-05
3.84051e-05
1.63133e-05
6.75628e-06
2.73077e-06
1.07807e-06
4.16051e-07
1.57079e-07
5.80604e-08
2.10248e-08
7.46384e-09
2.5992e-09
8.88431e-10
2.98236e-10
9.83746e-11
3.19018e-11
1.01758e-11
3.19409e-12
9.87064e-13
3.00433e-13
9.01016e-14
2.66361e-14
7.76465e-15
2.23278e-15
6.33564e-16
1.7746e-16
4.9081e-17
1.3408e-17
3.6189e-18
9.65332e-19
2.54556e-19
6.63756e-20
1.71184e-20
4.36772e-21
1.10277e-21
2.75582e-22
6.81788e-23
1.67022e-23
4.05239e-24
9.7398e-25
2.31938e-25
5.47343e-26
1.28024e-26
2.96852e-27
