VARIABLEs = X,u
ZONE I=101
datapacking=block
0
0.01
0.02
0.03
0.04
0.05
0.06
0.07
0.08
0.09
0.1
0.11
0.12
0.13
0.14
0.15
0.16
0.17
0.18
0.19
0.2
0.21
0.22
0.23
0.24
0.25
0.26
0.27
0.28
0.29
0.3
0.31
0.32
0.33
0.34
0.35
0.36
0.37
0.38
0.39
0.4
0.41
0.42
0.43
0.44
0.45
0.46
0.47
0.48
0.49
0.5
0.51
0.52
0.53
0.54
0.55
0.56
0.57
0.58
0.59
0.6
0.61
0.62
0.63
0.64
0.65
0.66
0.67
0.68
0.69
0.7
0.71
0.72
0.73
0.74
0.75
0.76
0.77
0.78
0.79
0.8
0.81
0.82
0.83
0.84
0.85
0.86
0.87
0.88
0.89
0.9
0.91
0.92
0.93
0.94
0.95
0.96
0.97
0.98
0.99
1
0
3.54256e-08
6.15116e-07
5.38439e-06
3.16877e-05
0.000141085
0.00050707
0.00153294
0.00401101
0.0092769
0.0192768
0.0364584
0.0634378
0.102476
0.154891
0.22058
0.297815
0.383387
0.473078
0.562316
0.646857
0.723328
0.789537
0.844529
0.888435
0.922196
0.947241
0.965193
0.977644
0.986012
0.991469
0.994925
0.997052
0.998323
0.999042
0.999357
0.999227
0.998329
0.995919
0.990688
0.980706
0.963533
0.936558
0.897522
0.845108
0.779419
0.702185
0.616613
0.526922
0.437684
0.353143
0.276672
0.210463
0.155471
0.111565
0.0778036
0.0527588
0.0348072
0.0223558
0.0139876
0.00853114
0.00507541
0.00294724
0.00167155
0.000926522
0.000502213
0.000266363
0.000138313
7.03556e-05
3.50761e-05
1.71486e-05
8.22556e-06
3.87287e-06
1.79073e-06
8.13494e-07
3.63237e-07
1.59485e-07
6.88834e-08
2.92781e-08
1.22509e-08
5.04827e-09
2.04936e-09
8.19857e-10
3.23328e-10
1.25739e-10
4.82329e-11
1.82555e-11
6.81933e-12
2.51481e-12
9.1579e-13
3.29401e-13
1.17058e-13
4.11076e-14
1.4269e-14
4.89675e-15
1.66173e-15
5.57756e-16
1.85202e-16
6.08483e-17
1.97851e-17
6.36789e-18
