VARIABLEs = X,u
ZONE I=101
datapacking=block
0
0.01
0.02
0.03
0.04
0.05
0.06
0.07
0.08
0.09
0.1
0.11
0.12
0.13
0.14
0.15
0.16
0.17
0.18
0.19
0.2
0.21
0.22
0.23
0.24
0.25
0.26
0.27
0.28
0.29
0.3
0.31
0.32
0.33
0.34
0.35
0.36
0.37
0.38
0.39
0.4
0.41
0.42
0.43
0.44
0.45
0.46
0.47
0.48
0.49
0.5
0.51
0.52
0.53
0.54
0.55
0.56
0.57
0.58
0.59
0.6
0.61
0.62
0.63
0.64
0.65
0.66
0.67
0.68
0.69
0.7
0.71
0.72
0.73
0.74
0.75
0.76
0.77
0.78
0.79
0.8
0.81
0.82
0.83
0.84
0.85
0.86
0.87
0.88
0.89
0.9
0.91
0.92
0.93
0.94
0.95
0.96
0.97
0.98
0.99
1
0
0.0022432
0.0152946
0.0538554
0.130977
0.248412
0.393605
0.545397
0.68339
0.794725
0.875696
0.929432
0.962295
0.980967
0.99089
0.995852
0.998198
0.999251
0.999701
0.999885
0.999958
0.999985
0.999995
0.999998
0.999999
1
1
1
1
1
1
0.997757
0.984705
0.946145
0.869023
0.751588
0.606395
0.454603
0.31661
0.205275
0.124304
0.0705684
0.0377054
0.0190333
0.00910967
0.00414784
0.00180225
0.000749403
0.000298986
0.000114725
4.24309e-05
1.51564e-05
5.23836e-06
1.75476e-06
5.70612e-07
1.80381e-07
5.55067e-08
1.66474e-08
4.87179e-09
1.39265e-09
3.89256e-10
1.06482e-10
2.85329e-11
7.49542e-12
1.9318e-12
4.8883e-13
1.21528e-13
2.9703e-14
7.14148e-15
1.69001e-15
3.93858e-16
9.04398e-17
2.04721e-17
4.57031e-18
1.00671e-18
2.18883e-19
4.69946e-20
9.9672e-21
2.08903e-21
4.32825e-22
8.86787e-23
1.79722e-23
3.60404e-24
7.15333e-25
1.40565e-25
2.73536e-26
5.27263e-27
1.00698e-27
1.9059e-28
3.57568e-29
6.65111e-30
1.22686e-30
2.24465e-31
4.07417e-32
7.3375e-33
1.31145e-33
2.32663e-34
4.09776e-35
7.16604e-36
1.2445e-36
2.14662e-37
