VARIABLEs = X,u
ZONE I=101
datapacking=block
0
0.01
0.02
0.03
0.04
0.05
0.06
0.07
0.08
0.09
0.1
0.11
0.12
0.13
0.14
0.15
0.16
0.17
0.18
0.19
0.2
0.21
0.22
0.23
0.24
0.25
0.26
0.27
0.28
0.29
0.3
0.31
0.32
0.33
0.34
0.35
0.36
0.37
0.38
0.39
0.4
0.41
0.42
0.43
0.44
0.45
0.46
0.47
0.48
0.49
0.5
0.51
0.52
0.53
0.54
0.55
0.56
0.57
0.58
0.59
0.6
0.61
0.62
0.63
0.64
0.65
0.66
0.67
0.68
0.69
0.7
0.71
0.72
0.73
0.74
0.75
0.76
0.77
0.78
0.79
0.8
0.81
0.82
0.83
0.84
0.85
0.86
0.87
0.88
0.89
0.9
0.91
0.92
0.93
0.94
0.95
0.96
0.97
0.98
0.99
1
0
3.5966e-09
7.02972e-08
6.91825e-07
4.57167e-06
2.28246e-05
9.18537e-05
0.000310446
0.000906607
0.00233604
0.00539704
0.0113243
0.0218071
0.0388814
0.064672
0.101013
0.149028
0.208773
0.279062
0.357516
0.440849
0.525319
0.607229
0.683385
0.751414
0.809908
0.858405
0.897237
0.927309
0.949862
0.966265
0.977846
0.985794
0.991099
0.994544
0.996712
0.997994
0.998591
0.998476
0.997324
0.994419
0.988578
0.978142
0.961093
0.935315
0.89898
0.850969
0.791225
0.720937
0.642484
0.559151
0.474681
0.392771
0.316615
0.248586
0.190092
0.141595
0.102763
0.0726913
0.0501376
0.0337348
0.0221535
0.0142062
0.00890049
0.00545104
0.00326516
0.00191389
0.00109835
0.000617437
0.000340166
0.000183757
9.7377e-05
5.06435e-05
2.58606e-05
1.29713e-05
6.39359e-06
3.09807e-06
1.47636e-06
6.92162e-07
3.19374e-07
1.45083e-07
6.49094e-08
2.86097e-08
1.24272e-08
5.3213e-09
2.24686e-09
9.35781e-10
3.84531e-10
1.55943e-10
6.24291e-11
2.46779e-11
9.63458e-12
3.71591e-12
1.41614e-12
5.33395e-13
1.98605e-13
7.31174e-14
2.66212e-14
9.58734e-15
3.41597e-15
1.20437e-15
