VARIABLEs = X,u
ZONE I=101
datapacking=block
0
0.01
0.02
0.03
0.04
0.05
0.06
0.07
0.08
0.09
0.1
0.11
0.12
0.13
0.14
0.15
0.16
0.17
0.18
0.19
0.2
0.21
0.22
0.23
0.24
0.25
0.26
0.27
0.28
0.29
0.3
0.31
0.32
0.33
0.34
0.35
0.36
0.37
0.38
0.39
0.4
0.41
0.42
0.43
0.44
0.45
0.46
0.47
0.48
0.49
0.5
0.51
0.52
0.53
0.54
0.55
0.56
0.57
0.58
0.59
0.6
0.61
0.62
0.63
0.64
0.65
0.66
0.67
0.68
0.69
0.7
0.71
0.72
0.73
0.74
0.75
0.76
0.77
0.78
0.79
0.8
0.81
0.82
0.83
0.84
0.85
0.86
0.87
0.88
0.89
0.9
0.91
0.92
0.93
0.94
0.95
0.96
0.97
0.98
0.99
1
0
0.0323492
0.138219
0.316273
0.521306
0.703039
0.835208
0.917313
0.962098
0.983981
0.993707
0.997686
0.999199
0.999737
0.999918
0.999976
0.999993
0.999998
0.999999
1
1
1
1
1
1
1
1
1
1
1
1
0.967651
0.861781
0.683727
0.478694
0.296961
0.164792
0.0826868
0.0379021
0.0160186
0.00629268
0.00231388
0.000801273
0.000262694
8.19127e-05
2.43913e-05
6.96056e-06
1.90961e-06
5.05069e-07
1.29106e-07
3.19672e-08
7.68247e-09
1.79526e-09
4.08606e-10
9.07164e-11
1.9673e-11
4.17257e-12
8.66546e-13
1.76399e-13
3.52327e-14
6.91094e-15
1.3324e-15
2.52688e-16
4.71737e-17
8.67521e-18
1.57253e-18
2.81138e-19
4.96001e-20
8.64005e-21
1.48674e-21
2.52838e-22
4.25135e-23
7.07081e-24
1.16369e-24
1.89582e-25
3.0584e-26
4.88738e-27
7.73889e-28
1.2146e-28
1.89e-29
2.91664e-30
4.46487e-31
6.78182e-32
1.02234e-32
1.52988e-33
2.27312e-34
3.35412e-35
4.91602e-36
7.15824e-37
1.03571e-37
1.48929e-38
2.12865e-39
3.02469e-40
4.27344e-41
6.00421e-42
8.39031e-43
1.16628e-43
1.61282e-44
2.21912e-45
3.03838e-46
4.1402e-47
