VARIABLEs = X,u
ZONE I=101
datapacking=block
0
0.01
0.02
0.03
0.04
0.05
0.06
0.07
0.08
0.09
0.1
0.11
0.12
0.13
0.14
0.15
0.16
0.17
0.18
0.19
0.2
0.21
0.22
0.23
0.24
0.25
0.26
0.27
0.28
0.29
0.3
0.31
0.32
0.33
0.34
0.35
0.36
0.37
0.38
0.39
0.4
0.41
0.42
0.43
0.44
0.45
0.46
0.47
0.48
0.49
0.5
0.51
0.52
0.53
0.54
0.55
0.56
0.57
0.58
0.59
0.6
0.61
0.62
0.63
0.64
0.65
0.66
0.67
0.68
0.69
0.7
0.71
0.72
0.73
0.74
0.75
0.76
0.77
0.78
0.79
0.8
0.81
0.82
0.83
0.84
0.85
0.86
0.87
0.88
0.89
0.9
0.91
0.92
0.93
0.94
0.95
0.96
0.97
0.98
0.99
1
0
7.30177e-18
2.82114e-16
5.46607e-15
7.08154e-14
6.90148e-13
5.39708e-12
3.5279e-11
1.98271e-10
9.7804e-10
4.3019e-09
1.70837e-08
6.18727e-08
2.0608e-07
6.35675e-07
1.82683e-06
4.9166e-06
1.24479e-05
2.97659e-05
6.74633e-05
0.000145383
0.000298743
0.000586875
0.0011048
0.00199734
0.00347478
0.00582793
0.00943993
0.014791
0.0224529
0.0330689
0.0473202
0.0658761
0.0893346
0.118157
0.152605
0.19269
0.23814
0.288391
0.34261
0.399736
0.458549
0.517754
0.576061
0.632273
0.685348
0.734454
0.778994
0.818613
0.853181
0.882766
0.907583
0.927948
0.94422
0.956748
0.965821
0.97163
0.974232
0.973538
0.969315
0.9612
0.948741
0.931451
0.908875
0.880658
0.846621
0.80681
0.761541
0.711408
0.657265
0.600187
0.541404
0.482218
0.423921
0.367716
0.314644
0.265538
0.220992
0.181357
0.146751
0.117088
0.0921177
0.0714648
0.0546752
0.041255
0.0307042
0.0225425
0.0163285
0.0116705
0.00823175
0.00573084
0.00393851
0.0026724
0.00179058
0.00118488
0.000774491
0.00050013
0.000319112
0.000201217
0.000125405
7.72609e-05
