VARIABLEs = X,u
ZONE I=101
datapacking=block
0
0.01
0.02
0.03
0.04
0.05
0.06
0.07
0.08
0.09
0.1
0.11
0.12
0.13
0.14
0.15
0.16
0.17
0.18
0.19
0.2
0.21
0.22
0.23
0.24
0.25
0.26
0.27
0.28
0.29
0.3
0.31
0.32
0.33
0.34
0.35
0.36
0.37
0.38
0.39
0.4
0.41
0.42
0.43
0.44
0.45
0.46
0.47
0.48
0.49
0.5
0.51
0.52
0.53
0.54
0.55
0.56
0.57
0.58
0.59
0.6
0.61
0.62
0.63
0.64
0.65
0.66
0.67
0.68
0.69
0.7
0.71
0.72
0.73
0.74
0.75
0.76
0.77
0.78
0.79
0.8
0.81
0.82
0.83
0.84
0.85
0.86
0.87
0.88
0.89
0.9
0.91
0.92
0.93
0.94
0.95
0.96
0.97
0.98
0.99
1
0
1.65263e-08
2.98975e-07
2.72547e-06
1.66962e-05
7.73419e-05
0.00028905
0.000908137
0.00246792
0.00592424
0.0127671
0.0250219
0.0450754
0.0753075
0.11759
0.172777
0.24034
0.318267
0.403278
0.491295
0.578048
0.659675
0.733175
0.796652
0.84934
0.891451
0.923915
0.948092
0.965513
0.977673
0.985907
0.991322
0.994783
0.996934
0.998226
0.998936
0.999169
0.998801
0.997379
0.993997
0.987193
0.974958
0.954915
0.924688
0.882408
0.827222
0.75966
0.681733
0.596722
0.508705
0.421952
0.340325
0.266825
0.203348
0.15066
0.108549
0.0760855
0.0519081
0.0344873
0.0223267
0.0140925
0.00867795
0.00521644
0.00306282
0.0017576
0.000986335
0.000541604
0.000291163
0.000153328
7.91342e-05
4.00485e-05
1.98838e-05
9.68974e-06
4.63682e-06
2.1798e-06
1.00713e-06
4.57516e-07
2.04433e-07
8.98842e-08
3.89015e-08
1.65788e-08
6.95972e-09
2.87891e-09
1.17382e-09
4.71894e-10
1.87106e-10
7.31908e-11
2.82535e-11
1.0766e-11
4.05052e-12
1.50507e-12
5.52456e-13
2.00371e-13
7.1824e-14
2.54506e-14
8.91692e-15
3.08966e-15
1.05894e-15
3.59077e-16
1.20487e-16
4.00137e-17
