VARIABLEs = X,u
ZONE I=101
datapacking=block
0
0.01
0.02
0.03
0.04
0.05
0.06
0.07
0.08
0.09
0.1
0.11
0.12
0.13
0.14
0.15
0.16
0.17
0.18
0.19
0.2
0.21
0.22
0.23
0.24
0.25
0.26
0.27
0.28
0.29
0.3
0.31
0.32
0.33
0.34
0.35
0.36
0.37
0.38
0.39
0.4
0.41
0.42
0.43
0.44
0.45
0.46
0.47
0.48
0.49
0.5
0.51
0.52
0.53
0.54
0.55
0.56
0.57
0.58
0.59
0.6
0.61
0.62
0.63
0.64
0.65
0.66
0.67
0.68
0.69
0.7
0.71
0.72
0.73
0.74
0.75
0.76
0.77
0.78
0.79
0.8
0.81
0.82
0.83
0.84
0.85
0.86
0.87
0.88
0.89
0.9
0.91
0.92
0.93
0.94
0.95
0.96
0.97
0.98
0.99
1
0
0.0220949
0.10244
0.252174
0.442745
0.628985
0.777977
0.879562
0.940249
0.972662
0.988377
0.995377
0.99827
0.999388
0.999794
0.999934
0.99998
0.999994
0.999998
1
1
1
1
1
1
1
1
1
1
1
1
0.977905
0.89756
0.747826
0.557255
0.371015
0.222023
0.120438
0.0597508
0.0273383
0.0116231
0.00462272
0.00172999
0.00061235
0.000205934
6.60635e-05
2.02878e-05
5.98285e-06
1.69902e-06
4.65793e-07
1.23559e-07
3.17779e-08
7.93869e-09
1.92963e-09
4.57051e-10
1.05641e-10
2.38578e-11
5.27081e-12
1.14037e-12
2.41866e-13
5.03347e-14
1.02874e-14
2.06649e-15
4.08303e-16
7.94069e-17
1.52106e-17
2.87151e-18
5.34572e-19
9.81901e-20
1.7804e-20
3.18834e-21
5.64166e-22
9.86802e-23
1.70691e-23
2.92091e-24
4.9466e-25
8.29333e-26
1.37698e-26
2.26484e-27
3.69138e-28
5.96352e-29
9.55208e-30
1.51735e-30
2.39096e-31
3.73817e-32
5.80023e-33
8.93351e-34
1.36609e-34
2.07446e-35
3.1288e-36
4.6879e-37
6.97881e-38
1.03243e-38
1.51803e-39
2.21878e-40
3.22422e-41
4.65879e-42
6.69452e-43
9.568e-44
1.3603e-44
1.92403e-45
