VARIABLEs = X,u
ZONE I=101
datapacking=block
0
0.01
0.02
0.03
0.04
0.05
0.06
0.07
0.08
0.09
0.1
0.11
0.12
0.13
0.14
0.15
0.16
0.17
0.18
0.19
0.2
0.21
0.22
0.23
0.24
0.25
0.26
0.27
0.28
0.29
0.3
0.31
0.32
0.33
0.34
0.35
0.36
0.37
0.38
0.39
0.4
0.41
0.42
0.43
0.44
0.45
0.46
0.47
0.48
0.49
0.5
0.51
0.52
0.53
0.54
0.55
0.56
0.57
0.58
0.59
0.6
0.61
0.62
0.63
0.64
0.65
0.66
0.67
0.68
0.69
0.7
0.71
0.72
0.73
0.74
0.75
0.76
0.77
0.78
0.79
0.8
0.81
0.82
0.83
0.84
0.85
0.86
0.87
0.88
0.89
0.9
0.91
0.92
0.93
0.94
0.95
0.96
0.97
0.98
0.99
1
0
3.73027e-24
1.9567e-22
5.14247e-21
9.02874e-20
1.19137e-18
1.26025e-17
1.11327e-16
8.44705e-16
5.62e-15
3.3307e-14
1.78035e-13
8.66987e-13
3.87854e-12
1.60511e-11
6.18168e-11
2.2269e-10
7.53756e-10
2.40659e-09
7.27327e-09
2.0872e-08
5.70324e-08
1.48764e-07
3.71269e-07
8.88397e-07
2.04214e-06
4.51744e-06
9.63249e-06
1.98281e-05
3.94581e-05
7.60104e-05
0.000141915
0.000257104
0.000452466
0.000774303
0.00128976
0.00209307
0.00331223
0.00511551
0.00771689
0.0113794
0.0164154
0.0231822
0.0320728
0.0435008
0.0578803
0.0756005
0.0969978
0.122327
0.151734
0.185232
0.22269
0.263819
0.308184
0.355213
0.40422
0.454441
0.505067
0.555284
0.604311
0.651431
0.696021
0.737568
0.775674
0.810061
0.840557
0.867079
0.889609
0.908171
0.922805
0.933538
0.940374
0.943276
0.942161
0.936911
0.927382
0.913424
0.894911
0.871769
0.844001
0.811716
0.775149
0.734665
0.690762
0.644062
0.595284
0.545221
0.494701
0.444549
0.395553
0.34843
0.303796
0.262149
0.223857
0.189154
0.158146
0.130824
0.107076
0.0867117
0.0694777
0.0550818
