VARIABLEs = X,u
ZONE I=101
datapacking=block
0
0.01
0.02
0.03
0.04
0.05
0.06
0.07
0.08
0.09
0.1
0.11
0.12
0.13
0.14
0.15
0.16
0.17
0.18
0.19
0.2
0.21
0.22
0.23
0.24
0.25
0.26
0.27
0.28
0.29
0.3
0.31
0.32
0.33
0.34
0.35
0.36
0.37
0.38
0.39
0.4
0.41
0.42
0.43
0.44
0.45
0.46
0.47
0.48
0.49
0.5
0.51
0.52
0.53
0.54
0.55
0.56
0.57
0.58
0.59
0.6
0.61
0.62
0.63
0.64
0.65
0.66
0.67
0.68
0.69
0.7
0.71
0.72
0.73
0.74
0.75
0.76
0.77
0.78
0.79
0.8
0.81
0.82
0.83
0.84
0.85
0.86
0.87
0.88
0.89
0.9
0.91
0.92
0.93
0.94
0.95
0.96
0.97
0.98
0.99
1
0
0.000227742
0.00204968
0.00942025
0.0295218
0.0710955
0.140637
0.238627
0.358251
0.487391
0.612618
0.723045
0.812482
0.879559
0.926467
0.957231
0.976248
0.987378
0.993568
0.99685
0.998515
0.999325
0.999703
0.999874
0.999948
0.999979
0.999992
0.999997
0.999999
1
1
0.999772
0.99795
0.99058
0.970478
0.928905
0.859363
0.761373
0.641749
0.512609
0.387382
0.276955
0.187518
0.120441
0.0735332
0.0427692
0.0237515
0.0126218
0.00643206
0.0031496
0.00148482
0.000675124
0.000296567
0.00012606
5.19264e-05
2.07566e-05
8.062e-06
3.0463e-06
1.12109e-06
4.02255e-07
1.40862e-07
4.81859e-08
1.61163e-08
5.2746e-09
1.69056e-09
5.31019e-10
1.6358e-10
4.94514e-11
1.468e-11
4.28181e-12
1.22781e-12
3.46309e-13
9.61281e-14
2.62723e-14
7.0731e-15
1.87661e-15
4.90876e-16
1.26642e-16
3.22374e-17
8.09982e-18
2.00945e-18
4.9239e-19
1.1921e-19
2.85248e-20
6.74785e-21
1.57858e-21
3.65294e-22
8.36394e-23
1.89531e-23
4.25162e-24
9.4436e-25
2.07744e-25
4.5271e-26
9.77474e-27
2.09157e-27
4.43614e-28
9.32798e-29
1.94491e-29
4.02176e-30
8.24924e-31
1.67866e-31
