VARIABLEs = X,u
ZONE I=101
datapacking=block
0
0.01
0.02
0.03
0.04
0.05
0.06
0.07
0.08
0.09
0.1
0.11
0.12
0.13
0.14
0.15
0.16
0.17
0.18
0.19
0.2
0.21
0.22
0.23
0.24
0.25
0.26
0.27
0.28
0.29
0.3
0.31
0.32
0.33
0.34
0.35
0.36
0.37
0.38
0.39
0.4
0.41
0.42
0.43
0.44
0.45
0.46
0.47
0.48
0.49
0.5
0.51
0.52
0.53
0.54
0.55
0.56
0.57
0.58
0.59
0.6
0.61
0.62
0.63
0.64
0.65
0.66
0.67
0.68
0.69
0.7
0.71
0.72
0.73
0.74
0.75
0.76
0.77
0.78
0.79
0.8
0.81
0.82
0.83
0.84
0.85
0.86
0.87
0.88
0.89
0.9
0.91
0.92
0.93
0.94
0.95
0.96
0.97
0.98
0.99
1
0
0.148644
0.418905
0.676881
0.848866
0.938767
0.977996
0.992856
0.997873
0.999413
0.999848
0.999963
0.999991
0.999998
1
1
1
1
1
1
1
1
1
1
1
1
1
1
1
1
1
0.851356
0.581095
0.323119
0.151134
0.0612334
0.0220039
0.00714426
0.00212671
0.000587238
0.000151831
3.70424e-05
8.58227e-06
1.89846e-06
4.02784e-07
8.22816e-08
1.62387e-08
3.10516e-09
5.76781e-10
1.04305e-10
1.84008e-11
3.17228e-12
5.35299e-13
8.85383e-14
1.43725e-14
2.29248e-15
3.59672e-16
5.55589e-17
8.45722e-18
1.26963e-18
1.88117e-19
2.75276e-20
3.98086e-21
5.69249e-22
8.05344e-23
1.12779e-23
1.56405e-24
2.14898e-25
2.92651e-26
3.95157e-27
5.29232e-28
7.03271e-29
9.27548e-30
1.21455e-30
1.57935e-31
2.04004e-32
2.61823e-33
3.33951e-34
4.2341e-35
5.33744e-36
6.69091e-37
8.34256e-38
1.03479e-38
1.27708e-39
1.56845e-40
1.91721e-41
2.33284e-42
2.82601e-43
3.40876e-44
4.09455e-45
4.89844e-46
5.83716e-47
6.92924e-48
8.19513e-49
9.65735e-50
1.13405e-50
1.32717e-51
1.548e-52
1.79973e-53
2.08581e-54
2.40992e-55
