VARIABLEs = X,u
ZONE I=101
datapacking=block
0
0.01
0.02
0.03
0.04
0.05
0.06
0.07
0.08
0.09
0.1
0.11
0.12
0.13
0.14
0.15
0.16
0.17
0.18
0.19
0.2
0.21
0.22
0.23
0.24
0.25
0.26
0.27
0.28
0.29
0.3
0.31
0.32
0.33
0.34
0.35
0.36
0.37
0.38
0.39
0.4
0.41
0.42
0.43
0.44
0.45
0.46
0.47
0.48
0.49
0.5
0.51
0.52
0.53
0.54
0.55
0.56
0.57
0.58
0.59
0.6
0.61
0.62
0.63
0.64
0.65
0.66
0.67
0.68
0.69
0.7
0.71
0.72
0.73
0.74
0.75
0.76
0.77
0.78
0.79
0.8
0.81
0.82
0.83
0.84
0.85
0.86
0.87
0.88
0.89
0.9
0.91
0.92
0.93
0.94
0.95
0.96
0.97
0.98
0.99
1
0
5.06329e-19
2.08516e-17
4.30531e-16
5.94258e-15
6.16894e-14
5.13745e-13
3.5754e-12
2.13886e-11
1.12277e-10
5.25404e-10
2.21923e-09
8.54657e-09
3.02608e-08
9.91999e-08
3.02883e-07
8.65791e-07
2.32743e-06
5.90727e-06
1.4206e-05
3.24712e-05
7.07449e-05
0.000147293
0.000293745
0.000562338
0.00103543
0.0018371
0.00314612
0.00520883
0.00834977
0.0129775
0.0195825
0.0287249
0.04101
0.0570517
0.0774256
0.102615
0.132957
0.168592
0.209427
0.255117
0.305064
0.358445
0.414251
0.471356
0.528578
0.58476
0.638831
0.689867
0.737128
0.780083
0.818407
0.851974
0.880826
0.905128
0.92513
0.941115
0.95335
0.962045
0.967317
0.969172
0.967487
0.962026
0.952456
0.938388
0.919431
0.895244
0.865602
0.830449
0.789942
0.744473
0.694672
0.641388
0.585643
0.528578
0.471381
0.415215
0.361152
0.310118
0.262852
0.219882
0.181521
0.147877
0.11888
0.0943096
0.0738341
0.0570475
0.0435038
0.0327465
0.0243329
0.017851
0.0129306
0.00924945
0.00653447
0.00455995
0.00314356
0.0021412
0.0014412
0.000958703
0.000630374
0.000409757
