VARIABLEs = X,u
ZONE I=101
datapacking=block
0
0.01
0.02
0.03
0.04
0.05
0.06
0.07
0.08
0.09
0.1
0.11
0.12
0.13
0.14
0.15
0.16
0.17
0.18
0.19
0.2
0.21
0.22
0.23
0.24
0.25
0.26
0.27
0.28
0.29
0.3
0.31
0.32
0.33
0.34
0.35
0.36
0.37
0.38
0.39
0.4
0.41
0.42
0.43
0.44
0.45
0.46
0.47
0.48
0.49
0.5
0.51
0.52
0.53
0.54
0.55
0.56
0.57
0.58
0.59
0.6
0.61
0.62
0.63
0.64
0.65
0.66
0.67
0.68
0.69
0.7
0.71
0.72
0.73
0.74
0.75
0.76
0.77
0.78
0.79
0.8
0.81
0.82
0.83
0.84
0.85
0.86
0.87
0.88
0.89
0.9
0.91
0.92
0.93
0.94
0.95
0.96
0.97
0.98
0.99
1
0
2.32657e-18
9.24283e-17
1.84122e-15
2.45225e-14
2.45665e-13
1.9746e-12
1.32651e-11
7.6609e-11
3.8829e-10
1.75465e-09
7.15797e-09
2.66278e-08
9.10848e-08
2.88512e-07
8.51309e-07
2.3521e-06
6.11261e-06
1.50011e-05
3.48879e-05
7.71355e-05
0.000162591
0.000327583
0.00063234
0.00117199
0.0020898
0.00359168
0.00596002
0.00956437
0.0148656
0.0224102
0.0328127
0.0467234
0.0647835
0.0875701
0.115535
0.148949
0.187846
0.232
0.280908
0.333806
0.389709
0.447471
0.505859
0.563629
0.619609
0.67276
0.722233
0.767393
0.807838
0.843381
0.874028
0.899938
0.921379
0.938668
0.952127
0.962032
0.96857
0.971813
0.971695
0.968016
0.960455
0.948601
0.932011
0.910259
0.883012
0.850091
0.811526
0.767595
0.718834
0.666031
0.61019
0.552466
0.494103
0.436347
0.380377
0.327229
0.277757
0.232589
0.192125
0.156541
0.125809
0.0997337
0.0779887
0.06016
0.0457829
0.0343763
0.0254696
0.0186226
0.013439
0.00957336
0.00673266
0.00467517
0.00320596
0.00217136
0.00145273
0.000960244
0.00062717
0.000404819
0.00025827
0.000162887
