VARIABLEs = X,u
ZONE I=101
datapacking=block
0
0.01
0.02
0.03
0.04
0.05
0.06
0.07
0.08
0.09
0.1
0.11
0.12
0.13
0.14
0.15
0.16
0.17
0.18
0.19
0.2
0.21
0.22
0.23
0.24
0.25
0.26
0.27
0.28
0.29
0.3
0.31
0.32
0.33
0.34
0.35
0.36
0.37
0.38
0.39
0.4
0.41
0.42
0.43
0.44
0.45
0.46
0.47
0.48
0.49
0.5
0.51
0.52
0.53
0.54
0.55
0.56
0.57
0.58
0.59
0.6
0.61
0.62
0.63
0.64
0.65
0.66
0.67
0.68
0.69
0.7
0.71
0.72
0.73
0.74
0.75
0.76
0.77
0.78
0.79
0.8
0.81
0.82
0.83
0.84
0.85
0.86
0.87
0.88
0.89
0.9
0.91
0.92
0.93
0.94
0.95
0.96
0.97
0.98
0.99
1
0
9.67536e-24
4.98721e-22
1.28805e-20
2.22244e-19
2.88212e-18
2.99645e-17
2.60164e-16
1.94033e-15
1.26895e-14
7.39275e-14
3.88468e-13
1.85979e-12
8.17978e-12
3.3283e-11
1.26034e-10
4.46448e-10
1.48597e-09
4.66569e-09
1.38676e-08
3.91399e-08
1.05192e-07
2.69895e-07
6.62594e-07
1.55975e-06
3.52737e-06
7.67727e-06
1.61077e-05
3.26278e-05
6.38981e-05
0.000121145
0.000222629
0.000397026
0.000687853
0.00115894
0.00190085
0.0030378
0.00473461
0.00720269
0.0107041
0.0155521
0.022108
0.0307717
0.0419669
0.0561208
0.0736376
0.0948701
0.120089
0.149454
0.18299
0.220571
0.261909
0.306564
0.35395
0.403368
0.454033
0.505115
0.555777
0.605219
0.652709
0.697609
0.7394
0.777685
0.812187
0.842744
0.869284
0.891804
0.910342
0.924952
0.935674
0.94252
0.945456
0.944401
0.939229
0.929785
0.915908
0.897455
0.874334
0.846535
0.814153
0.777415
0.736685
0.692464
0.645384
0.596179
0.54566
0.494676
0.444074
0.394661
0.347171
0.302234
0.260354
0.221904
0.187116
0.156091
0.128812
0.105156
0.084922
0.0678446
0.053621
0.0419272
