VARIABLEs = X,u
ZONE I=101
datapacking=block
0
0.01
0.02
0.03
0.04
0.05
0.06
0.07
0.08
0.09
0.1
0.11
0.12
0.13
0.14
0.15
0.16
0.17
0.18
0.19
0.2
0.21
0.22
0.23
0.24
0.25
0.26
0.27
0.28
0.29
0.3
0.31
0.32
0.33
0.34
0.35
0.36
0.37
0.38
0.39
0.4
0.41
0.42
0.43
0.44
0.45
0.46
0.47
0.48
0.49
0.5
0.51
0.52
0.53
0.54
0.55
0.56
0.57
0.58
0.59
0.6
0.61
0.62
0.63
0.64
0.65
0.66
0.67
0.68
0.69
0.7
0.71
0.72
0.73
0.74
0.75
0.76
0.77
0.78
0.79
0.8
0.81
0.82
0.83
0.84
0.85
0.86
0.87
0.88
0.89
0.9
0.91
0.92
0.93
0.94
0.95
0.96
0.97
0.98
0.99
1
0
0.00104647
0.00789609
0.0306244
0.0815908
0.168465
0.28851
0.428563
0.570434
0.697796
0.800715
0.8765
0.927859
0.960153
0.979122
0.989593
0.99505
0.997748
0.999017
0.999588
0.999833
0.999935
0.999975
0.999991
0.999997
0.999999
1
1
1
1
1
0.998954
0.992104
0.969376
0.918409
0.831535
0.71149
0.571437
0.429566
0.302204
0.199285
0.1235
0.0721412
0.0398474
0.0208776
0.0104073
0.00495006
0.00225244
0.000982968
0.000412348
0.000166627
6.49871e-05
2.45074e-05
8.95108e-06
3.17128e-06
1.09143e-06
3.65371e-07
1.19121e-07
3.78665e-08
1.17491e-08
3.56179e-09
1.05598e-09
3.06443e-10
8.71179e-11
2.4281e-11
6.63966e-12
1.78255e-12
4.70154e-13
1.219e-13
3.10877e-14
7.80248e-15
1.92824e-15
4.69453e-16
1.12649e-16
2.6654e-17
6.22133e-18
1.43306e-18
3.25895e-19
7.31947e-20
1.62415e-20
3.56175e-21
7.72203e-22
1.65564e-22
3.5115e-23
7.36951e-24
1.53081e-24
3.14813e-25
6.41126e-26
1.2933e-26
2.58475e-27
5.1192e-28
1.00494e-28
1.95582e-29
3.77439e-30
7.22409e-31
1.37157e-31
2.58362e-32
4.82937e-33
8.95935e-34
1.6499e-34
3.01649e-35
