VARIABLEs = X,u
ZONE I=101
datapacking=block
0
0.01
0.02
0.03
0.04
0.05
0.06
0.07
0.08
0.09
0.1
0.11
0.12
0.13
0.14
0.15
0.16
0.17
0.18
0.19
0.2
0.21
0.22
0.23
0.24
0.25
0.26
0.27
0.28
0.29
0.3
0.31
0.32
0.33
0.34
0.35
0.36
0.37
0.38
0.39
0.4
0.41
0.42
0.43
0.44
0.45
0.46
0.47
0.48
0.49
0.5
0.51
0.52
0.53
0.54
0.55
0.56
0.57
0.58
0.59
0.6
0.61
0.62
0.63
0.64
0.65
0.66
0.67
0.68
0.69
0.7
0.71
0.72
0.73
0.74
0.75
0.76
0.77
0.78
0.79
0.8
0.81
0.82
0.83
0.84
0.85
0.86
0.87
0.88
0.89
0.9
0.91
0.92
0.93
0.94
0.95
0.96
0.97
0.98
0.99
1
0
7.25657e-05
0.000732254
0.00376082
0.0131219
0.0350352
0.0764713
0.142392
0.233141
0.343483
0.463856
0.583134
0.69157
0.782754
0.854171
0.906574
0.94278
0.966437
0.981112
0.989784
0.99468
0.997328
0.998704
0.999392
0.999724
0.999878
0.999948
0.999978
0.999991
0.999997
0.999999
0.999927
0.999268
0.996239
0.986878
0.964965
0.923529
0.857608
0.766859
0.656517
0.536144
0.416866
0.30843
0.217246
0.145829
0.0934259
0.05722
0.0335627
0.0188876
0.0102159
0.00531996
0.00267169
0.00129596
0.000608102
0.000276406
0.000121865
5.21818e-05
2.17256e-05
8.80482e-06
3.4771e-06
1.33933e-06
5.03653e-07
1.85067e-07
6.65025e-08
2.33882e-08
8.05608e-09
2.71971e-09
9.0049e-10
2.92595e-10
9.3356e-11
2.92653e-11
9.01843e-12
2.73338e-12
8.15212e-13
2.39357e-13
6.9218e-14
1.97231e-14
5.53971e-15
1.53436e-15
4.19233e-16
1.13039e-16
3.00877e-17
7.90834e-18
2.0533e-18
5.26769e-19
1.33572e-19
3.34859e-20
8.30184e-21
2.03594e-21
4.94018e-22
1.18635e-22
2.82016e-23
6.63783e-24
1.54725e-24
3.5725e-25
8.1723e-26
1.85252e-26
4.16209e-27
9.26974e-28
2.04696e-28
4.48239e-29
