VARIABLEs = X,u
ZONE I=101
datapacking=block
0
0.01
0.02
0.03
0.04
0.05
0.06
0.07
0.08
0.09
0.1
0.11
0.12
0.13
0.14
0.15
0.16
0.17
0.18
0.19
0.2
0.21
0.22
0.23
0.24
0.25
0.26
0.27
0.28
0.29
0.3
0.31
0.32
0.33
0.34
0.35
0.36
0.37
0.38
0.39
0.4
0.41
0.42
0.43
0.44
0.45
0.46
0.47
0.48
0.49
0.5
0.51
0.52
0.53
0.54
0.55
0.56
0.57
0.58
0.59
0.6
0.61
0.62
0.63
0.64
0.65
0.66
0.67
0.68
0.69
0.7
0.71
0.72
0.73
0.74
0.75
0.76
0.77
0.78
0.79
0.8
0.81
0.82
0.83
0.84
0.85
0.86
0.87
0.88
0.89
0.9
0.91
0.92
0.93
0.94
0.95
0.96
0.97
0.98
0.99
1
0
1.46012e-25
8.11031e-24
2.2568e-22
4.19469e-21
5.85881e-20
6.55927e-19
6.13153e-18
4.92253e-17
3.46474e-16
2.172e-15
1.22788e-14
6.32304e-14
2.99074e-13
1.30842e-12
5.32614e-12
2.02769e-11
7.25198e-11
2.44614e-10
7.80887e-10
2.36661e-09
6.82827e-09
1.88033e-08
4.95325e-08
1.2508e-07
3.03362e-07
7.07898e-07
1.59194e-06
3.45527e-06
7.24848e-06
1.4716e-05
2.89495e-05
5.5246e-05
0.000102386
0.000184458
0.000323366
0.000552113
0.000918918
0.00149211
0.0023656
0.00366465
0.00555121
0.00822838
0.0119428
0.0169844
0.0236822
0.032396
0.0435037
0.0573828
0.07439
0.0948366
0.118963
0.146918
0.178733
0.214314
0.253429
0.295711
0.34067
0.387708
0.436145
0.485249
0.534272
0.58248
0.629181
0.673757
0.715674
0.754502
0.78991
0.821666
0.84962
0.873693
0.89385
0.910083
0.92239
0.930756
0.935144
0.935486
0.931691
0.923648
0.911245
0.894392
0.873037
0.847198
0.81698
0.782592
0.744359
0.702721
0.658229
0.611524
0.563322
0.514376
0.465455
0.417302
0.370608
0.325987
0.283956
0.244915
0.209151
0.17683
0.148006
0.122638
