VARIABLEs = X,u
ZONE I=101
datapacking=block
0
0.01
0.02
0.03
0.04
0.05
0.06
0.07
0.08
0.09
0.1
0.11
0.12
0.13
0.14
0.15
0.16
0.17
0.18
0.19
0.2
0.21
0.22
0.23
0.24
0.25
0.26
0.27
0.28
0.29
0.3
0.31
0.32
0.33
0.34
0.35
0.36
0.37
0.38
0.39
0.4
0.41
0.42
0.43
0.44
0.45
0.46
0.47
0.48
0.49
0.5
0.51
0.52
0.53
0.54
0.55
0.56
0.57
0.58
0.59
0.6
0.61
0.62
0.63
0.64
0.65
0.66
0.67
0.68
0.69
0.7
0.71
0.72
0.73
0.74
0.75
0.76
0.77
0.78
0.79
0.8
0.81
0.82
0.83
0.84
0.85
0.86
0.87
0.88
0.89
0.9
0.91
0.92
0.93
0.94
0.95
0.96
0.97
0.98
0.99
1
0
0.00397397
0.0249276
0.0811215
0.183292
0.324938
0.484611
0.637027
0.76371
0.857282
0.919664
0.95766
0.979013
0.990175
0.995639
0.998158
0.999257
0.999713
0.999894
0.999962
0.999987
0.999996
0.999999
1
1
1
1
1
1
1
1
0.996026
0.975072
0.918879
0.816708
0.675062
0.515389
0.362973
0.23629
0.142718
0.080336
0.0423399
0.0209866
0.00982473
0.00436085
0.0018418
0.000742571
0.000286642
0.000106221
3.78802e-05
1.30288e-05
4.33085e-06
1.39387e-06
4.35104e-07
1.31937e-07
3.89196e-08
1.11835e-08
3.13425e-09
8.57693e-10
2.29422e-10
6.00443e-11
1.53902e-11
3.86661e-12
9.5297e-13
2.30579e-13
5.48104e-14
1.28085e-14
2.94443e-15
6.66236e-16
1.48465e-16
3.26001e-17
7.05719e-18
1.50685e-18
3.17488e-19
6.60377e-20
1.35656e-20
2.75322e-21
5.52274e-22
1.0953e-22
2.14844e-23
4.16931e-24
8.00734e-25
1.52238e-25
2.86609e-26
5.34448e-27
9.87375e-28
1.8077e-28
3.2805e-29
5.90234e-30
1.0531e-30
1.86369e-31
3.27203e-32
5.70019e-33
9.85526e-34
1.69135e-34
2.88178e-35
4.87553e-36
8.19194e-37
1.36717e-37
2.26672e-38
3.73399e-39
