VARIABLEs = X,u
ZONE I=101
datapacking=block
0
0.01
0.02
0.03
0.04
0.05
0.06
0.07
0.08
0.09
0.1
0.11
0.12
0.13
0.14
0.15
0.16
0.17
0.18
0.19
0.2
0.21
0.22
0.23
0.24
0.25
0.26
0.27
0.28
0.29
0.3
0.31
0.32
0.33
0.34
0.35
0.36
0.37
0.38
0.39
0.4
0.41
0.42
0.43
0.44
0.45
0.46
0.47
0.48
0.49
0.5
0.51
0.52
0.53
0.54
0.55
0.56
0.57
0.58
0.59
0.6
0.61
0.62
0.63
0.64
0.65
0.66
0.67
0.68
0.69
0.7
0.71
0.72
0.73
0.74
0.75
0.76
0.77
0.78
0.79
0.8
0.81
0.82
0.83
0.84
0.85
0.86
0.87
0.88
0.89
0.9
0.91
0.92
0.93
0.94
0.95
0.96
0.97
0.98
0.99
1
0
4.31319e-21
1.97231e-19
4.52033e-18
6.92359e-17
7.97286e-16
7.36297e-15
5.68046e-14
3.7657e-13
2.18978e-12
1.13474e-11
5.30563e-11
2.26097e-10
8.85485e-10
3.20948e-09
1.08304e-08
3.42012e-08
1.01525e-07
2.84415e-07
7.54572e-07
1.90185e-06
4.56665e-06
1.04731e-05
2.29936e-05
4.84308e-05
9.80524e-05
0.000191161
0.000359472
0.000653024
0.00114768
0.00195401
0.00322704
0.00517579
0.00807123
0.0122509
0.018118
0.0261339
0.0368015
0.0506405
0.0681546
0.0897919
0.115904
0.146706
0.182242
0.222361
0.266707
0.314726
0.365687
0.418718
0.472853
0.527089
0.580435
0.631971
0.680887
0.726517
0.768357
0.806068
0.83947
0.868517
0.893269
0.913859
0.930448
0.943194
0.952214
0.957559
0.959201
0.957025
0.950837
0.94039
0.925411
0.905644
0.880894
0.851072
0.816233
0.776604
0.732598
0.684812
0.634009
0.581084
0.527019
0.472828
0.41951
0.367987
0.31907
0.273422
0.231537
0.193736
0.160168
0.130829
0.105582
0.0841867
0.0663246
0.0516301
0.0397152
0.03019
0.0226808
0.0168415
0.0123615
0.00896958
0.0064347
0.00456443
