VARIABLEs = X,u
ZONE I=101
datapacking=block
0
0.01
0.02
0.03
0.04
0.05
0.06
0.07
0.08
0.09
0.1
0.11
0.12
0.13
0.14
0.15
0.16
0.17
0.18
0.19
0.2
0.21
0.22
0.23
0.24
0.25
0.26
0.27
0.28
0.29
0.3
0.31
0.32
0.33
0.34
0.35
0.36
0.37
0.38
0.39
0.4
0.41
0.42
0.43
0.44
0.45
0.46
0.47
0.48
0.49
0.5
0.51
0.52
0.53
0.54
0.55
0.56
0.57
0.58
0.59
0.6
0.61
0.62
0.63
0.64
0.65
0.66
0.67
0.68
0.69
0.7
0.71
0.72
0.73
0.74
0.75
0.76
0.77
0.78
0.79
0.8
0.81
0.82
0.83
0.84
0.85
0.86
0.87
0.88
0.89
0.9
0.91
0.92
0.93
0.94
0.95
0.96
0.97
0.98
0.99
1
0
0.000714753
0.00565305
0.0229371
0.0637902
0.13714
0.243831
0.37477
0.514211
0.64573
0.757321
0.843551
0.904838
0.945232
0.97009
0.984456
0.992292
0.996343
0.998336
0.999273
0.999694
0.999876
0.999951
0.999981
0.999993
0.999998
0.999999
1
1
1
1
0.999285
0.994347
0.977063
0.93621
0.86286
0.756169
0.62523
0.485789
0.35427
0.242679
0.156449
0.0951618
0.0547679
0.0299102
0.0155443
0.00770837
0.00365685
0.00166358
0.000727351
0.000306271
0.000124441
4.88754e-05
1.85867e-05
6.85431e-06
2.45467e-06
8.54796e-07
2.89807e-07
9.57697e-08
3.08808e-08
9.72577e-09
2.99463e-09
9.02256e-10
2.66221e-10
7.69873e-11
2.18363e-11
6.07886e-12
1.66201e-12
4.46561e-13
1.17982e-13
3.0668e-14
7.84715e-15
1.97749e-15
4.91021e-16
1.20189e-16
2.9013e-17
6.90979e-18
1.62424e-18
3.76975e-19
8.6418e-20
1.95738e-20
4.38195e-21
9.69878e-22
2.12302e-22
4.5973e-23
9.8511e-24
2.08936e-24
4.38734e-25
9.12334e-26
1.8792e-26
3.83495e-27
7.75543e-28
1.55455e-28
3.08919e-29
6.08708e-30
1.18955e-30
2.30591e-31
4.43472e-32
8.46308e-33
1.60288e-33
3.01336e-34
