VARIABLEs = X,u
ZONE I=101
datapacking=block
0
0.01
0.02
0.03
0.04
0.05
0.06
0.07
0.08
0.09
0.1
0.11
0.12
0.13
0.14
0.15
0.16
0.17
0.18
0.19
0.2
0.21
0.22
0.23
0.24
0.25
0.26
0.27
0.28
0.29
0.3
0.31
0.32
0.33
0.34
0.35
0.36
0.37
0.38
0.39
0.4
0.41
0.42
0.43
0.44
0.45
0.46
0.47
0.48
0.49
0.5
0.51
0.52
0.53
0.54
0.55
0.56
0.57
0.58
0.59
0.6
0.61
0.62
0.63
0.64
0.65
0.66
0.67
0.68
0.69
0.7
0.71
0.72
0.73
0.74
0.75
0.76
0.77
0.78
0.79
0.8
0.81
0.82
0.83
0.84
0.85
0.86
0.87
0.88
0.89
0.9
0.91
0.92
0.93
0.94
0.95
0.96
0.97
0.98
0.99
1
0
1.67784e-09
3.40144e-08
3.47091e-07
2.37735e-06
1.22979e-05
5.12587e-05
0.000179357
0.000542025
0.00144457
0.00345024
0.0074798
0.0148729
0.0273627
0.0469272
0.0755116
0.114664
0.165161
0.22673
0.297938
0.376301
0.458583
0.541221
0.620785
0.694374
0.75988
0.816095
0.862679
0.90001
0.928977
0.95077
0.966686
0.977981
0.985779
0.991018
0.994441
0.996596
0.997837
0.998308
0.997902
0.996186
0.992321
0.98502
0.972581
0.953044
0.924474
0.885329
0.834835
0.773269
0.702061
0.623698
0.541417
0.458779
0.379215
0.305626
0.24012
0.183905
0.137321
0.0999904
0.0710231
0.0492296
0.0333137
0.0220186
0.0142211
0.00897976
0.00554629
0.00335244
0.00198405
0.00115025
0.000653551
0.000364102
0.000198984
0.000106723
5.61995e-05
2.90684e-05
1.4774e-05
7.38143e-06
3.62668e-06
1.75294e-06
8.33814e-07
3.9045e-07
1.80053e-07
8.17935e-08
3.66146e-08
1.61562e-08
7.02912e-09
3.01623e-09
1.27688e-09
5.33424e-10
2.19961e-10
8.95525e-11
3.6006e-11
1.43001e-11
5.61141e-12
2.17605e-12
8.34107e-13
3.161e-13
1.18458e-13
4.39061e-14
1.60988e-14
5.84047e-15
