VARIABLEs = X,u
ZONE I=101
datapacking=block
0
0.01
0.02
0.03
0.04
0.05
0.06
0.07
0.08
0.09
0.1
0.11
0.12
0.13
0.14
0.15
0.16
0.17
0.18
0.19
0.2
0.21
0.22
0.23
0.24
0.25
0.26
0.27
0.28
0.29
0.3
0.31
0.32
0.33
0.34
0.35
0.36
0.37
0.38
0.39
0.4
0.41
0.42
0.43
0.44
0.45
0.46
0.47
0.48
0.49
0.5
0.51
0.52
0.53
0.54
0.55
0.56
0.57
0.58
0.59
0.6
0.61
0.62
0.63
0.64
0.65
0.66
0.67
0.68
0.69
0.7
0.71
0.72
0.73
0.74
0.75
0.76
0.77
0.78
0.79
0.8
0.81
0.82
0.83
0.84
0.85
0.86
0.87
0.88
0.89
0.9
0.91
0.92
0.93
0.94
0.95
0.96
0.97
0.98
0.99
1
0
1.62779e-07
2.58967e-06
2.07914e-05
0.000112351
0.000459864
0.00152136
0.00423942
0.0102403
0.0219012
0.0421605
0.0740228
0.119841
0.180586
0.255348
0.341276
0.433974
0.528252
0.619001
0.701959
0.774199
0.83429
0.882155
0.918746
0.945646
0.964701
0.977728
0.986336
0.991843
0.995258
0.997314
0.998516
0.999197
0.999558
0.999671
0.999431
0.998425
0.995735
0.989747
0.978093
0.957837
0.925976
0.880158
0.819414
0.744652
0.658724
0.566026
0.471748
0.380999
0.298041
0.225801
0.16571
0.117845
0.0812543
0.0543536
0.035299
0.0222725
0.0136641
0.00815704
0.00474195
0.00268647
0.00148433
0.00080041
0.000421536
0.000216964
0.000109209
5.37917e-05
2.59432e-05
1.22584e-05
5.67794e-06
2.57944e-06
1.14991e-06
5.03288e-07
2.16369e-07
9.14099e-08
3.79669e-08
1.551e-08
6.23435e-09
2.46667e-09
9.61027e-10
3.68826e-10
1.39482e-10
5.19967e-11
1.91131e-11
6.92978e-12
2.47898e-12
8.7522e-13
3.05052e-13
1.04993e-13
3.56937e-14
1.19888e-14
3.97942e-15
1.30565e-15
4.23543e-16
1.35871e-16
4.31129e-17
1.35342e-17
4.20422e-18
1.29258e-18
3.93392e-19
1.18542e-19
