VARIABLEs = X,u
ZONE I=101
datapacking=block
0
0.01
0.02
0.03
0.04
0.05
0.06
0.07
0.08
0.09
0.1
0.11
0.12
0.13
0.14
0.15
0.16
0.17
0.18
0.19
0.2
0.21
0.22
0.23
0.24
0.25
0.26
0.27
0.28
0.29
0.3
0.31
0.32
0.33
0.34
0.35
0.36
0.37
0.38
0.39
0.4
0.41
0.42
0.43
0.44
0.45
0.46
0.47
0.48
0.49
0.5
0.51
0.52
0.53
0.54
0.55
0.56
0.57
0.58
0.59
0.6
0.61
0.62
0.63
0.64
0.65
0.66
0.67
0.68
0.69
0.7
0.71
0.72
0.73
0.74
0.75
0.76
0.77
0.78
0.79
0.8
0.81
0.82
0.83
0.84
0.85
0.86
0.87
0.88
0.89
0.9
0.91
0.92
0.93
0.94
0.95
0.96
0.97
0.98
0.99
1
0
6.27585e-08
1.05548e-06
8.95217e-06
5.10678e-05
0.000220488
0.000768791
0.00225586
0.00573212
0.0128822
0.0260267
0.0478943
0.0811477
0.127753
0.188372
0.261981
0.34585
0.435915
0.527424
0.615699
0.696793
0.767934
0.827681
0.875824
0.91312
0.940951
0.96099
0.974933
0.984322
0.990449
0.994329
0.996716
0.998143
0.998966
0.999396
0.999488
0.999081
0.997668
0.99423
0.9871
0.973965
0.952102
0.91885
0.872246
0.811628
0.738019
0.654149
0.564085
0.472576
0.384301
0.303207
0.232066
0.172319
0.124176
0.0868797
0.0590486
0.0390102
0.0250674
0.0156783
0.00955099
0.00567101
0.00328424
0.00185637
0.0010248
0.000552893
0.000291702
0.000150591
7.6116e-05
3.7689e-05
1.82916e-05
8.70596e-06
4.06564e-06
1.8638e-06
8.39137e-07
3.71214e-07
1.61422e-07
6.90283e-08
2.904e-08
1.20236e-08
4.90127e-09
1.96775e-09
7.78345e-10
3.0343e-10
1.16619e-10
4.4202e-11
1.65274e-11
6.09792e-12
2.22074e-12
7.98491e-13
2.83538e-13
9.94562e-14
3.44698e-14
1.18068e-14
3.99777e-15
1.3384e-15
4.43135e-16
1.45129e-16
4.70252e-17
1.50782e-17
4.78517e-18
1.50332e-18
