VARIABLEs = X,u
ZONE I=101
datapacking=block
0
0.01
0.02
0.03
0.04
0.05
0.06
0.07
0.08
0.09
0.1
0.11
0.12
0.13
0.14
0.15
0.16
0.17
0.18
0.19
0.2
0.21
0.22
0.23
0.24
0.25
0.26
0.27
0.28
0.29
0.3
0.31
0.32
0.33
0.34
0.35
0.36
0.37
0.38
0.39
0.4
0.41
0.42
0.43
0.44
0.45
0.46
0.47
0.48
0.49
0.5
0.51
0.52
0.53
0.54
0.55
0.56
0.57
0.58
0.59
0.6
0.61
0.62
0.63
0.64
0.65
0.66
0.67
0.68
0.69
0.7
0.71
0.72
0.73
0.74
0.75
0.76
0.77
0.78
0.79
0.8
0.81
0.82
0.83
0.84
0.85
0.86
0.87
0.88
0.89
0.9
0.91
0.92
0.93
0.94
0.95
0.96
0.97
0.98
0.99
1
0
5.51048e-12
1.4177e-10
1.83262e-09
1.58718e-08
1.03617e-07
5.43937e-07
2.39195e-06
9.06399e-06
3.02174e-05
9.00452e-05
0.000242878
0.000599067
0.00136271
0.00287933
0.00568605
0.010551
0.0184843
0.0307023
0.0485357
0.0732806
0.106011
0.147385
0.197479
0.25569
0.320736
0.39075
0.463457
0.536408
0.607228
0.673829
0.734578
0.788379
0.834691
0.873475
0.905104
0.930242
0.949729
0.964471
0.975353
0.983171
0.988587
0.992083
0.993929
0.994145
0.992466
0.988321
0.980838
0.968898
0.951232
0.926586
0.893914
0.852573
0.802499
0.744298
0.679257
0.609246
0.536542
0.463591
0.392772
0.32617
0.265422
0.211621
0.165309
0.126525
0.094896
0.0697571
0.0502682
0.0355198
0.0246172
0.016739
0.0111704
0.00731817
0.00470829
0.00297573
0.00184813
0.0011283
0.000677329
0.000399946
0.00023236
0.000132865
7.47968e-05
4.14669e-05
2.2646e-05
1.21864e-05
6.4635e-06
3.37977e-06
1.74279e-06
8.86446e-07
4.44851e-07
2.20311e-07
1.077e-07
5.19826e-08
2.47774e-08
1.16654e-08
5.42608e-09
2.49402e-09
1.133e-09
5.08816e-10
2.25929e-10
9.92075e-11
