VARIABLEs = X,u
ZONE I=101
datapacking=block
0
0.01
0.02
0.03
0.04
0.05
0.06
0.07
0.08
0.09
0.1
0.11
0.12
0.13
0.14
0.15
0.16
0.17
0.18
0.19
0.2
0.21
0.22
0.23
0.24
0.25
0.26
0.27
0.28
0.29
0.3
0.31
0.32
0.33
0.34
0.35
0.36
0.37
0.38
0.39
0.4
0.41
0.42
0.43
0.44
0.45
0.46
0.47
0.48
0.49
0.5
0.51
0.52
0.53
0.54
0.55
0.56
0.57
0.58
0.59
0.6
0.61
0.62
0.63
0.64
0.65
0.66
0.67
0.68
0.69
0.7
0.71
0.72
0.73
0.74
0.75
0.76
0.77
0.78
0.79
0.8
0.81
0.82
0.83
0.84
0.85
0.86
0.87
0.88
0.89
0.9
0.91
0.92
0.93
0.94
0.95
0.96
0.97
0.98
0.99
1
0
7.94666e-11
1.84218e-09
2.14724e-08
1.67807e-07
9.89275e-07
4.69335e-06
1.86678e-05
6.40395e-05
0.000193452
0.000522865
0.00128052
0.00287095
0.00594339
0.0114437
0.0206228
0.0349756
0.0560969
0.0854636
0.124174
0.172701
0.230713
0.297013
0.369613
0.445944
0.523143
0.598376
0.669138
0.733466
0.790067
0.838329
0.878254
0.910335
0.935398
0.954454
0.968567
0.978755
0.985921
0.990815
0.994007
0.99586
0.996507
0.9958
0.993273
0.988103
0.979119
0.96488
0.943824
0.914493
0.875803
0.827287
0.769281
0.702984
0.630385
0.554055
0.476857
0.401624
0.330862
0.266534
0.209933
0.161671
0.121746
0.0896651
0.064602
0.0455457
0.0314318
0.0212405
0.0140602
0.0091205
0.00579977
0.00361691
0.00221294
0.00132884
0.000783456
0.000453688
0.000258144
0.000144373
7.93928e-05
4.29437e-05
2.28553e-05
1.19725e-05
6.17492e-06
3.13662e-06
1.56967e-06
7.74102e-07
3.76317e-07
1.80383e-07
8.52787e-08
3.97743e-08
1.83059e-08
8.31597e-09
3.72969e-09
1.65185e-09
7.22615e-10
3.12302e-10
1.33373e-10
5.62958e-11
2.34902e-11
9.69138e-12
3.95418e-12
1.5958e-12
