VARIABLEs = X,u
ZONE I=101
datapacking=block
0
0.01
0.02
0.03
0.04
0.05
0.06
0.07
0.08
0.09
0.1
0.11
0.12
0.13
0.14
0.15
0.16
0.17
0.18
0.19
0.2
0.21
0.22
0.23
0.24
0.25
0.26
0.27
0.28
0.29
0.3
0.31
0.32
0.33
0.34
0.35
0.36
0.37
0.38
0.39
0.4
0.41
0.42
0.43
0.44
0.45
0.46
0.47
0.48
0.49
0.5
0.51
0.52
0.53
0.54
0.55
0.56
0.57
0.58
0.59
0.6
0.61
0.62
0.63
0.64
0.65
0.66
0.67
0.68
0.69
0.7
0.71
0.72
0.73
0.74
0.75
0.76
0.77
0.78
0.79
0.8
0.81
0.82
0.83
0.84
0.85
0.86
0.87
0.88
0.89
0.9
0.91
0.92
0.93
0.94
0.95
0.96
0.97
0.98
0.99
1
0
6.97753e-15
2.23915e-13
3.60617e-12
3.88636e-11
3.15314e-10
2.05444e-09
1.1198e-08
5.25223e-08
2.1641e-07
7.95813e-07
2.64463e-06
8.02302e-06
2.24061e-05
5.80119e-05
0.00014009
0.00031718
0.000676391
0.00136408
0.00261095
0.00475866
0.00828286
0.0138056
0.0220898
0.0340085
0.0504871
0.0724185
0.100561
0.135432
0.177208
0.225664
0.28014
0.339568
0.402542
0.467424
0.53248
0.596015
0.656501
0.712678
0.763613
0.808729
0.847795
0.88088
0.908298
0.930533
0.948166
0.961803
0.97201
0.979251
0.983846
0.985925
0.985406
0.981983
0.975141
0.964197
0.948367
0.92686
0.898991
0.864294
0.822626
0.774237
0.719802
0.660398
0.597438
0.532565
0.467514
0.403982
0.343497
0.287321
0.236387
0.191269
0.152202
0.119112
0.0916795
0.069409
0.0516938
0.0378795
0.0273141
0.0193849
0.0135431
0.00931623
0.0063113
0.00421159
0.00276896
0.00179401
0.00114569
0.000721328
0.000447838
0.000274234
0.000165664
9.87489e-05
5.80927e-05
3.37354e-05
1.93424e-05
1.09517e-05
6.1247e-06
3.38376e-06
1.84716e-06
9.96514e-07
5.31385e-07
2.8013e-07
