VARIABLEs = X,u
ZONE I=101
datapacking=block
0
0.01
0.02
0.03
0.04
0.05
0.06
0.07
0.08
0.09
0.1
0.11
0.12
0.13
0.14
0.15
0.16
0.17
0.18
0.19
0.2
0.21
0.22
0.23
0.24
0.25
0.26
0.27
0.28
0.29
0.3
0.31
0.32
0.33
0.34
0.35
0.36
0.37
0.38
0.39
0.4
0.41
0.42
0.43
0.44
0.45
0.46
0.47
0.48
0.49
0.5
0.51
0.52
0.53
0.54
0.55
0.56
0.57
0.58
0.59
0.6
0.61
0.62
0.63
0.64
0.65
0.66
0.67
0.68
0.69
0.7
0.71
0.72
0.73
0.74
0.75
0.76
0.77
0.78
0.79
0.8
0.81
0.82
0.83
0.84
0.85
0.86
0.87
0.88
0.89
0.9
0.91
0.92
0.93
0.94
0.95
0.96
0.97
0.98
0.99
1
0
2.73118e-16
9.60879e-15
1.69588e-13
2.00208e-12
1.77865e-11
1.26842e-10
7.56393e-10
3.87962e-09
1.74727e-08
7.01976e-08
2.54735e-07
8.43423e-07
2.56935e-06
7.25228e-06
1.90813e-05
4.70406e-05
0.000109155
0.000239362
0.000497805
0.000985012
0.00185977
0.00335935
0.00581942
0.0096894
0.0155383
0.0240459
0.0359743
0.0521199
0.0732454
0.1
0.132835
0.171929
0.217132
0.267938
0.323498
0.382667
0.444077
0.506241
0.567662
0.626935
0.68284
0.734406
0.780948
0.822075
0.857671
0.887856
0.912932
0.93332
0.949499
0.961943
0.97106
0.977148
0.980352
0.980641
0.977795
0.971422
0.960987
0.94587
0.925443
0.899155
0.866628
0.827734
0.78266
0.731935
0.676424
0.617287
0.555896
0.493743
0.432329
0.37306
0.317157
0.265592
0.219049
0.177917
0.142309
0.112097
0.0869593
0.0664408
0.0500028
0.0370719
0.0270799
0.0194923
0.0138282
0.00966996
0.0066668
0.00453232
0.00303887
0.0020099
0.00131155
0.000844551
0.000536755
0.000336756
0.000208605
0.000127609
7.71012e-05
4.60196e-05
2.71395e-05
1.58166e-05
9.11058e-06
5.18772e-06
