VARIABLEs = X,u
ZONE I=101
datapacking=block
0
0.01
0.02
0.03
0.04
0.05
0.06
0.07
0.08
0.09
0.1
0.11
0.12
0.13
0.14
0.15
0.16
0.17
0.18
0.19
0.2
0.21
0.22
0.23
0.24
0.25
0.26
0.27
0.28
0.29
0.3
0.31
0.32
0.33
0.34
0.35
0.36
0.37
0.38
0.39
0.4
0.41
0.42
0.43
0.44
0.45
0.46
0.47
0.48
0.49
0.5
0.51
0.52
0.53
0.54
0.55
0.56
0.57
0.58
0.59
0.6
0.61
0.62
0.63
0.64
0.65
0.66
0.67
0.68
0.69
0.7
0.71
0.72
0.73
0.74
0.75
0.76
0.77
0.78
0.79
0.8
0.81
0.82
0.83
0.84
0.85
0.86
0.87
0.88
0.89
0.9
0.91
0.92
0.93
0.94
0.95
0.96
0.97
0.98
0.99
1
0
1.15313e-22
5.67128e-21
1.39772e-19
2.30164e-18
2.84897e-17
2.82752e-16
2.34382e-15
1.6691e-14
1.04241e-13
5.8002e-13
2.91134e-12
1.33156e-11
5.59571e-11
2.17578e-10
7.87447e-10
2.66629e-09
8.4843e-09
2.54716e-08
7.24013e-08
1.95451e-07
5.02517e-07
1.23363e-06
2.89826e-06
6.53018e-06
1.4138e-05
2.94642e-05
5.92056e-05
0.000114883
0.000215573
0.000391701
0.000690051
0.00118001
0.00196088
0.00316984
0.00498973
0.00765576
0.0114596
0.0167494
0.0239248
0.0334251
0.0457107
0.0612381
0.0804287
0.103636
0.131111
0.16297
0.199175
0.23951
0.283589
0.330858
0.380618
0.432063
0.484317
0.53648
0.587672
0.637079
0.683985
0.727796
0.768055
0.804445
0.836779
0.864983
0.889067
0.909099
0.925171
0.937369
0.945747
0.950308
0.950996
0.94769
0.940224
0.928399
0.912017
0.890916
0.865002
0.834284
0.798907
0.759162
0.715502
0.668526
0.618968
0.56766
0.515499
0.463396
0.412238
0.362843
0.315925
0.27207
0.231718
0.195156
0.162526
0.133834
0.108971
0.0877304
0.0698389
0.0549752
0.0427934
0.0329421
0.0250795
0.0188847
