VARIABLEs = X,u
ZONE I=101
datapacking=block
0
0.01
0.02
0.03
0.04
0.05
0.06
0.07
0.08
0.09
0.1
0.11
0.12
0.13
0.14
0.15
0.16
0.17
0.18
0.19
0.2
0.21
0.22
0.23
0.24
0.25
0.26
0.27
0.28
0.29
0.3
0.31
0.32
0.33
0.34
0.35
0.36
0.37
0.38
0.39
0.4
0.41
0.42
0.43
0.44
0.45
0.46
0.47
0.48
0.49
0.5
0.51
0.52
0.53
0.54
0.55
0.56
0.57
0.58
0.59
0.6
0.61
0.62
0.63
0.64
0.65
0.66
0.67
0.68
0.69
0.7
0.71
0.72
0.73
0.74
0.75
0.76
0.77
0.78
0.79
0.8
0.81
0.82
0.83
0.84
0.85
0.86
0.87
0.88
0.89
0.9
0.91
0.92
0.93
0.94
0.95
0.96
0.97
0.98
0.99
1
0
2.01214e-21
9.34729e-20
2.17628e-18
3.38603e-17
3.96066e-16
3.71518e-15
2.91115e-14
1.96001e-13
1.15751e-12
6.09134e-12
2.89215e-11
1.25148e-10
4.9766e-10
1.83141e-09
6.27436e-09
2.01148e-08
6.06139e-08
1.72365e-07
4.64161e-07
1.18737e-06
2.89347e-06
6.73406e-06
1.50024e-05
3.20621e-05
6.58583e-05
0.000130255
0.000248467
0.000457825
0.000816044
0.00140896
0.00235942
0.00383667
0.00606515
0.00933112
0.0139856
0.0204413
0.0291632
0.0406494
0.0554056
0.0739111
0.0965803
0.123723
0.155507
0.191928
0.232788
0.277693
0.326059
0.377138
0.430055
0.483855
0.537556
0.590203
0.640911
0.688914
0.733586
0.774459
0.811224
0.843722
0.871918
0.895875
0.915718
0.931595
0.943641
0.951952
0.956555
0.957402
0.954364
0.947242
0.935794
0.919765
0.898925
0.873118
0.842296
0.806561
0.766184
0.721615
0.673479
0.622557
0.569746
0.516015
0.462359
0.409739
0.359041
0.311033
0.266335
0.225403
0.188523
0.155818
0.127265
0.102715
0.0819217
0.0645681
0.0502934
0.038717
0.0294592
0.0221565
0.0164732
0.0121086
0.00880018
0.00632428
