VARIABLEs = X,u
ZONE I=101
datapacking=block
0
0.01
0.02
0.03
0.04
0.05
0.06
0.07
0.08
0.09
0.1
0.11
0.12
0.13
0.14
0.15
0.16
0.17
0.18
0.19
0.2
0.21
0.22
0.23
0.24
0.25
0.26
0.27
0.28
0.29
0.3
0.31
0.32
0.33
0.34
0.35
0.36
0.37
0.38
0.39
0.4
0.41
0.42
0.43
0.44
0.45
0.46
0.47
0.48
0.49
0.5
0.51
0.52
0.53
0.54
0.55
0.56
0.57
0.58
0.59
0.6
0.61
0.62
0.63
0.64
0.65
0.66
0.67
0.68
0.69
0.7
0.71
0.72
0.73
0.74
0.75
0.76
0.77
0.78
0.79
0.8
0.81
0.82
0.83
0.84
0.85
0.86
0.87
0.88
0.89
0.9
0.91
0.92
0.93
0.94
0.95
0.96
0.97
0.98
0.99
1
0
8.70238e-17
3.15659e-15
5.74321e-14
6.9887e-13
6.39892e-12
4.70248e-11
2.88933e-10
1.52675e-09
7.08286e-09
2.93073e-08
1.09517e-07
3.73349e-07
1.17084e-06
3.40158e-06
9.2102e-06
2.33621e-05
5.57668e-05
0.000125775
0.000268973
0.000547147
0.00106177
0.00197071
0.0035069
0.00599638
0.00987204
0.0156785
0.0240633
0.0357513
0.0514996
0.0720367
0.0979881
0.129799
0.167666
0.211478
0.260796
0.314854
0.372598
0.432753
0.493916
0.554651
0.613592
0.669526
0.721465
0.768681
0.810722
0.847403
0.878773
0.905063
0.926637
0.943926
0.95737
0.967359
0.974186
0.978009
0.97882
0.976437
0.970515
0.96057
0.946038
0.926337
0.900951
0.869518
0.8319
0.78825
0.739035
0.685043
0.62734
0.567209
0.506062
0.445336
0.386401
0.330469
0.278531
0.231315
0.189268
0.152573
0.121171
0.0948109
0.0730936
0.0555263
0.0415683
0.0306706
0.0223068
0.0159945
0.0113081
0.00788433
0.0054221
0.0036785
0.00246236
0.00162661
0.00106059
0.00068267
0.000433867
0.000272307
0.000168807
0.000103378
6.25522e-05
3.74031e-05
2.21052e-05
1.29144e-05
