VARIABLEs = X,u
ZONE I=101
datapacking=block
0
0.01
0.02
0.03
0.04
0.05
0.06
0.07
0.08
0.09
0.1
0.11
0.12
0.13
0.14
0.15
0.16
0.17
0.18
0.19
0.2
0.21
0.22
0.23
0.24
0.25
0.26
0.27
0.28
0.29
0.3
0.31
0.32
0.33
0.34
0.35
0.36
0.37
0.38
0.39
0.4
0.41
0.42
0.43
0.44
0.45
0.46
0.47
0.48
0.49
0.5
0.51
0.52
0.53
0.54
0.55
0.56
0.57
0.58
0.59
0.6
0.61
0.62
0.63
0.64
0.65
0.66
0.67
0.68
0.69
0.7
0.71
0.72
0.73
0.74
0.75
0.76
0.77
0.78
0.79
0.8
0.81
0.82
0.83
0.84
0.85
0.86
0.87
0.88
0.89
0.9
0.91
0.92
0.93
0.94
0.95
0.96
0.97
0.98
0.99
1
0
3.93863e-15
1.28543e-13
2.10522e-12
2.30699e-11
1.90311e-10
1.26066e-09
6.98537e-09
3.33042e-08
1.39477e-07
5.21269e-07
1.76036e-06
5.42643e-06
1.5397e-05
4.04978e-05
9.9338e-05
0.00022843
0.000494681
0.00101295
0.00196833
0.00364141
0.0064324
0.0108786
0.0176583
0.0275731
0.0415065
0.0603545
0.0849361
0.115891
0.153579
0.198001
0.24875
0.305006
0.365577
0.428984
0.493579
0.557669
0.619656
0.67814
0.732007
0.780474
0.823102
0.859773
0.890643
0.916079
0.936589
0.952748
0.965133
0.974256
0.980514
0.98414
0.985174
0.983441
0.978554
0.969938
0.956882
0.938616
0.914416
0.883707
0.846175
0.80185
0.751161
0.694941
0.634393
0.570998
0.506411
0.442325
0.380341
0.321858
0.267992
0.219525
0.176896
0.140221
0.109342
0.0838806
0.0633119
0.0470232
0.034372
0.0247307
0.017518
0.0122189
0.00839386
0.00568021
0.0037873
0.00248856
0.00161181
0.00102923
0.000648103
0.000402526
0.000246634
0.000149112
8.89729e-05
5.24057e-05
3.04761e-05
1.75018e-05
9.92739e-06
5.56282e-06
3.07994e-06
1.68521e-06
9.11402e-07
4.87285e-07
