VARIABLEs = X,u
ZONE I=101
datapacking=block
0
0.01
0.02
0.03
0.04
0.05
0.06
0.07
0.08
0.09
0.1
0.11
0.12
0.13
0.14
0.15
0.16
0.17
0.18
0.19
0.2
0.21
0.22
0.23
0.24
0.25
0.26
0.27
0.28
0.29
0.3
0.31
0.32
0.33
0.34
0.35
0.36
0.37
0.38
0.39
0.4
0.41
0.42
0.43
0.44
0.45
0.46
0.47
0.48
0.49
0.5
0.51
0.52
0.53
0.54
0.55
0.56
0.57
0.58
0.59
0.6
0.61
0.62
0.63
0.64
0.65
0.66
0.67
0.68
0.69
0.7
0.71
0.72
0.73
0.74
0.75
0.76
0.77
0.78
0.79
0.8
0.81
0.82
0.83
0.84
0.85
0.86
0.87
0.88
0.89
0.9
0.91
0.92
0.93
0.94
0.95
0.96
0.97
0.98
0.99
1
0
8.57161e-16
2.92214e-14
4.9981e-13
5.71907e-12
4.92524e-11
3.4053e-10
1.96904e-09
9.79433e-09
4.27851e-08
1.6675e-07
5.87105e-07
1.88638e-06
5.57751e-06
1.52829e-05
3.90421e-05
9.34722e-05
0.000210683
0.000448864
0.000907183
0.00174488
0.00320322
0.00562749
0.00948428
0.0153685
0.0239943
0.0361646
0.0527178
0.0744543
0.102048
0.135957
0.176339
0.222998
0.275356
0.332475
0.393106
0.455784
0.518937
0.581004
0.640546
0.696341
0.747444
0.79322
0.833347
0.867782
0.896724
0.920544
0.939725
0.95479
0.966245
0.974513
0.979892
0.982514
0.982318
0.979046
0.972254
0.961351
0.94566
0.9245
0.897287
0.863626
0.823403
0.776844
0.724548
0.667469
0.606861
0.544197
0.481052
0.41899
0.35945
0.303657
0.252554
0.206777
0.166648
0.132202
0.103237
0.0793623
0.0600645
0.0447606
0.032848
0.0237422
0.0169045
0.0118586
0.00819763
0.00558535
0.00375148
0.00248444
0.0016226
0.0010453
0.00066435
0.000416645
0.000257889
0.000157572
9.50574e-05
5.66288e-05
3.33205e-05
1.93681e-05
1.11235e-05
6.31323e-06
3.54153e-06
1.96397e-06
