VARIABLEs = X,u
ZONE I=101
datapacking=block
0
0.01
0.02
0.03
0.04
0.05
0.06
0.07
0.08
0.09
0.1
0.11
0.12
0.13
0.14
0.15
0.16
0.17
0.18
0.19
0.2
0.21
0.22
0.23
0.24
0.25
0.26
0.27
0.28
0.29
0.3
0.31
0.32
0.33
0.34
0.35
0.36
0.37
0.38
0.39
0.4
0.41
0.42
0.43
0.44
0.45
0.46
0.47
0.48
0.49
0.5
0.51
0.52
0.53
0.54
0.55
0.56
0.57
0.58
0.59
0.6
0.61
0.62
0.63
0.64
0.65
0.66
0.67
0.68
0.69
0.7
0.71
0.72
0.73
0.74
0.75
0.76
0.77
0.78
0.79
0.8
0.81
0.82
0.83
0.84
0.85
0.86
0.87
0.88
0.89
0.9
0.91
0.92
0.93
0.94
0.95
0.96
0.97
0.98
0.99
1
0
2.9017e-20
1.27411e-18
2.80436e-17
4.12551e-16
4.56348e-15
4.04879e-14
3.00124e-13
1.91189e-12
1.0685e-11
5.32214e-11
2.39221e-10
9.80147e-10
3.69126e-09
1.28673e-08
4.1766e-08
1.26886e-07
3.62416e-07
9.77062e-07
2.49505e-06
6.05397e-06
1.39968e-05
3.09141e-05
6.53778e-05
0.000132671
0.000258844
0.000486416
0.000881882
0.00154499
0.0026193
0.00430318
0.00685962
0.010623
0.0160009
0.0234677
0.0335498
0.0468007
0.0637657
0.0849408
0.110726
0.141379
0.176979
0.217394
0.26227
0.311036
0.362926
0.417017
0.472283
0.527656
0.582085
0.634592
0.684327
0.730594
0.772879
0.810849
0.844341
0.873342
0.897952
0.918346
0.934732
0.947306
0.956221
0.961553
0.963283
0.961293
0.955374
0.945243
0.930586
0.911096
0.886525
0.856735
0.821742
0.781749
0.737161
0.688591
0.636832
0.582828
0.527617
0.47228
0.417874
0.365378
0.315645
0.269366
0.22705
0.189015
0.155398
0.126171
0.101166
0.0801086
0.062649
0.0483907
0.0369193
0.0278242
0.0207162
0.015239
0.0110766
0.00795628
0.00564828
0.00396347
0.00274941
0.00188566
