VARIABLEs = X,u
ZONE I=101
datapacking=block
0
0.01
0.02
0.03
0.04
0.05
0.06
0.07
0.08
0.09
0.1
0.11
0.12
0.13
0.14
0.15
0.16
0.17
0.18
0.19
0.2
0.21
0.22
0.23
0.24
0.25
0.26
0.27
0.28
0.29
0.3
0.31
0.32
0.33
0.34
0.35
0.36
0.37
0.38
0.39
0.4
0.41
0.42
0.43
0.44
0.45
0.46
0.47
0.48
0.49
0.5
0.51
0.52
0.53
0.54
0.55
0.56
0.57
0.58
0.59
0.6
0.61
0.62
0.63
0.64
0.65
0.66
0.67
0.68
0.69
0.7
0.71
0.72
0.73
0.74
0.75
0.76
0.77
0.78
0.79
0.8
0.81
0.82
0.83
0.84
0.85
0.86
0.87
0.88
0.89
0.9
0.91
0.92
0.93
0.94
0.95
0.96
0.97
0.98
0.99
1
0
5.34612e-10
1.14213e-08
1.22762e-07
8.85277e-07
4.81916e-06
2.11269e-05
7.77098e-05
0.000246724
0.000690385
0.00173008
0.00393233
0.00819124
0.0157734
0.0282866
0.0475439
0.0753211
0.113041
0.161452
0.220377
0.288605
0.363966
0.443568
0.524158
0.602517
0.67583
0.741946
0.799508
0.847961
0.887447
0.91864
0.942554
0.960367
0.973271
0.982371
0.988621
0.992795
0.99548
0.997062
0.997711
0.997339
0.995536
0.991511
0.984063
0.971625
0.952409
0.924654
0.886946
0.838541
0.77962
0.711394
0.636033
0.556431
0.475842
0.397483
0.324169
0.258054
0.200492
0.152039
0.112553
0.0813604
0.057446
0.0396329
0.0267286
0.017628
0.0113743
0.00718361
0.0044427
0.00269175
0.00159846
0.000930757
0.000531654
0.000298033
0.00016403
8.86703e-05
4.70982e-05
2.45904e-05
1.26248e-05
6.37589e-06
3.16857e-06
1.55003e-06
7.46651e-07
3.54268e-07
1.65622e-07
7.63144e-08
3.46677e-08
1.55309e-08
6.86337e-09
2.99271e-09
1.28793e-09
5.47172e-10
2.29545e-10
9.51102e-11
3.89313e-11
1.57464e-11
6.29454e-12
2.48738e-12
9.71856e-13
3.75517e-13
1.43518e-13
5.42647e-14
