VARIABLEs = X,u
ZONE I=101
datapacking=block
0
0.01
0.02
0.03
0.04
0.05
0.06
0.07
0.08
0.09
0.1
0.11
0.12
0.13
0.14
0.15
0.16
0.17
0.18
0.19
0.2
0.21
0.22
0.23
0.24
0.25
0.26
0.27
0.28
0.29
0.3
0.31
0.32
0.33
0.34
0.35
0.36
0.37
0.38
0.39
0.4
0.41
0.42
0.43
0.44
0.45
0.46
0.47
0.48
0.49
0.5
0.51
0.52
0.53
0.54
0.55
0.56
0.57
0.58
0.59
0.6
0.61
0.62
0.63
0.64
0.65
0.66
0.67
0.68
0.69
0.7
0.71
0.72
0.73
0.74
0.75
0.76
0.77
0.78
0.79
0.8
0.81
0.82
0.83
0.84
0.85
0.86
0.87
0.88
0.89
0.9
0.91
0.92
0.93
0.94
0.95
0.96
0.97
0.98
0.99
1
0
1.34528e-07
2.16469e-06
1.75754e-05
9.60301e-05
0.000397367
0.00132877
0.00374196
0.00913246
0.0197297
0.0383551
0.0679865
0.111087
0.16888
0.240819
0.324436
0.415654
0.509464
0.600766
0.685151
0.759442
0.821914
0.872216
0.911086
0.93997
0.960648
0.974934
0.984475
0.990643
0.994508
0.996859
0.998247
0.999044
0.999475
0.99964
0.999469
0.998605
0.996226
0.990852
0.980263
0.961642
0.932012
0.888913
0.83112
0.759181
0.675564
0.584346
0.490536
0.399234
0.314849
0.240558
0.178086
0.127784
0.088914
0.0600305
0.0393525
0.0250659
0.0155248
0.0093569
0.00549191
0.00314142
0.0017525
0.000954169
0.000507378
0.000263674
0.000134003
6.66409e-05
3.24497e-05
1.54801e-05
7.2389e-06
3.32e-06
1.49415e-06
6.60165e-07
2.86499e-07
1.2218e-07
5.12244e-08
2.1122e-08
8.56937e-09
3.42208e-09
1.34561e-09
5.2119e-10
1.98916e-10
7.48316e-11
2.77577e-11
1.01555e-11
3.6658e-12
1.3059e-12
4.5925e-13
1.59478e-13
5.46995e-14
1.85355e-14
6.2068e-15
2.05437e-15
6.72262e-16
2.17541e-16
6.96275e-17
2.20469e-17
6.90766e-18
2.14198e-18
6.5748e-19
1.99808e-19
