VARIABLEs = X,u
ZONE I=101
datapacking=block
0
0.01
0.02
0.03
0.04
0.05
0.06
0.07
0.08
0.09
0.1
0.11
0.12
0.13
0.14
0.15
0.16
0.17
0.18
0.19
0.2
0.21
0.22
0.23
0.24
0.25
0.26
0.27
0.28
0.29
0.3
0.31
0.32
0.33
0.34
0.35
0.36
0.37
0.38
0.39
0.4
0.41
0.42
0.43
0.44
0.45
0.46
0.47
0.48
0.49
0.5
0.51
0.52
0.53
0.54
0.55
0.56
0.57
0.58
0.59
0.6
0.61
0.62
0.63
0.64
0.65
0.66
0.67
0.68
0.69
0.7
0.71
0.72
0.73
0.74
0.75
0.76
0.77
0.78
0.79
0.8
0.81
0.82
0.83
0.84
0.85
0.86
0.87
0.88
0.89
0.9
0.91
0.92
0.93
0.94
0.95
0.96
0.97
0.98
0.99
1
0
0.263331
0.59848
0.826991
0.937784
0.98059
0.994599
0.998632
0.99968
0.99993
0.999986
0.999997
0.999999
1
1
1
1
1
1
1
1
1
1
1
1
1
1
1
1
1
1
0.736669
0.40152
0.173009
0.0622163
0.0194099
0.00540051
0.00136751
0.000319982
7.00024e-05
1.44514e-05
2.83624e-06
5.32399e-07
9.60656e-08
1.67323e-08
2.82317e-09
4.62839e-10
7.39206e-11
1.15273e-11
1.75862e-12
2.62939e-13
3.85873e-14
5.56587e-15
7.90041e-16
1.10476e-16
1.52341e-17
2.07339e-18
2.78747e-19
3.70445e-20
4.86981e-21
6.33635e-22
8.16488e-23
1.04248e-23
1.31948e-24
1.6563e-25
2.06281e-26
2.5499e-27
3.12958e-28
3.81495e-29
4.62024e-30
5.56076e-31
6.65297e-32
7.91436e-33
9.36348e-34
1.10198e-34
1.29038e-35
1.50367e-36
1.74405e-37
2.01377e-38
2.31514e-39
2.6505e-40
3.02224e-41
3.43271e-42
3.88428e-43
4.37931e-44
4.92008e-45
5.50884e-46
6.14776e-47
6.83891e-48
7.58424e-49
8.3856e-50
9.24467e-51
1.0163e-51
1.11419e-52
1.21826e-53
1.3286e-54
1.44529e-55
1.56838e-56
1.6979e-57
1.83386e-58
1.97623e-59
