VARIABLEs = X,u
ZONE I=101
datapacking=block
0
0.01
0.02
0.03
0.04
0.05
0.06
0.07
0.08
0.09
0.1
0.11
0.12
0.13
0.14
0.15
0.16
0.17
0.18
0.19
0.2
0.21
0.22
0.23
0.24
0.25
0.26
0.27
0.28
0.29
0.3
0.31
0.32
0.33
0.34
0.35
0.36
0.37
0.38
0.39
0.4
0.41
0.42
0.43
0.44
0.45
0.46
0.47
0.48
0.49
0.5
0.51
0.52
0.53
0.54
0.55
0.56
0.57
0.58
0.59
0.6
0.61
0.62
0.63
0.64
0.65
0.66
0.67
0.68
0.69
0.7
0.71
0.72
0.73
0.74
0.75
0.76
0.77
0.78
0.79
0.8
0.81
0.82
0.83
0.84
0.85
0.86
0.87
0.88
0.89
0.9
0.91
0.92
0.93
0.94
0.95
0.96
0.97
0.98
0.99
1
0
5.76655e-15
1.86102e-13
3.0141e-12
3.26652e-11
2.66504e-10
1.74607e-09
9.56983e-09
4.51324e-08
1.86978e-07
6.9132e-07
2.3098e-06
7.04485e-06
1.97793e-05
5.14817e-05
0.000124974
0.000284429
0.000609682
0.00123584
0.00237747
0.00435483
0.00761748
0.0127586
0.0205128
0.0317304
0.0473245
0.0681922
0.095116
0.128657
0.169059
0.216174
0.269428
0.327835
0.390059
0.454512
0.519481
0.583269
0.644319
0.701318
0.753272
0.799534
0.839802
0.874084
0.902643
0.925929
0.944499
0.958954
0.969863
0.977712
0.982846
0.985433
0.985432
0.982581
0.976409
0.966266
0.95139
0.930994
0.904377
0.871031
0.830751
0.783712
0.730505
0.672125
0.609918
0.545476
0.480512
0.416727
0.355679
0.298681
0.246727
0.200465
0.160196
0.125909
0.0973368
0.0740198
0.0553759
0.040762
0.0295273
0.0210523
0.0147763
0.010212
0.00695055
0.00465999
0.00307823
0.00200382
0.00128574
0.00081335
0.00050737
0.000312167
0.000189477
0.000113481
6.70775e-05
3.91386e-05
2.25472e-05
1.28271e-05
7.20759e-06
4.00096e-06
2.19446e-06
1.18949e-06
6.37297e-07
3.37554e-07
