VARIABLEs = X,u
ZONE I=101
datapacking=block
0
0.01
0.02
0.03
0.04
0.05
0.06
0.07
0.08
0.09
0.1
0.11
0.12
0.13
0.14
0.15
0.16
0.17
0.18
0.19
0.2
0.21
0.22
0.23
0.24
0.25
0.26
0.27
0.28
0.29
0.3
0.31
0.32
0.33
0.34
0.35
0.36
0.37
0.38
0.39
0.4
0.41
0.42
0.43
0.44
0.45
0.46
0.47
0.48
0.49
0.5
0.51
0.52
0.53
0.54
0.55
0.56
0.57
0.58
0.59
0.6
0.61
0.62
0.63
0.64
0.65
0.66
0.67
0.68
0.69
0.7
0.71
0.72
0.73
0.74
0.75
0.76
0.77
0.78
0.79
0.8
0.81
0.82
0.83
0.84
0.85
0.86
0.87
0.88
0.89
0.9
0.91
0.92
0.93
0.94
0.95
0.96
0.97
0.98
0.99
1
0
6.31495e-21
2.86469e-19
6.51353e-18
9.89759e-17
1.13077e-15
1.03607e-14
7.93051e-14
5.21624e-13
3.00967e-12
1.5475e-11
7.17957e-11
3.03595e-10
1.17987e-09
4.24375e-09
1.42113e-08
4.45369e-08
1.31206e-07
3.64796e-07
9.60568e-07
2.40296e-06
5.72703e-06
1.30371e-05
2.84124e-05
5.94061e-05
0.000119398
0.000231091
0.000431436
0.000778162
0.00135791
0.00229569
0.00376488
0.00599667
0.00928729
0.0140011
0.0205677
0.029471
0.0412297
0.0563685
0.0753827
0.0986961
0.126619
0.15931
0.196741
0.238683
0.284698
0.334152
0.386245
0.440051
0.49457
0.548785
0.601716
0.652473
0.700293
0.74457
0.784864
0.820904
0.852571
0.879874
0.902913
0.921845
0.936844
0.948062
0.955598
0.959477
0.959636
0.955924
0.948121
0.935954
0.919146
0.897449
0.870694
0.838839
0.801997
0.760466
0.714735
0.665473
0.61351
0.55979
0.505328
0.451149
0.398238
0.347489
0.299663
0.255362
0.215011
0.178862
0.146995
0.119347
0.0957286
0.0758586
0.0593904
0.045941
0.0351144
0.0265218
0.0197966
0.0146046
0.0106498
0.00767701
0.00547125
0.00385544
