VARIABLEs = X,u
ZONE I=101
datapacking=block
0
0.01
0.02
0.03
0.04
0.05
0.06
0.07
0.08
0.09
0.1
0.11
0.12
0.13
0.14
0.15
0.16
0.17
0.18
0.19
0.2
0.21
0.22
0.23
0.24
0.25
0.26
0.27
0.28
0.29
0.3
0.31
0.32
0.33
0.34
0.35
0.36
0.37
0.38
0.39
0.4
0.41
0.42
0.43
0.44
0.45
0.46
0.47
0.48
0.49
0.5
0.51
0.52
0.53
0.54
0.55
0.56
0.57
0.58
0.59
0.6
0.61
0.62
0.63
0.64
0.65
0.66
0.67
0.68
0.69
0.7
0.71
0.72
0.73
0.74
0.75
0.76
0.77
0.78
0.79
0.8
0.81
0.82
0.83
0.84
0.85
0.86
0.87
0.88
0.89
0.9
0.91
0.92
0.93
0.94
0.95
0.96
0.97
0.98
0.99
1
0
5.6799e-14
1.70913e-12
2.58182e-11
2.61064e-10
1.98798e-09
1.21611e-08
6.22561e-08
2.74346e-07
1.06245e-06
3.67356e-06
1.14831e-05
3.2782e-05
8.61905e-05
0.000210188
0.000478312
0.00102106
0.00205413
0.00391035
0.00706966
0.012179
0.020052
0.03164
0.0479685
0.070041
0.0987185
0.134592
0.177865
0.228278
0.285074
0.347033
0.41256
0.479817
0.546882
0.611915
0.673296
0.729735
0.780331
0.824586
0.862382
0.893922
0.919649
0.94017
0.956168
0.968329
0.977275
0.983507
0.987361
0.988965
0.98821
0.984743
0.977972
0.96711
0.951253
0.929481
0.900992
0.865236
0.822034
0.771663
0.714892
0.652948
0.587429
0.520178
0.453115
0.388083
0.326703
0.270264
0.219669
0.175414
0.137616
0.106075
0.0803395
0.059797
0.0437454
0.0314607
0.0222471
0.0154719
0.0105847
0.00712481
0.00471996
0.00307805
0.00197649
0.00124996
0.000778738
0.000478059
0.00028925
0.000172531
0.000101476
5.88662e-05
3.36876e-05
1.90226e-05
1.06014e-05
5.83233e-06
3.16807e-06
1.69946e-06
9.00489e-07
4.71389e-07
2.43837e-07
1.24657e-07
6.29959e-08
3.14748e-08
