VARIABLEs = X,u
ZONE I=101
datapacking=block
0
0.01
0.02
0.03
0.04
0.05
0.06
0.07
0.08
0.09
0.1
0.11
0.12
0.13
0.14
0.15
0.16
0.17
0.18
0.19
0.2
0.21
0.22
0.23
0.24
0.25
0.26
0.27
0.28
0.29
0.3
0.31
0.32
0.33
0.34
0.35
0.36
0.37
0.38
0.39
0.4
0.41
0.42
0.43
0.44
0.45
0.46
0.47
0.48
0.49
0.5
0.51
0.52
0.53
0.54
0.55
0.56
0.57
0.58
0.59
0.6
0.61
0.62
0.63
0.64
0.65
0.66
0.67
0.68
0.69
0.7
0.71
0.72
0.73
0.74
0.75
0.76
0.77
0.78
0.79
0.8
0.81
0.82
0.83
0.84
0.85
0.86
0.87
0.88
0.89
0.9
0.91
0.92
0.93
0.94
0.95
0.96
0.97
0.98
0.99
1
0
4.18454e-19
1.73088e-17
3.58954e-16
4.97634e-15
5.18848e-14
4.33976e-13
3.03335e-12
1.82245e-11
9.60792e-11
4.51537e-10
1.91538e-09
7.4078e-09
2.634e-08
8.67112e-08
2.65865e-07
7.63152e-07
2.06005e-06
5.25029e-06
1.26781e-05
2.90974e-05
6.36526e-05
0.000133062
0.000266432
0.000512085
0.00094663
0.00168615
0.00289885
0.00481795
0.00775267
0.0120949
0.0183189
0.0269703
0.0386449
0.0539537
0.0734785
0.0977197
0.127042
0.161623
0.201416
0.246126
0.295205
0.347875
0.403167
0.459978
0.517142
0.573497
0.627958
0.679573
0.727566
0.771365
0.810604
0.845119
0.874914
0.90013
0.921
0.937797
0.95079
0.960199
0.96616
0.968698
0.967718
0.963005
0.954248
0.941068
0.923077
0.899926
0.871368
0.837315
0.797883
0.753417
0.7045
0.651937
0.596714
0.539947
0.482812
0.426474
0.372023
0.320412
0.272415
0.228603
0.18933
0.154747
0.124819
0.0993573
0.0780533
0.0605171
0.0463116
0.0349834
0.0260877
0.019207
0.013963
0.0100242
0.00710757
0.00497799
0.00344434
0.00235469
0.00159073
0.00106208
0.000700929
0.000457307
