VARIABLEs = X,u
ZONE I=101
datapacking=block
0
0.01
0.02
0.03
0.04
0.05
0.06
0.07
0.08
0.09
0.1
0.11
0.12
0.13
0.14
0.15
0.16
0.17
0.18
0.19
0.2
0.21
0.22
0.23
0.24
0.25
0.26
0.27
0.28
0.29
0.3
0.31
0.32
0.33
0.34
0.35
0.36
0.37
0.38
0.39
0.4
0.41
0.42
0.43
0.44
0.45
0.46
0.47
0.48
0.49
0.5
0.51
0.52
0.53
0.54
0.55
0.56
0.57
0.58
0.59
0.6
0.61
0.62
0.63
0.64
0.65
0.66
0.67
0.68
0.69
0.7
0.71
0.72
0.73
0.74
0.75
0.76
0.77
0.78
0.79
0.8
0.81
0.82
0.83
0.84
0.85
0.86
0.87
0.88
0.89
0.9
0.91
0.92
0.93
0.94
0.95
0.96
0.97
0.98
0.99
1
0
1.96963e-07
3.09769e-06
2.45895e-05
0.000131397
0.000531926
0.00174079
0.0047996
0.0114733
0.02429
0.0462983
0.0805113
0.129145
0.192884
0.270441
0.358573
0.452581
0.547124
0.637116
0.718472
0.78854
0.846187
0.891606
0.925951
0.95093
0.968434
0.980273
0.988013
0.992913
0.99592
0.997711
0.998747
0.999328
0.999627
0.999691
0.999379
0.998216
0.99518
0.988517
0.975706
0.9537
0.919488
0.870855
0.807116
0.729559
0.641427
0.547419
0.452876
0.362884
0.281528
0.21146
0.153813
0.108394
0.0740489
0.0490704
0.0315665
0.0197275
0.0119866
0.00708664
0.00407985
0.00228897
0.00125243
0.000668809
0.000348811
0.000177793
8.86258e-05
4.32316e-05
2.06492e-05
9.6631e-06
4.43289e-06
1.99456e-06
8.80689e-07
3.81793e-07
1.62582e-07
6.80378e-08
2.79934e-08
1.13285e-08
4.51103e-09
1.76822e-09
6.82519e-10
2.5952e-10
9.72423e-11
3.59181e-11
1.30824e-11
4.70012e-12
1.66614e-12
5.82938e-13
2.01354e-13
6.86824e-14
2.31414e-14
7.70377e-15
2.5345e-15
8.24254e-16
2.65037e-16
8.42807e-17
2.65104e-17
8.2502e-18
2.54073e-18
7.7443e-19
2.3368e-19
6.98157e-20
