VARIABLEs = X,u
ZONE I=101
datapacking=block
0
0.01
0.02
0.03
0.04
0.05
0.06
0.07
0.08
0.09
0.1
0.11
0.12
0.13
0.14
0.15
0.16
0.17
0.18
0.19
0.2
0.21
0.22
0.23
0.24
0.25
0.26
0.27
0.28
0.29
0.3
0.31
0.32
0.33
0.34
0.35
0.36
0.37
0.38
0.39
0.4
0.41
0.42
0.43
0.44
0.45
0.46
0.47
0.48
0.49
0.5
0.51
0.52
0.53
0.54
0.55
0.56
0.57
0.58
0.59
0.6
0.61
0.62
0.63
0.64
0.65
0.66
0.67
0.68
0.69
0.7
0.71
0.72
0.73
0.74
0.75
0.76
0.77
0.78
0.79
0.8
0.81
0.82
0.83
0.84
0.85
0.86
0.87
0.88
0.89
0.9
0.91
0.92
0.93
0.94
0.95
0.96
0.97
0.98
0.99
1
0
1.38665e-09
2.83632e-08
2.91998e-07
2.01761e-06
1.0528e-05
4.42601e-05
0.000156189
0.000475987
0.00127911
0.00308007
0.00673109
0.01349
0.0250109
0.0432187
0.0700575
0.107144
0.155398
0.214749
0.283991
0.360853
0.442257
0.524718
0.604794
0.679489
0.746545
0.804579
0.853075
0.892265
0.922929
0.946192
0.963322
0.975579
0.98411
0.989889
0.993699
0.996125
0.99756
0.99819
0.997957
0.996491
0.993033
0.986382
0.974921
0.956746
0.929924
0.892847
0.844597
0.785249
0.716008
0.639147
0.557743
0.475282
0.395206
0.320511
0.253455
0.195421
0.146925
0.107735
0.0770708
0.0538081
0.0366783
0.0244212
0.01589
0.0101086
0.00629031
0.00383076
0.00228423
0.00133427
0.000763842
0.000428764
0.000236094
0.000127584
6.76917e-05
3.52766e-05
1.80644e-05
9.09326e-06
4.50129e-06
2.19198e-06
1.05044e-06
4.9556e-07
2.30225e-07
1.05362e-07
4.75139e-08
2.11204e-08
9.25658e-09
4.00122e-09
1.70627e-09
7.18009e-10
2.98232e-10
1.223e-10
4.95287e-11
1.98128e-11
7.83053e-12
3.05838e-12
1.1807e-12
4.50636e-13
1.70075e-13
6.34845e-14
2.34418e-14
8.56432e-15
