VARIABLEs = X,u
ZONE I=101
datapacking=block
0
0.01
0.02
0.03
0.04
0.05
0.06
0.07
0.08
0.09
0.1
0.11
0.12
0.13
0.14
0.15
0.16
0.17
0.18
0.19
0.2
0.21
0.22
0.23
0.24
0.25
0.26
0.27
0.28
0.29
0.3
0.31
0.32
0.33
0.34
0.35
0.36
0.37
0.38
0.39
0.4
0.41
0.42
0.43
0.44
0.45
0.46
0.47
0.48
0.49
0.5
0.51
0.52
0.53
0.54
0.55
0.56
0.57
0.58
0.59
0.6
0.61
0.62
0.63
0.64
0.65
0.66
0.67
0.68
0.69
0.7
0.71
0.72
0.73
0.74
0.75
0.76
0.77
0.78
0.79
0.8
0.81
0.82
0.83
0.84
0.85
0.86
0.87
0.88
0.89
0.9
0.91
0.92
0.93
0.94
0.95
0.96
0.97
0.98
0.99
1
0
0.00185388
0.0129772
0.0468527
0.116657
0.226122
0.365442
0.515317
0.655459
0.771713
0.85861
0.917858
0.955072
0.97678
0.988621
0.994695
0.99764
0.998995
0.99959
0.999839
0.999939
0.999978
0.999992
0.999997
0.999999
1
1
1
1
1
1
0.998146
0.987023
0.953147
0.883343
0.773878
0.634558
0.484683
0.344541
0.228287
0.14139
0.0821415
0.0449278
0.0232199
0.0113791
0.005305
0.00235997
0.00100458
0.000410244
0.000161101
6.09676e-05
2.22795e-05
7.87619e-06
2.69812e-06
8.97055e-07
2.89877e-07
9.11646e-08
2.79378e-08
8.35245e-09
2.43868e-09
6.96067e-10
1.94405e-10
5.31746e-11
1.4256e-11
3.74908e-12
9.67824e-13
2.45421e-13
6.11713e-14
1.49958e-14
3.61767e-15
8.59328e-16
2.01087e-16
4.63785e-17
1.05477e-17
2.36646e-18
5.23989e-19
1.14552e-19
2.47345e-20
5.27694e-21
1.11273e-21
2.31992e-22
4.78373e-23
9.75895e-24
1.97019e-24
3.93733e-25
7.79116e-26
1.52693e-26
2.96455e-27
5.70329e-28
1.08747e-28
2.05555e-29
3.85256e-30
7.16093e-31
1.3203e-31
2.41514e-32
4.38386e-33
7.8975e-34
1.41226e-34
2.5073e-35
4.42008e-36
7.73842e-37
