VARIABLEs = X,u
ZONE I=101
datapacking=block
0
0.01
0.02
0.03
0.04
0.05
0.06
0.07
0.08
0.09
0.1
0.11
0.12
0.13
0.14
0.15
0.16
0.17
0.18
0.19
0.2
0.21
0.22
0.23
0.24
0.25
0.26
0.27
0.28
0.29
0.3
0.31
0.32
0.33
0.34
0.35
0.36
0.37
0.38
0.39
0.4
0.41
0.42
0.43
0.44
0.45
0.46
0.47
0.48
0.49
0.5
0.51
0.52
0.53
0.54
0.55
0.56
0.57
0.58
0.59
0.6
0.61
0.62
0.63
0.64
0.65
0.66
0.67
0.68
0.69
0.7
0.71
0.72
0.73
0.74
0.75
0.76
0.77
0.78
0.79
0.8
0.81
0.82
0.83
0.84
0.85
0.86
0.87
0.88
0.89
0.9
0.91
0.92
0.93
0.94
0.95
0.96
0.97
0.98
0.99
1
0
1.42928e-11
3.54721e-10
4.42438e-09
3.69817e-08
2.33065e-07
1.1814e-06
5.01783e-06
1.83706e-05
5.91876e-05
0.000170507
0.000444757
0.00106125
0.00233628
0.00477933
0.00914193
0.0164394
0.0279245
0.0449987
0.0690579
0.10129
0.14246
0.192718
0.251492
0.317467
0.388691
0.462763
0.537094
0.609173
0.676805
0.738289
0.792507
0.838934
0.877579
0.908878
0.933566
0.952546
0.966778
0.977187
0.984602
0.989705
0.992997
0.994769
0.995061
0.993624
0.989896
0.982991
0.971744
0.954811
0.930835
0.89865
0.857508
0.807264
0.748499
0.682528
0.611307
0.537236
0.462905
0.390827
0.323195
0.261711
0.207493
0.161066
0.122421
0.091122
0.066434
0.0474531
0.0332175
0.0227943
0.0153385
0.0101247
0.00655792
0.00416954
0.00260314
0.00159641
0.000961996
0.000569816
0.000331872
0.000190118
0.00010716
5.94479e-05
3.24686e-05
1.74642e-05
9.25365e-06
4.83153e-06
2.48647e-06
1.26161e-06
6.31284e-07
3.11597e-07
1.51754e-07
7.29403e-08
3.46083e-08
1.62135e-08
7.50165e-09
3.42856e-09
1.54822e-09
6.90895e-10
3.04744e-10
1.32888e-10
5.72991e-11
2.44344e-11
