VARIABLEs = X,u
ZONE I=101
datapacking=block
0
0.01
0.02
0.03
0.04
0.05
0.06
0.07
0.08
0.09
0.1
0.11
0.12
0.13
0.14
0.15
0.16
0.17
0.18
0.19
0.2
0.21
0.22
0.23
0.24
0.25
0.26
0.27
0.28
0.29
0.3
0.31
0.32
0.33
0.34
0.35
0.36
0.37
0.38
0.39
0.4
0.41
0.42
0.43
0.44
0.45
0.46
0.47
0.48
0.49
0.5
0.51
0.52
0.53
0.54
0.55
0.56
0.57
0.58
0.59
0.6
0.61
0.62
0.63
0.64
0.65
0.66
0.67
0.68
0.69
0.7
0.71
0.72
0.73
0.74
0.75
0.76
0.77
0.78
0.79
0.8
0.81
0.82
0.83
0.84
0.85
0.86
0.87
0.88
0.89
0.9
0.91
0.92
0.93
0.94
0.95
0.96
0.97
0.98
0.99
1
0
1.36581e-08
2.4957e-07
2.29772e-06
1.42142e-05
6.64843e-05
0.000250855
0.000795587
0.00218218
0.00528625
0.0114944
0.0227255
0.0412893
0.0695569
0.109487
0.162123
0.2272
0.302999
0.386501
0.473797
0.560676
0.643211
0.718243
0.783664
0.838482
0.882711
0.917129
0.943003
0.96182
0.975077
0.984137
0.99015
0.994029
0.996462
0.99794
0.998776
0.999108
0.998857
0.997633
0.994618
0.988457
0.97725
0.958699
0.930437
0.89051
0.837876
0.7728
0.697
0.613499
0.526203
0.439324
0.356789
0.281757
0.216336
0.161518
0.117289
0.082871
0.0569973
0.0381802
0.0249226
0.0158626
0.00984999
0.00597092
0.00353547
0.00204603
0.00115794
0.000641232
0.000347648
0.000184626
9.60954e-05
4.9044e-05
2.45558e-05
1.20674e-05
5.82322e-06
2.76053e-06
1.28613e-06
5.8914e-07
2.6544e-07
1.17677e-07
5.13521e-08
2.20657e-08
9.33938e-09
3.89497e-09
1.60109e-09
6.48912e-10
2.59385e-10
1.02286e-10
3.98038e-11
1.52892e-11
5.79844e-12
2.17177e-12
8.03521e-13
2.93742e-13
1.06126e-13
3.79015e-14
1.33835e-14
4.67356e-15
1.61429e-15
5.51641e-16
1.86533e-16
6.24253e-17
