VARIABLEs = X,u
ZONE I=101
datapacking=block
0
0.01
0.02
0.03
0.04
0.05
0.06
0.07
0.08
0.09
0.1
0.11
0.12
0.13
0.14
0.15
0.16
0.17
0.18
0.19
0.2
0.21
0.22
0.23
0.24
0.25
0.26
0.27
0.28
0.29
0.3
0.31
0.32
0.33
0.34
0.35
0.36
0.37
0.38
0.39
0.4
0.41
0.42
0.43
0.44
0.45
0.46
0.47
0.48
0.49
0.5
0.51
0.52
0.53
0.54
0.55
0.56
0.57
0.58
0.59
0.6
0.61
0.62
0.63
0.64
0.65
0.66
0.67
0.68
0.69
0.7
0.71
0.72
0.73
0.74
0.75
0.76
0.77
0.78
0.79
0.8
0.81
0.82
0.83
0.84
0.85
0.86
0.87
0.88
0.89
0.9
0.91
0.92
0.93
0.94
0.95
0.96
0.97
0.98
0.99
1
0
4.15864e-06
5.33062e-05
0.000345957
0.00151656
0.00505498
0.0136759
0.0313095
0.0624545
0.110942
0.17853
0.263937
0.362755
0.46831
0.573128
0.670458
0.755401
0.825383
0.88002
0.920585
0.94931
0.968765
0.981398
0.98928
0.994016
0.996761
0.998297
0.99913
0.999568
0.999791
0.999901
0.999951
0.999926
0.999645
0.99848
0.994943
0.986323
0.96869
0.937545
0.889058
0.82147
0.736063
0.637245
0.53169
0.426872
0.329542
0.244599
0.174617
0.11998
0.0794151
0.05069
0.0312353
0.0186024
0.0107198
0.00598407
0.00323948
0.00170252
0.000869547
0.000432027
0.000209005
9.85427e-05
4.532e-05
2.03475e-05
8.92541e-06
3.82794e-06
1.60632e-06
6.5997e-07
2.65656e-07
1.04831e-07
4.05774e-08
1.54152e-08
5.75068e-09
2.10772e-09
7.59356e-10
2.69041e-10
9.37832e-11
3.21776e-11
1.08713e-11
3.6181e-12
1.18663e-12
3.83655e-13
1.22324e-13
3.84744e-14
1.19416e-14
3.65862e-15
1.10679e-15
3.30701e-16
9.76212e-17
2.8478e-17
8.2119e-18
2.34129e-18
6.60157e-19
1.84129e-19
5.08134e-20
1.38774e-20
3.7515e-21
1.00405e-21
2.66103e-22
6.98499e-23
1.81629e-23
4.67938e-24
