VARIABLEs = X,u
ZONE I=101
datapacking=block
0
0.01
0.02
0.03
0.04
0.05
0.06
0.07
0.08
0.09
0.1
0.11
0.12
0.13
0.14
0.15
0.16
0.17
0.18
0.19
0.2
0.21
0.22
0.23
0.24
0.25
0.26
0.27
0.28
0.29
0.3
0.31
0.32
0.33
0.34
0.35
0.36
0.37
0.38
0.39
0.4
0.41
0.42
0.43
0.44
0.45
0.46
0.47
0.48
0.49
0.5
0.51
0.52
0.53
0.54
0.55
0.56
0.57
0.58
0.59
0.6
0.61
0.62
0.63
0.64
0.65
0.66
0.67
0.68
0.69
0.7
0.71
0.72
0.73
0.74
0.75
0.76
0.77
0.78
0.79
0.8
0.81
0.82
0.83
0.84
0.85
0.86
0.87
0.88
0.89
0.9
0.91
0.92
0.93
0.94
0.95
0.96
0.97
0.98
0.99
1
0
6.6084e-24
3.43036e-22
8.92194e-21
1.55023e-19
2.02446e-18
2.11946e-17
1.85303e-16
1.39161e-15
9.16404e-15
5.37574e-14
2.84427e-13
1.37105e-12
6.07152e-12
2.48734e-11
9.48311e-11
3.38199e-10
1.13329e-09
3.58235e-09
1.07193e-08
3.04567e-08
8.24021e-08
2.12828e-07
5.25957e-07
1.24628e-06
2.83699e-06
6.21508e-06
1.31248e-05
2.67582e-05
5.27412e-05
0.000100635
0.000186117
0.00033402
0.000582345
0.000987326
0.00162945
0.00262015
0.00410871
0.00628852
0.00940178
0.0137415
0.0196494
0.0275091
0.0377336
0.0507466
0.066959
0.0867415
0.110394
0.138119
0.169992
0.205945
0.245755
0.289042
0.33528
0.383818
0.433907
0.48474
0.535487
0.585336
0.633532
0.679403
0.722384
0.762029
0.798014
0.830131
0.858268
0.882394
0.902528
0.918714
0.930996
0.939394
0.943892
0.944425
0.940888
0.933138
0.921019
0.904382
0.883118
0.857187
0.826646
0.791671
0.752571
0.709794
0.663918
0.615634
0.565721
0.515007
0.464336
0.414529
0.366345
0.320451
0.277401
0.237619
0.201392
0.168875
0.140098
0.114983
0.0933616
0.0749963
0.0596017
0.0468641
