VARIABLEs = X,u
ZONE I=101
datapacking=block
0
0.01
0.02
0.03
0.04
0.05
0.06
0.07
0.08
0.09
0.1
0.11
0.12
0.13
0.14
0.15
0.16
0.17
0.18
0.19
0.2
0.21
0.22
0.23
0.24
0.25
0.26
0.27
0.28
0.29
0.3
0.31
0.32
0.33
0.34
0.35
0.36
0.37
0.38
0.39
0.4
0.41
0.42
0.43
0.44
0.45
0.46
0.47
0.48
0.49
0.5
0.51
0.52
0.53
0.54
0.55
0.56
0.57
0.58
0.59
0.6
0.61
0.62
0.63
0.64
0.65
0.66
0.67
0.68
0.69
0.7
0.71
0.72
0.73
0.74
0.75
0.76
0.77
0.78
0.79
0.8
0.81
0.82
0.83
0.84
0.85
0.86
0.87
0.88
0.89
0.9
0.91
0.92
0.93
0.94
0.95
0.96
0.97
0.98
0.99
1
0
5.18666e-08
8.81731e-07
7.55837e-06
4.35718e-05
0.000190081
0.000669565
0.00198451
0.00509257
0.0115559
0.0235686
0.0437718
0.0748279
0.118824
0.176665
0.247652
0.329394
0.418104
0.509185
0.597965
0.680375
0.753419
0.815396
0.865849
0.905333
0.935096
0.956742
0.971954
0.982301
0.98912
0.993481
0.99619
0.997826
0.998782
0.999297
0.999459
0.999148
0.997922
0.994861
0.988421
0.97642
0.956223
0.92517
0.881175
0.823334
0.752348
0.670605
0.581896
0.490815
0.402035
0.319625
0.246581
0.184604
0.134151
0.0946669
0.0649039
0.0432582
0.0280456
0.017699
0.0108796
0.00651862
0.00380954
0.00217296
0.00121054
0.000659077
0.000350904
0.000182809
9.32438e-05
4.65905e-05
2.28174e-05
1.09586e-05
5.16393e-06
2.38866e-06
1.08513e-06
4.84343e-07
2.12501e-07
9.16819e-08
3.89132e-08
1.62543e-08
6.68437e-09
2.70725e-09
1.08024e-09
4.24803e-10
1.64689e-10
6.29632e-11
2.37458e-11
8.83666e-12
3.24574e-12
1.17701e-12
4.21507e-13
1.49105e-13
5.2114e-14
1.80007e-14
6.14611e-15
2.07483e-15
6.92674e-16
2.28735e-16
7.47274e-17
2.41578e-17
7.72943e-18
2.44811e-18
