VARIABLEs = X,u
ZONE I=101
datapacking=block
0
0.01
0.02
0.03
0.04
0.05
0.06
0.07
0.08
0.09
0.1
0.11
0.12
0.13
0.14
0.15
0.16
0.17
0.18
0.19
0.2
0.21
0.22
0.23
0.24
0.25
0.26
0.27
0.28
0.29
0.3
0.31
0.32
0.33
0.34
0.35
0.36
0.37
0.38
0.39
0.4
0.41
0.42
0.43
0.44
0.45
0.46
0.47
0.48
0.49
0.5
0.51
0.52
0.53
0.54
0.55
0.56
0.57
0.58
0.59
0.6
0.61
0.62
0.63
0.64
0.65
0.66
0.67
0.68
0.69
0.7
0.71
0.72
0.73
0.74
0.75
0.76
0.77
0.78
0.79
0.8
0.81
0.82
0.83
0.84
0.85
0.86
0.87
0.88
0.89
0.9
0.91
0.92
0.93
0.94
0.95
0.96
0.97
0.98
0.99
1
0
3.25507e-15
1.06825e-13
1.75924e-12
1.9385e-11
1.60792e-10
1.07094e-09
5.96642e-09
2.86001e-08
1.20421e-07
4.52459e-07
1.53611e-06
4.7602e-06
1.35776e-05
3.58986e-05
8.85123e-05
0.000204581
0.000445293
0.000916418
0.00178966
0.00332725
0.00590619
0.010037
0.0163697
0.025681
0.0388369
0.0567288
0.0801884
0.109888
0.146242
0.189319
0.238792
0.293923
0.353597
0.416394
0.480702
0.544843
0.607202
0.666344
0.7211
0.770622
0.814403
0.852261
0.884294
0.910827
0.932337
0.949384
0.962541
0.972332
0.979175
0.983335
0.984889
0.983705
0.979439
0.971552
0.959363
0.942116
0.919081
0.889656
0.853478
0.810511
0.761106
0.706016
0.646368
0.583586
0.519287
0.455151
0.392794
0.333654
0.278899
0.229377
0.185595
0.147734
0.115692
0.0891368
0.0675745
0.0504117
0.0370139
0.0267518
0.0190358
0.0133382
0.00920488
0.00625777
0.00419171
0.00276708
0.00180053
0.00115511
0.000730762
0.000455985
0.000280697
0.0001705
0.000102212
6.04853e-05
3.53394e-05
2.03898e-05
1.16196e-05
6.54152e-06
3.63874e-06
2.00027e-06
1.08684e-06
5.8379e-07
