VARIABLEs = X,u
ZONE I=101
datapacking=block
0
0.01
0.02
0.03
0.04
0.05
0.06
0.07
0.08
0.09
0.1
0.11
0.12
0.13
0.14
0.15
0.16
0.17
0.18
0.19
0.2
0.21
0.22
0.23
0.24
0.25
0.26
0.27
0.28
0.29
0.3
0.31
0.32
0.33
0.34
0.35
0.36
0.37
0.38
0.39
0.4
0.41
0.42
0.43
0.44
0.45
0.46
0.47
0.48
0.49
0.5
0.51
0.52
0.53
0.54
0.55
0.56
0.57
0.58
0.59
0.6
0.61
0.62
0.63
0.64
0.65
0.66
0.67
0.68
0.69
0.7
0.71
0.72
0.73
0.74
0.75
0.76
0.77
0.78
0.79
0.8
0.81
0.82
0.83
0.84
0.85
0.86
0.87
0.88
0.89
0.9
0.91
0.92
0.93
0.94
0.95
0.96
0.97
0.98
0.99
1
0
4.91227e-17
1.80861e-15
3.33994e-14
4.12488e-13
3.83291e-12
2.85843e-11
1.78218e-10
9.55534e-10
4.49762e-09
1.88806e-08
7.15748e-08
2.47512e-07
7.87321e-07
2.31992e-06
6.37037e-06
1.6386e-05
3.96611e-05
9.06919e-05
0.000196619
0.000405434
0.000797435
0.00149998
0.00270476
0.00468575
0.00781481
0.012571
0.0195389
0.0293926
0.0428614
0.0606791
0.0835181
0.111916
0.146204
0.186442
0.232382
0.283454
0.338781
0.397235
0.457507
0.5182
0.577928
0.635404
0.689521
0.739403
0.784439
0.824283
0.858836
0.888212
0.912684
0.93263
0.948472
0.960618
0.969408
0.975074
0.977699
0.977204
0.973342
0.965717
0.953824
0.937104
0.915018
0.88713
0.853183
0.813168
0.767373
0.716395
0.661126
0.602709
0.54246
0.48178
0.422061
0.364589
0.310475
0.260592
0.215553
0.1757
0.141124
0.111697
0.0871194
0.0669645
0.0507306
0.0378824
0.0278869
0.0202402
0.0144859
0.0102249
0.00711901
0.00488992
0.00331418
0.00221675
0.00146352
0.000953878
0.000613868
0.000390139
0.000244905
0.000151875
9.30577e-05
5.63471e-05
3.37219e-05
1.99501e-05
