VARIABLEs = X,u
ZONE I=101
datapacking=block
0
0.01
0.02
0.03
0.04
0.05
0.06
0.07
0.08
0.09
0.1
0.11
0.12
0.13
0.14
0.15
0.16
0.17
0.18
0.19
0.2
0.21
0.22
0.23
0.24
0.25
0.26
0.27
0.28
0.29
0.3
0.31
0.32
0.33
0.34
0.35
0.36
0.37
0.38
0.39
0.4
0.41
0.42
0.43
0.44
0.45
0.46
0.47
0.48
0.49
0.5
0.51
0.52
0.53
0.54
0.55
0.56
0.57
0.58
0.59
0.6
0.61
0.62
0.63
0.64
0.65
0.66
0.67
0.68
0.69
0.7
0.71
0.72
0.73
0.74
0.75
0.76
0.77
0.78
0.79
0.8
0.81
0.82
0.83
0.84
0.85
0.86
0.87
0.88
0.89
0.9
0.91
0.92
0.93
0.94
0.95
0.96
0.97
0.98
0.99
1
0
8.44281e-15
2.69402e-13
4.31428e-12
4.62339e-11
3.73016e-10
2.41689e-09
1.31008e-08
6.11089e-08
2.50414e-07
9.15849e-07
3.02709e-06
9.134e-06
2.53728e-05
6.53453e-05
0.00015697
0.000353548
0.000750054
0.0015049
0.00286591
0.00519721
0.00900147
0.0149302
0.0237743
0.0364286
0.0538284
0.0768593
0.106252
0.142473
0.185633
0.235422
0.291096
0.351504
0.415172
0.48042
0.545493
0.608706
0.668568
0.72387
0.773747
0.817695
0.855548
0.887438
0.913725
0.934928
0.951647
0.964491
0.974016
0.98067
0.984738
0.986316
0.985276
0.981269
0.973739
0.961968
0.945152
0.922502
0.893353
0.857286
0.814223
0.764492
0.708854
0.648467
0.584811
0.519571
0.454502
0.391291
0.331431
0.276129
0.226252
0.182304
0.144449
0.112553
0.0862496
0.0650065
0.0481963
0.0351557
0.0252335
0.0178254
0.0123956
0.008487
0.00572253
0.0038007
0.00248701
0.0016037
0.00101929
0.000638696
0.000394648
0.000240513
0.000144601
8.57824e-05
5.02241e-05
2.90269e-05
1.65635e-05
9.33362e-06
5.19493e-06
2.85643e-06
1.55189e-06
8.33243e-07
4.42215e-07
2.32018e-07
