VARIABLEs = X,u
ZONE I=101
datapacking=block
0
0.01
0.02
0.03
0.04
0.05
0.06
0.07
0.08
0.09
0.1
0.11
0.12
0.13
0.14
0.15
0.16
0.17
0.18
0.19
0.2
0.21
0.22
0.23
0.24
0.25
0.26
0.27
0.28
0.29
0.3
0.31
0.32
0.33
0.34
0.35
0.36
0.37
0.38
0.39
0.4
0.41
0.42
0.43
0.44
0.45
0.46
0.47
0.48
0.49
0.5
0.51
0.52
0.53
0.54
0.55
0.56
0.57
0.58
0.59
0.6
0.61
0.62
0.63
0.64
0.65
0.66
0.67
0.68
0.69
0.7
0.71
0.72
0.73
0.74
0.75
0.76
0.77
0.78
0.79
0.8
0.81
0.82
0.83
0.84
0.85
0.86
0.87
0.88
0.89
0.9
0.91
0.92
0.93
0.94
0.95
0.96
0.97
0.98
0.99
1
0
2.38325e-07
3.70488e-06
2.90737e-05
0.000153612
0.000614968
0.00199065
0.00542986
0.0128442
0.0269147
0.0507919
0.087476
0.139016
0.205783
0.28609
0.376306
0.471442
0.566038
0.655069
0.734657
0.802441
0.857592
0.900567
0.932709
0.955832
0.97186
0.982584
0.989521
0.993865
0.996503
0.998057
0.998947
0.99944
0.999683
0.999701
0.999313
0.997975
0.994554
0.987148
0.973082
0.949207
0.912523
0.860984
0.794217
0.71391
0.623694
0.528558
0.433962
0.344931
0.265343
0.197559
0.142408
0.099433
0.0672905
0.0441683
0.0281404
0.0174163
0.0104794
0.00613506
0.00349742
0.00194295
0.00105267
0.000556613
0.000287448
0.000145079
7.16109e-05
3.45905e-05
1.63608e-05
7.58185e-06
3.4444e-06
1.53481e-06
6.7116e-07
2.88164e-07
1.21536e-07
5.03757e-08
2.05296e-08
8.22931e-09
3.24601e-09
1.2604e-09
4.81951e-10
1.81547e-10
6.7394e-11
2.46628e-11
8.90011e-12
3.16821e-12
1.11283e-12
3.85805e-13
1.32054e-13
4.46371e-14
1.49045e-14
4.91728e-15
1.60333e-15
5.16794e-16
1.64705e-16
5.1914e-17
1.61863e-17
4.99325e-18
1.52434e-18
4.60603e-19
1.37785e-19
4.08117e-20
