VARIABLEs = X,u
ZONE I=101
datapacking=block
0
0.01
0.02
0.03
0.04
0.05
0.06
0.07
0.08
0.09
0.1
0.11
0.12
0.13
0.14
0.15
0.16
0.17
0.18
0.19
0.2
0.21
0.22
0.23
0.24
0.25
0.26
0.27
0.28
0.29
0.3
0.31
0.32
0.33
0.34
0.35
0.36
0.37
0.38
0.39
0.4
0.41
0.42
0.43
0.44
0.45
0.46
0.47
0.48
0.49
0.5
0.51
0.52
0.53
0.54
0.55
0.56
0.57
0.58
0.59
0.6
0.61
0.62
0.63
0.64
0.65
0.66
0.67
0.68
0.69
0.7
0.71
0.72
0.73
0.74
0.75
0.76
0.77
0.78
0.79
0.8
0.81
0.82
0.83
0.84
0.85
0.86
0.87
0.88
0.89
0.9
0.91
0.92
0.93
0.94
0.95
0.96
0.97
0.98
0.99
1
0
2.10564e-24
1.11599e-22
2.9634e-21
5.25675e-20
7.00803e-19
7.48959e-18
6.68401e-17
5.12354e-16
3.44363e-15
2.06168e-14
1.11322e-13
5.47608e-13
2.47454e-12
1.0344e-11
4.02375e-11
1.46405e-10
5.00497e-10
1.6139e-09
4.92599e-09
1.42759e-08
3.93932e-08
1.03763e-07
2.61496e-07
6.31825e-07
1.46647e-06
3.27537e-06
7.05129e-06
1.4654e-05
2.94398e-05
5.725e-05
0.000107898
0.000197313
0.000350485
0.000605351
0.00101763
0.00166658
0.0026613
0.00414727
0.00631224
0.00939063
0.0136654
0.0194662
0.0271629
0.037154
0.0498493
0.0656479
0.0849122
0.10794
0.134936
0.16599
0.201052
0.239927
0.282267
0.327585
0.375268
0.424605
0.474821
0.525113
0.574689
0.622799
0.668772
0.712031
0.752112
0.788665
0.821454
0.850337
0.875255
0.8962
0.913198
0.926277
0.935454
0.94071
0.94199
0.939199
0.932208
0.920877
0.90507
0.884687
0.859691
0.830134
0.796178
0.758114
0.71636
0.671461
0.624075
0.574946
0.524871
0.474671
0.425149
0.377056
0.331063
0.287735
0.247515
0.210715
0.177519
0.14799
0.122081
0.0996506
0.0804888
0.0643312
