VARIABLEs = X,u
ZONE I=101
datapacking=block
0
0.01
0.02
0.03
0.04
0.05
0.06
0.07
0.08
0.09
0.1
0.11
0.12
0.13
0.14
0.15
0.16
0.17
0.18
0.19
0.2
0.21
0.22
0.23
0.24
0.25
0.26
0.27
0.28
0.29
0.3
0.31
0.32
0.33
0.34
0.35
0.36
0.37
0.38
0.39
0.4
0.41
0.42
0.43
0.44
0.45
0.46
0.47
0.48
0.49
0.5
0.51
0.52
0.53
0.54
0.55
0.56
0.57
0.58
0.59
0.6
0.61
0.62
0.63
0.64
0.65
0.66
0.67
0.68
0.69
0.7
0.71
0.72
0.73
0.74
0.75
0.76
0.77
0.78
0.79
0.8
0.81
0.82
0.83
0.84
0.85
0.86
0.87
0.88
0.89
0.9
0.91
0.92
0.93
0.94
0.95
0.96
0.97
0.98
0.99
1
0
9.76216e-12
2.45829e-10
3.11082e-09
2.6378e-08
1.68625e-07
8.6693e-07
3.73421e-06
1.38628e-05
4.52844e-05
0.000132249
0.000349661
0.000845577
0.00188625
0.00390937
0.00757463
0.0137945
0.023725
0.0387005
0.0601049
0.0891902
0.126869
0.173519
0.228843
0.291821
0.360763
0.433465
0.507439
0.580166
0.649352
0.713116
0.770117
0.819596
0.861344
0.895617
0.923016
0.944366
0.960591
0.972623
0.98132
0.987418
0.991489
0.993902
0.994794
0.99403
0.991168
0.985452
0.975831
0.961042
0.939748
0.910727
0.873085
0.826456
0.771143
0.708172
0.639233
0.566533
0.492561
0.419833
0.350647
0.286884
0.229882
0.180404
0.138656
0.104383
0.0769839
0.0556336
0.0394052
0.0273635
0.0186347
0.0124493
0.00816167
0.00525255
0.00331943
0.00206065
0.00125701
0.000753723
0.000444389
0.000257712
0.000147049
8.25809e-05
4.56584e-05
2.48607e-05
1.33347e-05
7.0478e-06
3.6715e-06
1.88568e-06
9.55091e-07
4.77178e-07
2.35225e-07
1.14435e-07
5.49556e-08
2.60577e-08
1.2202e-08
5.64408e-09
2.57934e-09
1.16485e-09
5.19954e-10
2.29443e-10
1.00112e-10
4.31989e-11
