VARIABLEs = X,u
ZONE I=101
datapacking=block
0
0.01
0.02
0.03
0.04
0.05
0.06
0.07
0.08
0.09
0.1
0.11
0.12
0.13
0.14
0.15
0.16
0.17
0.18
0.19
0.2
0.21
0.22
0.23
0.24
0.25
0.26
0.27
0.28
0.29
0.3
0.31
0.32
0.33
0.34
0.35
0.36
0.37
0.38
0.39
0.4
0.41
0.42
0.43
0.44
0.45
0.46
0.47
0.48
0.49
0.5
0.51
0.52
0.53
0.54
0.55
0.56
0.57
0.58
0.59
0.6
0.61
0.62
0.63
0.64
0.65
0.66
0.67
0.68
0.69
0.7
0.71
0.72
0.73
0.74
0.75
0.76
0.77
0.78
0.79
0.8
0.81
0.82
0.83
0.84
0.85
0.86
0.87
0.88
0.89
0.9
0.91
0.92
0.93
0.94
0.95
0.96
0.97
0.98
0.99
1
0
3.56462e-21
1.63649e-19
3.76554e-18
5.7903e-17
6.6941e-16
6.20633e-15
4.80688e-14
3.19903e-13
1.86751e-12
9.71494e-12
4.55991e-11
1.95067e-10
7.66896e-10
2.79029e-09
9.45172e-09
2.99609e-08
8.92742e-08
2.51038e-07
6.68519e-07
1.69125e-06
4.07606e-06
9.38254e-06
2.06752e-05
4.3707e-05
8.88109e-05
0.00017377
0.000327945
0.00059788
0.00105449
0.00180167
0.00298584
0.0048055
0.00751949
0.0114521
0.0169936
0.0245934
0.0347455
0.0479658
0.06476
0.0855863
0.110815
0.140686
0.175277
0.214475
0.257966
0.305235
0.355586
0.408177
0.462063
0.516248
0.569743
0.621613
0.671028
0.717295
0.759878
0.798404
0.832661
0.862577
0.88819
0.909615
0.92701
0.940529
0.950297
0.956379
0.958762
0.957346
0.951955
0.942352
0.928272
0.909454
0.885695
0.856885
0.823051
0.784386
0.741266
0.694254
0.644076
0.591602
0.537794
0.483659
0.430195
0.378341
0.328928
0.282647
0.240025
0.201417
0.167008
0.136823
0.110755
0.0885823
0.0700042
0.0546655
0.0421831
0.0321683
0.0242447
0.0180609
0.0132996
0.00968171
0.00696833
0.00495921
