VARIABLEs = X,u
ZONE I=101
datapacking=block
0
0.01
0.02
0.03
0.04
0.05
0.06
0.07
0.08
0.09
0.1
0.11
0.12
0.13
0.14
0.15
0.16
0.17
0.18
0.19
0.2
0.21
0.22
0.23
0.24
0.25
0.26
0.27
0.28
0.29
0.3
0.31
0.32
0.33
0.34
0.35
0.36
0.37
0.38
0.39
0.4
0.41
0.42
0.43
0.44
0.45
0.46
0.47
0.48
0.49
0.5
0.51
0.52
0.53
0.54
0.55
0.56
0.57
0.58
0.59
0.6
0.61
0.62
0.63
0.64
0.65
0.66
0.67
0.68
0.69
0.7
0.71
0.72
0.73
0.74
0.75
0.76
0.77
0.78
0.79
0.8
0.81
0.82
0.83
0.84
0.85
0.86
0.87
0.88
0.89
0.9
0.91
0.92
0.93
0.94
0.95
0.96
0.97
0.98
0.99
1
0
1.43818e-24
7.67465e-23
2.05188e-21
3.66466e-20
4.91882e-19
5.29255e-18
4.75529e-17
3.66976e-16
2.48315e-15
1.49664e-14
8.13549e-14
4.02873e-13
1.83265e-12
7.71174e-12
3.01974e-11
1.106e-10
3.8059e-10
1.23532e-09
3.79518e-09
1.10706e-08
3.07473e-08
8.15148e-08
2.06755e-07
5.02778e-07
1.17444e-06
2.63987e-06
5.71934e-06
1.19612e-05
2.41815e-05
4.73197e-05
8.97396e-05
0.000165125
0.000295122
0.000512859
0.000867408
0.00142916
0.00229591
0.00359922
0.00551054
0.00824609
0.0120696
0.017292
0.0242666
0.0333791
0.0450335
0.0596308
0.0775457
0.099099
0.12453
0.153972
0.187429
0.224762
0.265684
0.309765
0.356443
0.40505
0.454838
0.50502
0.554803
0.603424
0.650183
0.694468
0.735771
0.773698
0.807967
0.838396
0.864892
0.887425
0.906003
0.920653
0.931393
0.938216
0.941082
0.93991
0.934587
0.924978
0.910948
0.892384
0.869229
0.8415
0.809318
0.772923
0.732684
0.689096
0.642768
0.594409
0.544791
0.494722
0.445009
0.396421
0.349657
0.305321
0.263904
0.22577
0.191154
0.160167
0.132807
0.108973
0.0884843
0.0710997
