VARIABLEs = X,u
ZONE I=101
datapacking=block
0
0.01
0.02
0.03
0.04
0.05
0.06
0.07
0.08
0.09
0.1
0.11
0.12
0.13
0.14
0.15
0.16
0.17
0.18
0.19
0.2
0.21
0.22
0.23
0.24
0.25
0.26
0.27
0.28
0.29
0.3
0.31
0.32
0.33
0.34
0.35
0.36
0.37
0.38
0.39
0.4
0.41
0.42
0.43
0.44
0.45
0.46
0.47
0.48
0.49
0.5
0.51
0.52
0.53
0.54
0.55
0.56
0.57
0.58
0.59
0.6
0.61
0.62
0.63
0.64
0.65
0.66
0.67
0.68
0.69
0.7
0.71
0.72
0.73
0.74
0.75
0.76
0.77
0.78
0.79
0.8
0.81
0.82
0.83
0.84
0.85
0.86
0.87
0.88
0.89
0.9
0.91
0.92
0.93
0.94
0.95
0.96
0.97
0.98
0.99
1
0
1.4957e-14
4.69104e-13
7.38453e-12
7.77962e-11
6.17085e-10
3.93126e-09
2.09541e-08
9.61198e-08
3.87387e-07
1.39358e-06
4.53108e-06
1.34509e-05
3.67641e-05
9.31723e-05
0.000220274
0.000488342
0.00101991
0.00201482
0.00377853
0.00674899
0.0115152
0.0188193
0.029534
0.0446108
0.0649988
0.0915402
0.124856
0.165239
0.212571
0.266283
0.325367
0.388435
0.453833
0.519771
0.584475
0.646322
0.703952
0.756343
0.802843
0.843164
0.877343
0.90568
0.928665
0.946898
0.961017
0.971628
0.979245
0.984239
0.986798
0.98689
0.984257
0.978413
0.968681
0.954254
0.93429
0.908021
0.874876
0.8346
0.787334
0.733661
0.674601
0.611547
0.546157
0.480223
0.415522
0.353676
0.296047
0.243656
0.197156
0.156834
0.122653
0.0943066
0.0712986
0.0530088
0.0387625
0.0278834
0.0197349
0.0137457
0.0094239
0.00636097
0.00422805
0.00276809
0.00178542
0.0011348
0.000710915
0.000439067
0.000267397
0.000160616
9.51752e-05
5.56485e-05
3.21122e-05
1.82921e-05
1.02878e-05
5.71386e-06
3.13454e-06
1.69878e-06
9.09705e-07
4.81442e-07
2.51852e-07
1.30251e-07
