VARIABLEs = X,u
ZONE I=101
datapacking=block
0
0.01
0.02
0.03
0.04
0.05
0.06
0.07
0.08
0.09
0.1
0.11
0.12
0.13
0.14
0.15
0.16
0.17
0.18
0.19
0.2
0.21
0.22
0.23
0.24
0.25
0.26
0.27
0.28
0.29
0.3
0.31
0.32
0.33
0.34
0.35
0.36
0.37
0.38
0.39
0.4
0.41
0.42
0.43
0.44
0.45
0.46
0.47
0.48
0.49
0.5
0.51
0.52
0.53
0.54
0.55
0.56
0.57
0.58
0.59
0.6
0.61
0.62
0.63
0.64
0.65
0.66
0.67
0.68
0.69
0.7
0.71
0.72
0.73
0.74
0.75
0.76
0.77
0.78
0.79
0.8
0.81
0.82
0.83
0.84
0.85
0.86
0.87
0.88
0.89
0.9
0.91
0.92
0.93
0.94
0.95
0.96
0.97
0.98
0.99
1
0
4.48568e-11
1.06433e-09
1.26956e-08
1.01516e-07
6.12235e-07
2.97083e-06
1.20836e-05
4.23804e-05
0.000130861
0.000361447
0.000904372
0.00207099
0.00437771
0.008604
0.0158216
0.0273699
0.0447578
0.0694914
0.102844
0.145613
0.197907
0.25903
0.327477
0.401065
0.477162
0.552982
0.625885
0.693634
0.754564
0.807663
0.852556
0.889418
0.918845
0.941705
0.959003
0.971761
0.980935
0.987358
0.9917
0.994444
0.995855
0.995945
0.994429
0.990691
0.98377
0.972397
0.955111
0.930436
0.897116
0.854366
0.802082
0.740965
0.67252
0.598933
0.522838
0.447018
0.374114
0.306366
0.245436
0.192337
0.147444
0.110582
0.0811553
0.0582948
0.0409966
0.0282364
0.0190529
0.0125997
0.00816885
0.00519431
0.00324057
0.00198429
0.001193
0.000704504
0.000408784
0.000233144
0.000130745
7.21178e-05
3.91402e-05
2.09077e-05
1.09959e-05
5.69541e-06
2.90618e-06
1.46133e-06
7.24313e-07
3.53976e-07
1.70612e-07
8.11228e-08
3.80614e-08
1.76256e-08
8.05785e-09
3.6376e-09
1.62191e-09
7.14419e-10
3.10944e-10
1.33754e-10
5.68738e-11
2.39103e-11
9.94052e-12
4.08755e-12
