VARIABLEs = X,u
ZONE I=101
datapacking=block
0
0.01
0.02
0.03
0.04
0.05
0.06
0.07
0.08
0.09
0.1
0.11
0.12
0.13
0.14
0.15
0.16
0.17
0.18
0.19
0.2
0.21
0.22
0.23
0.24
0.25
0.26
0.27
0.28
0.29
0.3
0.31
0.32
0.33
0.34
0.35
0.36
0.37
0.38
0.39
0.4
0.41
0.42
0.43
0.44
0.45
0.46
0.47
0.48
0.49
0.5
0.51
0.52
0.53
0.54
0.55
0.56
0.57
0.58
0.59
0.6
0.61
0.62
0.63
0.64
0.65
0.66
0.67
0.68
0.69
0.7
0.71
0.72
0.73
0.74
0.75
0.76
0.77
0.78
0.79
0.8
0.81
0.82
0.83
0.84
0.85
0.86
0.87
0.88
0.89
0.9
0.91
0.92
0.93
0.94
0.95
0.96
0.97
0.98
0.99
1
0
6.12659e-19
2.5119e-17
5.1636e-16
7.09601e-15
7.33411e-14
6.0812e-13
4.21382e-12
2.50988e-11
1.31185e-10
6.11252e-10
2.5708e-09
9.85837e-09
3.47576e-08
1.1346e-07
3.44968e-07
9.81964e-07
2.62875e-06
6.64443e-06
1.59129e-05
3.62238e-05
7.85998e-05
0.000162985
0.000323735
0.000617278
0.00113209
0.00200072
0.003413
0.00562891
0.00898873
0.0139179
0.0209233
0.0305788
0.0434985
0.0602977
0.0815437
0.107701
0.139077
0.175772
0.217646
0.264303
0.315096
0.369155
0.425437
0.48279
0.540024
0.595986
0.649624
0.700044
0.746543
0.78863
0.826025
0.85864
0.886549
0.909943
0.929088
0.944272
0.95576
0.963748
0.968338
0.969508
0.967115
0.960896
0.9505
0.93553
0.91559
0.890354
0.859619
0.823364
0.781788
0.73533
0.684669
0.630696
0.57447
0.517152
0.45994
0.403992
0.35036
0.299942
0.253437
0.211331
0.173894
0.141196
0.113127
0.0894398
0.0697799
0.0537271
0.0408274
0.0306229
0.0226737
0.0165739
0.0119621
0.00852561
0.00600114
0.00417245
0.00286587
0.00194487
0.00130422
0.000864379
0.00056625
0.000366711
