VARIABLEs = X,u
ZONE I=101
datapacking=block
0
0.01
0.02
0.03
0.04
0.05
0.06
0.07
0.08
0.09
0.1
0.11
0.12
0.13
0.14
0.15
0.16
0.17
0.18
0.19
0.2
0.21
0.22
0.23
0.24
0.25
0.26
0.27
0.28
0.29
0.3
0.31
0.32
0.33
0.34
0.35
0.36
0.37
0.38
0.39
0.4
0.41
0.42
0.43
0.44
0.45
0.46
0.47
0.48
0.49
0.5
0.51
0.52
0.53
0.54
0.55
0.56
0.57
0.58
0.59
0.6
0.61
0.62
0.63
0.64
0.65
0.66
0.67
0.68
0.69
0.7
0.71
0.72
0.73
0.74
0.75
0.76
0.77
0.78
0.79
0.8
0.81
0.82
0.83
0.84
0.85
0.86
0.87
0.88
0.89
0.9
0.91
0.92
0.93
0.94
0.95
0.96
0.97
0.98
0.99
1
0
1.19924e-12
3.25976e-11
4.45057e-10
4.0697e-09
2.80418e-08
1.55312e-07
7.20314e-07
2.87759e-06
1.01094e-05
3.17317e-05
9.0112e-05
0.000233891
0.000559574
0.00124282
0.00257827
0.00502253
0.00923055
0.0160714
0.0266091
0.0420374
0.063567
0.0922731
0.128927
0.173838
0.226746
0.286771
0.352464
0.421916
0.492947
0.563311
0.630902
0.693934
0.751057
0.801413
0.844634
0.880781
0.910265
0.933734
0.951976
0.965823
0.976071
0.983422
0.988434
0.991475
0.992686
0.99195
0.988866
0.982752
0.972675
0.957534
0.93618
0.90758
0.870989
0.826114
0.773228
0.713214
0.647528
0.578079
0.50705
0.436688
0.369098
0.306066
0.248943
0.198587
0.155366
0.119219
0.0897343
0.0662628
0.0480134
0.0341456
0.0238393
0.0163438
0.0110061
0.00728212
0.00473535
0.00302721
0.00190308
0.00117686
0.000716086
0.000428854
0.000252858
0.000146822
8.39787e-05
4.73291e-05
2.62896e-05
1.43961e-05
7.77365e-06
4.14026e-06
2.17549e-06
1.12802e-06
5.77308e-07
2.91691e-07
1.45532e-07
7.17148e-08
3.49109e-08
1.67921e-08
7.9822e-09
3.7506e-09
1.74228e-09
8.00308e-10
