VARIABLEs = X,u
ZONE I=101
datapacking=block
0
0.01
0.02
0.03
0.04
0.05
0.06
0.07
0.08
0.09
0.1
0.11
0.12
0.13
0.14
0.15
0.16
0.17
0.18
0.19
0.2
0.21
0.22
0.23
0.24
0.25
0.26
0.27
0.28
0.29
0.3
0.31
0.32
0.33
0.34
0.35
0.36
0.37
0.38
0.39
0.4
0.41
0.42
0.43
0.44
0.45
0.46
0.47
0.48
0.49
0.5
0.51
0.52
0.53
0.54
0.55
0.56
0.57
0.58
0.59
0.6
0.61
0.62
0.63
0.64
0.65
0.66
0.67
0.68
0.69
0.7
0.71
0.72
0.73
0.74
0.75
0.76
0.77
0.78
0.79
0.8
0.81
0.82
0.83
0.84
0.85
0.86
0.87
0.88
0.89
0.9
0.91
0.92
0.93
0.94
0.95
0.96
0.97
0.98
0.99
1
0
0.0267349
0.119092
0.282815
0.481268
0.666189
0.807402
0.899405
0.951978
0.978861
0.991353
0.99669
0.998807
0.999593
0.999868
0.999959
0.999988
0.999997
0.999999
1
1
1
1
1
1
1
1
1
1
1
1
0.973265
0.880908
0.717185
0.518732
0.333811
0.192598
0.100595
0.0480223
0.0211385
0.00864705
0.00330979
0.00119253
0.000406572
0.000131763
4.07549e-05
1.20736e-05
3.43657e-06
9.42462e-07
2.49655e-07
6.4022e-08
1.59262e-08
3.85026e-09
9.06116e-10
2.079e-10
4.65701e-11
1.01975e-11
2.18537e-12
4.58848e-13
9.44839e-14
1.90983e-14
3.79272e-15
7.40581e-16
1.42293e-16
2.69205e-17
5.01828e-18
9.22276e-19
1.67205e-19
2.99193e-20
5.28673e-21
9.22914e-22
1.59246e-22
2.717e-23
4.58565e-24
7.65889e-25
1.26631e-25
2.07332e-26
3.36272e-27
5.40435e-28
8.60897e-29
1.35967e-29
2.12964e-30
3.30886e-31
5.10099e-32
7.8043e-33
1.18525e-33
1.78723e-34
2.67623e-35
3.98042e-36
5.88133e-37
8.63453e-38
1.25978e-38
1.82688e-39
2.63364e-40
3.77483e-41
5.38018e-42
7.62632e-43
1.07525e-43
1.50813e-44
2.10452e-45
2.92217e-46
