VARIABLEs = X,u
ZONE I=101
datapacking=block
0
0.01
0.02
0.03
0.04
0.05
0.06
0.07
0.08
0.09
0.1
0.11
0.12
0.13
0.14
0.15
0.16
0.17
0.18
0.19
0.2
0.21
0.22
0.23
0.24
0.25
0.26
0.27
0.28
0.29
0.3
0.31
0.32
0.33
0.34
0.35
0.36
0.37
0.38
0.39
0.4
0.41
0.42
0.43
0.44
0.45
0.46
0.47
0.48
0.49
0.5
0.51
0.52
0.53
0.54
0.55
0.56
0.57
0.58
0.59
0.6
0.61
0.62
0.63
0.64
0.65
0.66
0.67
0.68
0.69
0.7
0.71
0.72
0.73
0.74
0.75
0.76
0.77
0.78
0.79
0.8
0.81
0.82
0.83
0.84
0.85
0.86
0.87
0.88
0.89
0.9
0.91
0.92
0.93
0.94
0.95
0.96
0.97
0.98
0.99
1
0
3.4583e-19
1.43677e-17
2.99266e-16
4.16697e-15
4.36352e-14
3.66557e-13
2.57319e-12
1.55264e-11
8.2206e-11
3.87989e-10
1.65282e-09
6.41945e-09
2.29221e-08
7.57768e-08
2.33311e-07
6.72498e-07
1.82287e-06
4.66496e-06
1.13109e-05
2.60654e-05
5.72511e-05
0.000120163
0.000241566
0.000466138
0.000865095
0.00154695
0.00266986
0.00445442
0.00719499
0.0112672
0.0171287
0.0253107
0.0363983
0.0509985
0.0696977
0.0930109
0.121328
0.154864
0.193614
0.237333
0.285522
0.337451
0.392191
0.448666
0.505725
0.562207
0.617013
0.669168
0.717862
0.762482
0.802621
0.838075
0.868813
0.894949
0.916695
0.934314
0.948076
0.958208
0.964863
0.968088
0.967809
0.963837
0.955879
0.943573
0.926533
0.904403
0.876918
0.843961
0.805607
0.762158
0.714148
0.662337
0.607675
0.55125
0.494223
0.437761
0.382965
0.330815
0.28212
0.237488
0.197319
0.161803
0.130944
0.104584
0.08244
0.0641389
0.0492543
0.0373371
0.0279416
0.0206453
0.0150624
0.0108524
0.00772271
0.00542848
0.00376973
0.00258656
0.00175379
0.00117525
0.000778467
0.000509766
