VARIABLEs = X,u
ZONE I=101
datapacking=block
0
0.01
0.02
0.03
0.04
0.05
0.06
0.07
0.08
0.09
0.1
0.11
0.12
0.13
0.14
0.15
0.16
0.17
0.18
0.19
0.2
0.21
0.22
0.23
0.24
0.25
0.26
0.27
0.28
0.29
0.3
0.31
0.32
0.33
0.34
0.35
0.36
0.37
0.38
0.39
0.4
0.41
0.42
0.43
0.44
0.45
0.46
0.47
0.48
0.49
0.5
0.51
0.52
0.53
0.54
0.55
0.56
0.57
0.58
0.59
0.6
0.61
0.62
0.63
0.64
0.65
0.66
0.67
0.68
0.69
0.7
0.71
0.72
0.73
0.74
0.75
0.76
0.77
0.78
0.79
0.8
0.81
0.82
0.83
0.84
0.85
0.86
0.87
0.88
0.89
0.9
0.91
0.92
0.93
0.94
0.95
0.96
0.97
0.98
0.99
1
0
1.30516e-05
0.000153059
0.000910375
0.00366425
0.0112374
0.028036
0.0593426
0.109758
0.181372
0.272516
0.377746
0.489063
0.597851
0.696749
0.780877
0.848179
0.899038
0.935482
0.96033
0.9765
0.986569
0.992584
0.996039
0.997951
0.998972
0.999499
0.999763
0.999891
0.999951
0.999979
0.999978
0.999843
0.999088
0.996335
0.988762
0.971964
0.940657
0.890242
0.818628
0.727484
0.622254
0.510937
0.402149
0.303251
0.219123
0.151821
0.100962
0.064518
0.0396696
0.0235003
0.0134312
0.00741592
0.00396086
0.00204897
0.00102784
0.000500572
0.000236936
0.000109113
4.89364e-05
2.13948e-05
9.12624e-06
3.80147e-06
1.54752e-06
6.16141e-07
2.40101e-07
9.16388e-08
3.42783e-08
1.25743e-08
4.52617e-09
1.59958e-09
5.55318e-10
1.8948e-10
6.35741e-11
2.09845e-11
6.81729e-12
2.18075e-12
6.87163e-13
2.13375e-13
6.53162e-14
1.97173e-14
5.87188e-15
1.72565e-15
5.00625e-16
1.43414e-16
4.05807e-17
1.13454e-17
3.13479e-18
8.56259e-19
2.3127e-19
6.17814e-20
1.63277e-20
4.26992e-21
1.10519e-21
2.83189e-22
7.1849e-23
1.80535e-23
4.49347e-24
1.10806e-24
2.70762e-25
6.55735e-26
