VARIABLEs = X,u
ZONE I=101
datapacking=block
0
0.01
0.02
0.03
0.04
0.05
0.06
0.07
0.08
0.09
0.1
0.11
0.12
0.13
0.14
0.15
0.16
0.17
0.18
0.19
0.2
0.21
0.22
0.23
0.24
0.25
0.26
0.27
0.28
0.29
0.3
0.31
0.32
0.33
0.34
0.35
0.36
0.37
0.38
0.39
0.4
0.41
0.42
0.43
0.44
0.45
0.46
0.47
0.48
0.49
0.5
0.51
0.52
0.53
0.54
0.55
0.56
0.57
0.58
0.59
0.6
0.61
0.62
0.63
0.64
0.65
0.66
0.67
0.68
0.69
0.7
0.71
0.72
0.73
0.74
0.75
0.76
0.77
0.78
0.79
0.8
0.81
0.82
0.83
0.84
0.85
0.86
0.87
0.88
0.89
0.9
0.91
0.92
0.93
0.94
0.95
0.96
0.97
0.98
0.99
1
0
0.318631
0.666228
0.871626
0.958765
0.988472
0.997113
0.999339
0.99986
0.999972
0.999995
0.999999
1
1
1
1
1
1
1
1
1
1
1
1
1
1
1
1
1
1
1
0.681369
0.333772
0.128374
0.0412348
0.0115285
0.00288661
0.000660678
0.00014033
2.79821e-05
5.28553e-06
9.52558e-07
1.64745e-07
2.7474e-08
4.4356e-09
6.95594e-10
1.0626e-10
1.58511e-11
2.31385e-12
3.31134e-13
4.65331e-14
6.43026e-15
8.74883e-16
1.17331e-16
1.55258e-17
2.02893e-18
2.6206e-19
3.34794e-20
4.23338e-21
5.30141e-22
6.57861e-23
8.09347e-24
9.87636e-25
1.19593e-25
1.43759e-26
1.71611e-27
2.03508e-28
2.39817e-29
2.80913e-30
3.27168e-31
3.78958e-32
4.36652e-33
5.0061e-34
5.71182e-35
6.48703e-36
7.33489e-37
8.25835e-38
9.26009e-39
1.03425e-39
1.15078e-40
1.27575e-41
1.40933e-42
1.55161e-43
1.70264e-44
1.86246e-45
2.03104e-46
2.20831e-47
2.39417e-48
2.58846e-49
2.79099e-50
3.00151e-51
3.21975e-52
3.44537e-53
3.67802e-54
3.9173e-55
4.16276e-56
4.41394e-57
4.67033e-58
4.93139e-59
5.19658e-60
5.46531e-61
