VARIABLEs = X,u
ZONE I=101
datapacking=block
0
0.01
0.02
0.03
0.04
0.05
0.06
0.07
0.08
0.09
0.1
0.11
0.12
0.13
0.14
0.15
0.16
0.17
0.18
0.19
0.2
0.21
0.22
0.23
0.24
0.25
0.26
0.27
0.28
0.29
0.3
0.31
0.32
0.33
0.34
0.35
0.36
0.37
0.38
0.39
0.4
0.41
0.42
0.43
0.44
0.45
0.46
0.47
0.48
0.49
0.5
0.51
0.52
0.53
0.54
0.55
0.56
0.57
0.58
0.59
0.6
0.61
0.62
0.63
0.64
0.65
0.66
0.67
0.68
0.69
0.7
0.71
0.72
0.73
0.74
0.75
0.76
0.77
0.78
0.79
0.8
0.81
0.82
0.83
0.84
0.85
0.86
0.87
0.88
0.89
0.9
0.91
0.92
0.93
0.94
0.95
0.96
0.97
0.98
0.99
1
0
6.66768e-12
1.70329e-10
2.18634e-09
1.88031e-08
1.21903e-07
6.35527e-07
2.77563e-06
1.04466e-05
3.45929e-05
0.000102398
0.000274375
0.000672338
0.00151952
0.00319018
0.0062603
0.0115446
0.0201016
0.0331888
0.0521586
0.0782987
0.112637
0.155747
0.207585
0.267413
0.333814
0.404803
0.478025
0.551001
0.62137
0.687108
0.746669
0.79907
0.843878
0.881157
0.911358
0.935205
0.95357
0.967372
0.97749
0.984704
0.989646
0.992763
0.994282
0.994172
0.992111
0.987467
0.979309
0.966465
0.947641
0.921588
0.887299
0.844218
0.792396
0.732577
0.666181
0.595195
0.521974
0.448998
0.378629
0.312892
0.253331
0.20093
0.156122
0.118843
0.0886418
0.0647943
0.0464269
0.0326175
0.0224752
0.0151935
0.0100798
0.00656487
0.00419874
0.00263799
0.00162867
0.000988405
0.000589825
0.000346205
0.000199941
0.000113647
6.35974e-05
3.50483e-05
1.90269e-05
1.01781e-05
5.36629e-06
2.78942e-06
1.42986e-06
7.22983e-07
3.60679e-07
1.77573e-07
8.62976e-08
4.1408e-08
1.96214e-08
9.18397e-09
4.24694e-09
1.94069e-09
8.76508e-10
3.91347e-10
1.72764e-10
7.54249e-11
