VARIABLEs = X,u
ZONE I=101
datapacking=block
0
0.01
0.02
0.03
0.04
0.05
0.06
0.07
0.08
0.09
0.1
0.11
0.12
0.13
0.14
0.15
0.16
0.17
0.18
0.19
0.2
0.21
0.22
0.23
0.24
0.25
0.26
0.27
0.28
0.29
0.3
0.31
0.32
0.33
0.34
0.35
0.36
0.37
0.38
0.39
0.4
0.41
0.42
0.43
0.44
0.45
0.46
0.47
0.48
0.49
0.5
0.51
0.52
0.53
0.54
0.55
0.56
0.57
0.58
0.59
0.6
0.61
0.62
0.63
0.64
0.65
0.66
0.67
0.68
0.69
0.7
0.71
0.72
0.73
0.74
0.75
0.76
0.77
0.78
0.79
0.8
0.81
0.82
0.83
0.84
0.85
0.86
0.87
0.88
0.89
0.9
0.91
0.92
0.93
0.94
0.95
0.96
0.97
0.98
0.99
1
0
0.000275568
0.00243001
0.0109498
0.0336694
0.0796249
0.154825
0.25851
0.382393
0.513314
0.637624
0.744982
0.830159
0.892751
0.935647
0.963222
0.979935
0.989525
0.994756
0.997478
0.998832
0.999478
0.999775
0.999906
0.999962
0.999985
0.999994
0.999998
0.999999
1
1
0.999724
0.99757
0.98905
0.966331
0.920375
0.845175
0.74149
0.617607
0.486686
0.362376
0.255018
0.169841
0.107249
0.0643534
0.0367779
0.0200654
0.0104748
0.0052435
0.00252218
0.00116803
0.000521737
0.000225167
9.4039e-05
3.80634e-05
1.49523e-05
5.70783e-06
2.11995e-06
7.66947e-07
2.70552e-07
9.31574e-08
3.1338e-08
1.03085e-08
3.31854e-09
1.04633e-09
3.23356e-10
9.80134e-11
2.91587e-11
8.51925e-12
2.44591e-12
6.90446e-13
1.91735e-13
5.2405e-14
1.41044e-14
3.73981e-15
9.77336e-16
2.51837e-16
6.40105e-17
1.60547e-17
3.97498e-18
9.71844e-19
2.34712e-19
5.60129e-20
1.32127e-20
3.08155e-21
7.108e-22
1.62198e-22
3.66246e-23
8.18548e-24
1.81118e-24
3.9685e-25
8.61269e-26
1.85179e-26
3.94525e-27
8.33063e-28
1.74375e-28
3.61892e-29
7.44796e-30
1.52033e-30
3.07861e-31
6.18528e-32
