VARIABLEs = X,u
ZONE I=101
datapacking=block
0
0.01
0.02
0.03
0.04
0.05
0.06
0.07
0.08
0.09
0.1
0.11
0.12
0.13
0.14
0.15
0.16
0.17
0.18
0.19
0.2
0.21
0.22
0.23
0.24
0.25
0.26
0.27
0.28
0.29
0.3
0.31
0.32
0.33
0.34
0.35
0.36
0.37
0.38
0.39
0.4
0.41
0.42
0.43
0.44
0.45
0.46
0.47
0.48
0.49
0.5
0.51
0.52
0.53
0.54
0.55
0.56
0.57
0.58
0.59
0.6
0.61
0.62
0.63
0.64
0.65
0.66
0.67
0.68
0.69
0.7
0.71
0.72
0.73
0.74
0.75
0.76
0.77
0.78
0.79
0.8
0.81
0.82
0.83
0.84
0.85
0.86
0.87
0.88
0.89
0.9
0.91
0.92
0.93
0.94
0.95
0.96
0.97
0.98
0.99
1
0
2.494e-10
5.50948e-09
6.12185e-08
4.56246e-07
2.56605e-06
1.1619e-05
4.41275e-05
0.000144608
0.000417505
0.00107907
0.00252851
0.00542737
0.0107639
0.0198696
0.034356
0.0559539
0.0862645
0.126463
0.177015
0.237484
0.306473
0.381735
0.460417
0.539411
0.615711
0.68674
0.750567
0.806012
0.852637
0.890638
0.920693
0.943786
0.961039
0.973587
0.982476
0.98861
0.992719
0.995346
0.996828
0.997271
0.996502
0.994014
0.98892
0.979954
0.965548
0.943994
0.913708
0.873523
0.822978
0.762513
0.693525
0.618264
0.539582
0.460589
0.384289
0.31326
0.249433
0.193988
0.147363
0.109362
0.0793068
0.0562143
0.0389606
0.0264124
0.0175213
0.0113784
0.00723654
0.00450925
0.00275412
0.0016495
0.00096915
0.000558829
0.000316367
0.000175913
9.61098e-05
5.16134e-05
2.72547e-05
1.41566e-05
7.23544e-06
3.64004e-06
1.80311e-06
8.79736e-07
4.22892e-07
2.00347e-07
9.35701e-08
4.30938e-08
1.95765e-08
8.77426e-09
3.88109e-09
1.69462e-09
7.30586e-10
3.11066e-10
1.30832e-10
5.4369e-11
2.23285e-11
9.06417e-12
3.63785e-12
1.44376e-12
5.66714e-13
2.20055e-13
