VARIABLEs = X,u
ZONE I=101
datapacking=block
0
0.01
0.02
0.03
0.04
0.05
0.06
0.07
0.08
0.09
0.1
0.11
0.12
0.13
0.14
0.15
0.16
0.17
0.18
0.19
0.2
0.21
0.22
0.23
0.24
0.25
0.26
0.27
0.28
0.29
0.3
0.31
0.32
0.33
0.34
0.35
0.36
0.37
0.38
0.39
0.4
0.41
0.42
0.43
0.44
0.45
0.46
0.47
0.48
0.49
0.5
0.51
0.52
0.53
0.54
0.55
0.56
0.57
0.58
0.59
0.6
0.61
0.62
0.63
0.64
0.65
0.66
0.67
0.68
0.69
0.7
0.71
0.72
0.73
0.74
0.75
0.76
0.77
0.78
0.79
0.8
0.81
0.82
0.83
0.84
0.85
0.86
0.87
0.88
0.89
0.9
0.91
0.92
0.93
0.94
0.95
0.96
0.97
0.98
0.99
1
0
2.92773e-08
5.13684e-07
4.54307e-06
2.70099e-05
0.000121473
0.000440929
0.00134606
0.00355597
0.00830228
0.0174113
0.033228
0.0583255
0.0950211
0.144804
0.207841
0.282721
0.366535
0.45528
0.544473
0.629825
0.707806
0.775997
0.833198
0.879321
0.915136
0.941965
0.961383
0.974983
0.984211
0.990285
0.99417
0.996584
0.998041
0.99888
0.999281
0.999239
0.998486
0.996358
0.991654
0.982567
0.966762
0.94167
0.904977
0.855195
0.792159
0.717279
0.633465
0.54472
0.455527
0.370175
0.292194
0.224003
0.166802
0.120679
0.0848636
0.0580347
0.0386167
0.0250175
0.0157895
0.00971459
0.00583035
0.00341552
0.00195427
0.00109281
0.000597594
0.000319757
0.000167507
8.59583e-05
4.3233e-05
2.13225e-05
1.03175e-05
4.90041e-06
2.28566e-06
1.04738e-06
4.7174e-07
2.0892e-07
9.10153e-08
3.90184e-08
1.64668e-08
6.84361e-09
2.80189e-09
1.13044e-09
4.49592e-10
1.76318e-10
6.8204e-11
2.60308e-11
9.80501e-12
3.64595e-12
1.33872e-12
4.85504e-13
1.73952e-13
6.15884e-14
2.15528e-14
7.4566e-15
2.55096e-15
8.63141e-16
2.88912e-16
9.56838e-17
3.13607e-17
1.01739e-17
