VARIABLEs = X,u
ZONE I=101
datapacking=block
0
0.01
0.02
0.03
0.04
0.05
0.06
0.07
0.08
0.09
0.1
0.11
0.12
0.13
0.14
0.15
0.16
0.17
0.18
0.19
0.2
0.21
0.22
0.23
0.24
0.25
0.26
0.27
0.28
0.29
0.3
0.31
0.32
0.33
0.34
0.35
0.36
0.37
0.38
0.39
0.4
0.41
0.42
0.43
0.44
0.45
0.46
0.47
0.48
0.49
0.5
0.51
0.52
0.53
0.54
0.55
0.56
0.57
0.58
0.59
0.6
0.61
0.62
0.63
0.64
0.65
0.66
0.67
0.68
0.69
0.7
0.71
0.72
0.73
0.74
0.75
0.76
0.77
0.78
0.79
0.8
0.81
0.82
0.83
0.84
0.85
0.86
0.87
0.88
0.89
0.9
0.91
0.92
0.93
0.94
0.95
0.96
0.97
0.98
0.99
1
0
2.47183e-22
1.19771e-20
2.9083e-19
4.71868e-18
5.75509e-17
5.62819e-16
4.59731e-15
3.22624e-14
1.98567e-13
1.08889e-12
5.3867e-12
2.42829e-11
1.00583e-10
3.8551e-10
1.37535e-09
4.59083e-09
1.44017e-08
4.26277e-08
1.19465e-07
3.17992e-07
8.06188e-07
1.95165e-06
4.52185e-06
1.00483e-05
2.1457e-05
4.41085e-05
8.74314e-05
0.000167367
0.000309851
0.000555512
0.000965691
0.00162968
0.00267281
0.00426481
0.00662728
0.010039
0.0148379
0.0214172
0.0302158
0.0417012
0.0563451
0.0745931
0.0968304
0.123346
0.154299
0.189692
0.229351
0.272923
0.319878
0.369533
0.421084
0.473646
0.526297
0.578133
0.628305
0.67606
0.72077
0.761945
0.799243
0.832457
0.861502
0.886385
0.907182
0.923994
0.936925
0.946047
0.951383
0.952889
0.950457
0.943921
0.933075
0.917707
0.897625
0.872705
0.842917
0.808367
0.769309
0.726162
0.679503
0.630052
0.57864
0.526172
0.473581
0.421781
0.371625
0.323865
0.279124
0.237876
0.20044
0.166983
0.13753
0.111983
0.0901446
0.0717407
0.0564476
0.0439136
0.0337793
0.0256939
0.0193272
0.0143781
