VARIABLEs = X,u
ZONE I=101
datapacking=block
0
0.01
0.02
0.03
0.04
0.05
0.06
0.07
0.08
0.09
0.1
0.11
0.12
0.13
0.14
0.15
0.16
0.17
0.18
0.19
0.2
0.21
0.22
0.23
0.24
0.25
0.26
0.27
0.28
0.29
0.3
0.31
0.32
0.33
0.34
0.35
0.36
0.37
0.38
0.39
0.4
0.41
0.42
0.43
0.44
0.45
0.46
0.47
0.48
0.49
0.5
0.51
0.52
0.53
0.54
0.55
0.56
0.57
0.58
0.59
0.6
0.61
0.62
0.63
0.64
0.65
0.66
0.67
0.68
0.69
0.7
0.71
0.72
0.73
0.74
0.75
0.76
0.77
0.78
0.79
0.8
0.81
0.82
0.83
0.84
0.85
0.86
0.87
0.88
0.89
0.9
0.91
0.92
0.93
0.94
0.95
0.96
0.97
0.98
0.99
1
0
1.47322e-13
4.29912e-12
6.29905e-11
6.17891e-10
4.56525e-09
2.71011e-08
1.34658e-07
5.76063e-07
2.16612e-06
7.27358e-06
2.20852e-05
6.12565e-05
0.000156514
0.00037101
0.000820893
0.0017043
0.0033356
0.00617946
0.0108761
0.018247
0.0292698
0.0450166
0.0665547
0.094818
0.130468
0.173767
0.224485
0.281862
0.344642
0.41116
0.479493
0.547626
0.613629
0.675814
0.732845
0.783802
0.828197
0.865937
0.897266
0.922676
0.942819
0.958424
0.970215
0.978845
0.984846
0.988576
0.990182
0.989567
0.986377
0.980007
0.969637
0.95431
0.933036
0.904937
0.869387
0.826149
0.775467
0.718111
0.655343
0.588831
0.520502
0.452372
0.386369
0.324185
0.267155
0.216197
0.171803
0.134062
0.102732
0.077317
0.0571584
0.0415143
0.0296289
0.0207839
0.0143329
0.00971941
0.0064827
0.00425395
0.002747
0.0017461
0.00109279
0.000673546
0.000408956
0.000244665
0.000144265
8.38587e-05
4.80662e-05
2.7173e-05
1.51545e-05
8.33966e-06
4.52956e-06
2.42861e-06
1.28572e-06
6.72215e-07
3.47164e-07
1.77138e-07
8.93142e-08
4.45087e-08
2.19262e-08
1.06796e-08
