VARIABLEs = X,u
ZONE I=101
datapacking=block
0
0.01
0.02
0.03
0.04
0.05
0.06
0.07
0.08
0.09
0.1
0.11
0.12
0.13
0.14
0.15
0.16
0.17
0.18
0.19
0.2
0.21
0.22
0.23
0.24
0.25
0.26
0.27
0.28
0.29
0.3
0.31
0.32
0.33
0.34
0.35
0.36
0.37
0.38
0.39
0.4
0.41
0.42
0.43
0.44
0.45
0.46
0.47
0.48
0.49
0.5
0.51
0.52
0.53
0.54
0.55
0.56
0.57
0.58
0.59
0.6
0.61
0.62
0.63
0.64
0.65
0.66
0.67
0.68
0.69
0.7
0.71
0.72
0.73
0.74
0.75
0.76
0.77
0.78
0.79
0.8
0.81
0.82
0.83
0.84
0.85
0.86
0.87
0.88
0.89
0.9
0.91
0.92
0.93
0.94
0.95
0.96
0.97
0.98
0.99
1
0
0.00126623
0.00932405
0.0353288
0.0920665
0.186199
0.312851
0.456773
0.598827
0.723123
0.821054
0.891386
0.937886
0.966421
0.982783
0.991602
0.996091
0.998259
0.999257
0.999695
0.999879
0.999954
0.999983
0.999994
0.999998
0.999999
1
1
1
1
1
0.998734
0.990676
0.964671
0.907933
0.813801
0.687149
0.543227
0.401173
0.276877
0.178946
0.108614
0.0621137
0.0335793
0.0172169
0.00839825
0.00390874
0.00174051
0.000743356
0.000305213
0.000120731
4.61001e-05
1.7023e-05
6.08906e-06
2.11309e-06
7.12458e-07
2.33698e-07
7.46689e-08
2.32656e-08
7.07696e-09
2.10363e-09
6.11634e-10
1.74098e-10
4.85551e-11
1.32785e-11
3.56334e-12
9.38975e-13
2.43121e-13
6.1891e-14
1.54996e-14
3.8207e-15
9.27506e-16
2.21849e-16
5.23081e-17
1.21631e-17
2.79041e-18
6.31854e-19
1.41272e-19
3.11994e-20
6.80832e-21
1.46853e-21
3.13196e-22
6.60649e-23
1.37872e-23
2.84744e-24
5.82134e-25
1.17841e-25
2.36255e-26
4.69226e-27
9.23423e-28
1.80108e-28
3.48233e-29
6.67579e-30
1.26916e-30
2.3933e-31
4.47737e-32
8.31134e-33
1.53114e-33
2.79983e-34
5.08259e-35
9.16108e-36
