VARIABLEs = X,u
ZONE I=101
datapacking=block
0
0.01
0.02
0.03
0.04
0.05
0.06
0.07
0.08
0.09
0.1
0.11
0.12
0.13
0.14
0.15
0.16
0.17
0.18
0.19
0.2
0.21
0.22
0.23
0.24
0.25
0.26
0.27
0.28
0.29
0.3
0.31
0.32
0.33
0.34
0.35
0.36
0.37
0.38
0.39
0.4
0.41
0.42
0.43
0.44
0.45
0.46
0.47
0.48
0.49
0.5
0.51
0.52
0.53
0.54
0.55
0.56
0.57
0.58
0.59
0.6
0.61
0.62
0.63
0.64
0.65
0.66
0.67
0.68
0.69
0.7
0.71
0.72
0.73
0.74
0.75
0.76
0.77
0.78
0.79
0.8
0.81
0.82
0.83
0.84
0.85
0.86
0.87
0.88
0.89
0.9
0.91
0.92
0.93
0.94
0.95
0.96
0.97
0.98
0.99
1
0
6.18155e-07
9.04754e-06
6.69038e-05
0.000333393
0.00126005
0.00385469
0.00994815
0.0222933
0.0443183
0.0794693
0.130278
0.197464
0.27941
0.372244
0.470503
0.568167
0.659727
0.741005
0.809557
0.864661
0.906992
0.938144
0.960156
0.975121
0.984928
0.991133
0.994929
0.997179
0.998472
0.999194
0.999584
0.999782
0.999831
0.999618
0.998717
0.996135
0.990047
0.977705
0.955681
0.92053
0.869721
0.802536
0.72059
0.627756
0.529497
0.431833
0.340273
0.258995
0.190443
0.135339
0.0930084
0.0618563
0.0398439
0.024879
0.0150724
0.00886749
0.00507079
0.00282089
0.00152794
0.000806472
0.000415133
0.000208561
0.00010234
4.90839e-05
2.30252e-05
1.05712e-05
4.75309e-06
2.09418e-06
9.04665e-07
3.83386e-07
1.59473e-07
6.51421e-08
2.61437e-08
1.03134e-08
4.00097e-09
1.52699e-09
5.73584e-10
2.12136e-10
7.72777e-11
2.77379e-11
9.81354e-12
3.42338e-12
1.17788e-12
3.99856e-13
1.33964e-13
4.43083e-14
1.44715e-14
4.66864e-15
1.48809e-15
4.68752e-16
1.4596e-16
4.4937e-17
1.36822e-17
4.12079e-18
1.22793e-18
3.62099e-19
1.05688e-19
3.05388e-20
8.73758e-21
2.47584e-21
