VARIABLEs = X,u
ZONE I=101
datapacking=block
0
0.01
0.02
0.03
0.04
0.05
0.06
0.07
0.08
0.09
0.1
0.11
0.12
0.13
0.14
0.15
0.16
0.17
0.18
0.19
0.2
0.21
0.22
0.23
0.24
0.25
0.26
0.27
0.28
0.29
0.3
0.31
0.32
0.33
0.34
0.35
0.36
0.37
0.38
0.39
0.4
0.41
0.42
0.43
0.44
0.45
0.46
0.47
0.48
0.49
0.5
0.51
0.52
0.53
0.54
0.55
0.56
0.57
0.58
0.59
0.6
0.61
0.62
0.63
0.64
0.65
0.66
0.67
0.68
0.69
0.7
0.71
0.72
0.73
0.74
0.75
0.76
0.77
0.78
0.79
0.8
0.81
0.82
0.83
0.84
0.85
0.86
0.87
0.88
0.89
0.9
0.91
0.92
0.93
0.94
0.95
0.96
0.97
0.98
0.99
1
0
5.59455e-13
1.56139e-11
2.18849e-10
2.05412e-09
1.45256e-08
8.2552e-08
3.92794e-07
1.60959e-06
5.79922e-06
1.86644e-05
5.43359e-05
0.000144547
0.000354355
0.000806249
0.00171297
0.00341651
0.00642674
0.0114492
0.0193886
0.0313169
0.0483959
0.0717594
0.102364
0.140831
0.187312
0.241399
0.302105
0.367921
0.436942
0.507045
0.576086
0.64209
0.703407
0.758811
0.807549
0.849324
0.884242
0.912724
0.935412
0.953066
0.966481
0.976411
0.983511
0.988283
0.991035
0.991844
0.990527
0.986625
0.979413
0.96795
0.951162
0.927978
0.897483
0.859081
0.812638
0.758573
0.69788
0.632071
0.563053
0.492952
0.423912
0.357909
0.296593
0.241189
0.192451
0.150676
0.115758
0.0872739
0.0645823
0.0469157
0.033465
0.023444
0.0161344
0.010911
0.00725248
0.00473955
0.00304606
0.00192579
0.00119805
0.000733587
0.000442243
0.000262555
0.000153549
8.84814e-05
5.02516e-05
2.81352e-05
1.55332e-05
8.45833e-06
4.54388e-06
2.40873e-06
1.26028e-06
6.50963e-07
3.32012e-07
1.67243e-07
8.32203e-08
4.09152e-08
1.98792e-08
9.54675e-09
4.53246e-09
2.12772e-09
