VARIABLEs = X,u
ZONE I=101
datapacking=block
0
0.01
0.02
0.03
0.04
0.05
0.06
0.07
0.08
0.09
0.1
0.11
0.12
0.13
0.14
0.15
0.16
0.17
0.18
0.19
0.2
0.21
0.22
0.23
0.24
0.25
0.26
0.27
0.28
0.29
0.3
0.31
0.32
0.33
0.34
0.35
0.36
0.37
0.38
0.39
0.4
0.41
0.42
0.43
0.44
0.45
0.46
0.47
0.48
0.49
0.5
0.51
0.52
0.53
0.54
0.55
0.56
0.57
0.58
0.59
0.6
0.61
0.62
0.63
0.64
0.65
0.66
0.67
0.68
0.69
0.7
0.71
0.72
0.73
0.74
0.75
0.76
0.77
0.78
0.79
0.8
0.81
0.82
0.83
0.84
0.85
0.86
0.87
0.88
0.89
0.9
0.91
0.92
0.93
0.94
0.95
0.96
0.97
0.98
0.99
1
0
2.3981e-20
1.05734e-18
2.33686e-17
3.45191e-16
3.83404e-15
3.41553e-14
2.54214e-13
1.62601e-12
9.12413e-12
4.56301e-11
2.05925e-10
8.47102e-10
3.20295e-09
1.12095e-08
3.6529e-08
1.11413e-07
3.19472e-07
8.64654e-07
2.21659e-06
5.39915e-06
1.2531e-05
2.77826e-05
5.89791e-05
0.000120139
0.000235277
0.000443782
0.000807571
0.00142001
0.00241622
0.00398392
0.00637348
0.00990527
0.0149722
0.0220351
0.0316098
0.0442434
0.060482
0.0808301
0.105705
0.135393
0.170007
0.209456
0.25343
0.301402
0.352645
0.406268
0.461269
0.516589
0.571175
0.624037
0.6743
0.72124
0.764305
0.803127
0.837509
0.867407
0.892898
0.91414
0.931333
0.944676
0.954328
0.960379
0.962829
0.96158
0.95644
0.947144
0.933383
0.91485
0.891288
0.862537
0.828585
0.789597
0.745939
0.698183
0.647085
0.593557
0.538619
0.48334
0.428779
0.37593
0.325671
0.278722
0.23563
0.196749
0.162254
0.132148
0.106294
0.0844394
0.0662502
0.05134
0.0392988
0.0297162
0.022199
0.0163848
0.0119498
0.00861272
0.00613519
0.0043199
0.00300697
0.00206942
