VARIABLEs = X,u
ZONE I=101
datapacking=block
0
0.01
0.02
0.03
0.04
0.05
0.06
0.07
0.08
0.09
0.1
0.11
0.12
0.13
0.14
0.15
0.16
0.17
0.18
0.19
0.2
0.21
0.22
0.23
0.24
0.25
0.26
0.27
0.28
0.29
0.3
0.31
0.32
0.33
0.34
0.35
0.36
0.37
0.38
0.39
0.4
0.41
0.42
0.43
0.44
0.45
0.46
0.47
0.48
0.49
0.5
0.51
0.52
0.53
0.54
0.55
0.56
0.57
0.58
0.59
0.6
0.61
0.62
0.63
0.64
0.65
0.66
0.67
0.68
0.69
0.7
0.71
0.72
0.73
0.74
0.75
0.76
0.77
0.78
0.79
0.8
0.81
0.82
0.83
0.84
0.85
0.86
0.87
0.88
0.89
0.9
0.91
0.92
0.93
0.94
0.95
0.96
0.97
0.98
0.99
1
0
3.06378e-11
7.38093e-10
8.93814e-09
7.25507e-08
4.44106e-07
2.18704e-06
9.02672e-06
3.21217e-05
0.000100619
0.000281896
0.000715313
0.00166095
0.00355938
0.00709074
0.0132133
0.0231578
0.038357
0.0603025
0.090339
0.129429
0.177937
0.235475
0.300858
0.372185
0.447025
0.522681
0.596485
0.666065
0.729546
0.785663
0.833788
0.873868
0.90632
0.931888
0.951508
0.966183
0.976888
0.984497
0.989741
0.993177
0.995151
0.995776
0.99488
0.991976
0.986238
0.976525
0.961463
0.939597
0.909606
0.870541
0.822047
0.764517
0.699138
0.627812
0.552974
0.477318
0.403514
0.333935
0.270454
0.214337
0.166212
0.126132
0.0936799
0.068112
0.0484917
0.0338147
0.0231034
0.0154713
0.010158
0.00654157
0.00413332
0.00256342
0.00156099
0.000933683
0.000548743
0.000317001
0.000180062
0.000100601
5.53019e-05
2.99211e-05
1.59385e-05
8.36149e-06
4.32131e-06
2.20073e-06
1.10474e-06
5.46783e-07
2.66898e-07
1.28518e-07
6.10636e-08
2.86354e-08
1.32565e-08
6.05989e-09
2.73592e-09
1.22023e-09
5.3774e-10
2.34198e-10
1.00824e-10
4.2914e-11
1.80621e-11
7.51894e-12
