VARIABLEs = X,u
ZONE I=101
datapacking=block
0
0.01
0.02
0.03
0.04
0.05
0.06
0.07
0.08
0.09
0.1
0.11
0.12
0.13
0.14
0.15
0.16
0.17
0.18
0.19
0.2
0.21
0.22
0.23
0.24
0.25
0.26
0.27
0.28
0.29
0.3
0.31
0.32
0.33
0.34
0.35
0.36
0.37
0.38
0.39
0.4
0.41
0.42
0.43
0.44
0.45
0.46
0.47
0.48
0.49
0.5
0.51
0.52
0.53
0.54
0.55
0.56
0.57
0.58
0.59
0.6
0.61
0.62
0.63
0.64
0.65
0.66
0.67
0.68
0.69
0.7
0.71
0.72
0.73
0.74
0.75
0.76
0.77
0.78
0.79
0.8
0.81
0.82
0.83
0.84
0.85
0.86
0.87
0.88
0.89
0.9
0.91
0.92
0.93
0.94
0.95
0.96
0.97
0.98
0.99
1
0
1.63793e-20
7.28136e-19
1.6225e-17
2.41634e-16
2.70577e-15
2.43005e-14
1.82335e-13
1.17569e-12
6.65046e-12
3.35266e-11
1.52514e-10
6.324e-10
2.41016e-09
8.50177e-09
2.79237e-08
8.58365e-08
2.48058e-07
6.766e-07
1.74796e-06
4.2905e-06
1.00344e-05
2.24172e-05
4.79504e-05
9.84113e-05
0.000194172
0.00036898
0.000676421
0.00119814
0.00205355
0.00341042
0.00549505
0.00860061
0.0130913
0.0194006
0.028021
0.039485
0.0543361
0.0730916
0.0961994
0.123993
0.156651
0.194161
0.236298
0.282623
0.332488
0.385074
0.439426
0.494514
0.549288
0.60274
0.653953
0.702147
0.746703
0.787182
0.823317
0.855001
0.88226
0.905216
0.924047
0.93895
0.950095
0.957596
0.961488
0.961711
0.958111
0.950452
0.938447
0.921792
0.900215
0.873522
0.841646
0.804686
0.762929
0.716865
0.667175
0.614708
0.560433
0.505396
0.450654
0.397221
0.346015
0.297818
0.253241
0.212715
0.176486
0.144629
0.117063
0.0935858
0.0738988
0.0576395
0.0444103
0.0338033
0.0254203
0.0188881
0.0138683
0.0100631
0.00721707
0.00511633
0.00358571
0.00248463
