VARIABLEs = X,u
ZONE I=101
datapacking=block
0
0.01
0.02
0.03
0.04
0.05
0.06
0.07
0.08
0.09
0.1
0.11
0.12
0.13
0.14
0.15
0.16
0.17
0.18
0.19
0.2
0.21
0.22
0.23
0.24
0.25
0.26
0.27
0.28
0.29
0.3
0.31
0.32
0.33
0.34
0.35
0.36
0.37
0.38
0.39
0.4
0.41
0.42
0.43
0.44
0.45
0.46
0.47
0.48
0.49
0.5
0.51
0.52
0.53
0.54
0.55
0.56
0.57
0.58
0.59
0.6
0.61
0.62
0.63
0.64
0.65
0.66
0.67
0.68
0.69
0.7
0.71
0.72
0.73
0.74
0.75
0.76
0.77
0.78
0.79
0.8
0.81
0.82
0.83
0.84
0.85
0.86
0.87
0.88
0.89
0.9
0.91
0.92
0.93
0.94
0.95
0.96
0.97
0.98
0.99
1
0
6.87268e-14
2.05556e-12
3.08646e-11
3.10225e-10
2.34828e-09
1.42802e-08
7.26743e-08
3.18384e-07
1.22584e-06
4.21401e-06
1.3097e-05
3.71767e-05
9.71933e-05
0.000235693
0.000533378
0.00113236
0.00226565
0.00428982
0.00771456
0.0132204
0.0216542
0.0339947
0.0512816
0.0745129
0.10452
0.141838
0.186594
0.238432
0.296497
0.359477
0.425701
0.493285
0.560293
0.624901
0.685536
0.740974
0.790391
0.833374
0.869877
0.900167
0.924736
0.944222
0.959323
0.970723
0.979031
0.984726
0.988108
0.989263
0.988036
0.984022
0.976584
0.964897
0.948031
0.925067
0.895227
0.858012
0.813319
0.761518
0.703474
0.640507
0.57429
0.50671
0.439704
0.375097
0.314463
0.259026
0.209608
0.166626
0.130122
0.0998289
0.0752506
0.0557405
0.04058
0.0290414
0.0204351
0.0141413
0.00962608
0.00644712
0.00424954
0.0027573
0.00176158
0.00110841
0.000687046
0.000419629
0.000252606
0.000149908
8.7722e-05
5.06287e-05
2.88261e-05
1.61948e-05
8.97962e-06
4.91504e-06
2.65627e-06
1.4177e-06
7.4739e-07
3.89268e-07
2.00341e-07
1.01905e-07
5.12388e-08
2.54719e-08
