VARIABLEs = X,u
ZONE I=101
datapacking=block
0
0.01
0.02
0.03
0.04
0.05
0.06
0.07
0.08
0.09
0.1
0.11
0.12
0.13
0.14
0.15
0.16
0.17
0.18
0.19
0.2
0.21
0.22
0.23
0.24
0.25
0.26
0.27
0.28
0.29
0.3
0.31
0.32
0.33
0.34
0.35
0.36
0.37
0.38
0.39
0.4
0.41
0.42
0.43
0.44
0.45
0.46
0.47
0.48
0.49
0.5
0.51
0.52
0.53
0.54
0.55
0.56
0.57
0.58
0.59
0.6
0.61
0.62
0.63
0.64
0.65
0.66
0.67
0.68
0.69
0.7
0.71
0.72
0.73
0.74
0.75
0.76
0.77
0.78
0.79
0.8
0.81
0.82
0.83
0.84
0.85
0.86
0.87
0.88
0.89
0.9
0.91
0.92
0.93
0.94
0.95
0.96
0.97
0.98
0.99
1
0
0.0839055
0.282227
0.525623
0.73214
0.868253
0.942497
0.977369
0.991861
0.997296
0.999162
0.999756
0.999933
0.999982
0.999996
0.999999
1
1
1
1
1
1
1
1
1
1
1
1
1
1
1
0.916095
0.717773
0.474377
0.26786
0.131747
0.057503
0.0226309
0.00813866
0.00270405
0.000837621
0.000243757
6.70696e-05
1.75437e-05
4.38299e-06
1.05008e-06
2.42103e-07
5.38811e-08
1.16066e-08
2.42573e-09
4.92922e-10
9.75753e-11
1.88483e-11
3.55832e-12
6.57457e-13
1.1904e-13
2.11457e-14
3.68909e-15
6.3271e-16
1.06774e-16
1.77445e-17
2.90621e-18
4.6942e-19
7.48258e-20
1.17777e-20
1.83162e-21
2.81583e-22
4.28139e-23
6.44132e-24
9.59317e-25
1.4149e-25
2.06741e-26
2.99383e-27
4.29805e-28
6.11927e-29
8.64256e-30
1.21122e-30
1.68485e-31
2.32685e-32
3.19115e-33
4.34712e-34
5.88335e-35
7.91241e-36
1.05764e-36
1.4054e-37
1.85681e-38
2.4396e-39
3.18803e-40
4.1443e-41
5.36003e-42
6.89818e-43
8.83512e-44
1.12631e-44
1.42932e-45
1.80583e-46
2.27171e-47
2.84579e-48
3.5504e-49
4.41184e-50
5.46101e-51
6.73412e-52
