VARIABLEs = X,u
ZONE I=101
datapacking=block
0
0.01
0.02
0.03
0.04
0.05
0.06
0.07
0.08
0.09
0.1
0.11
0.12
0.13
0.14
0.15
0.16
0.17
0.18
0.19
0.2
0.21
0.22
0.23
0.24
0.25
0.26
0.27
0.28
0.29
0.3
0.31
0.32
0.33
0.34
0.35
0.36
0.37
0.38
0.39
0.4
0.41
0.42
0.43
0.44
0.45
0.46
0.47
0.48
0.49
0.5
0.51
0.52
0.53
0.54
0.55
0.56
0.57
0.58
0.59
0.6
0.61
0.62
0.63
0.64
0.65
0.66
0.67
0.68
0.69
0.7
0.71
0.72
0.73
0.74
0.75
0.76
0.77
0.78
0.79
0.8
0.81
0.82
0.83
0.84
0.85
0.86
0.87
0.88
0.89
0.9
0.91
0.92
0.93
0.94
0.95
0.96
0.97
0.98
0.99
1
0
2.29161e-17
8.60395e-16
1.62015e-14
2.04014e-13
1.93274e-12
1.46939e-11
9.33876e-11
5.10362e-10
2.44834e-09
1.04743e-08
4.04624e-08
1.4257e-07
4.62044e-07
1.38696e-06
3.87941e-06
1.01634e-05
2.50522e-05
5.83331e-05
0.000128761
0.00027029
0.000541126
0.0010359
0.00190073
0.00335009
0.00568335
0.00929777
0.0146941
0.0224707
0.0333023
0.047903
0.0669723
0.0911306
0.120848
0.156378
0.197703
0.244502
0.296146
0.351724
0.410094
0.469961
0.529964
0.588769
0.645156
0.698085
0.746748
0.790589
0.829309
0.862841
0.891314
0.915002
0.934272
0.949521
0.961125
0.969386
0.97449
0.976481
0.975244
0.970505
0.961859
0.948807
0.93082
0.907407
0.878195
0.843004
0.801903
0.75525
0.703699
0.648181
0.589848
0.530004
0.470015
0.411218
0.354836
0.301909
0.253246
0.2094
0.170665
0.1371
0.108557
0.0847273
0.0651866
0.0494426
0.036974
0.0272644
0.0198268
0.014221
0.0100621
0.00702421
0.00483863
0.00328954
0.00220752
0.00146252
0.000956753
0.000618114
0.00039444
0.00024866
0.000154888
9.53414e-05
5.80055e-05
3.48858e-05
