VARIABLEs = X,u
ZONE I=101
datapacking=block
0
0.01
0.02
0.03
0.04
0.05
0.06
0.07
0.08
0.09
0.1
0.11
0.12
0.13
0.14
0.15
0.16
0.17
0.18
0.19
0.2
0.21
0.22
0.23
0.24
0.25
0.26
0.27
0.28
0.29
0.3
0.31
0.32
0.33
0.34
0.35
0.36
0.37
0.38
0.39
0.4
0.41
0.42
0.43
0.44
0.45
0.46
0.47
0.48
0.49
0.5
0.51
0.52
0.53
0.54
0.55
0.56
0.57
0.58
0.59
0.6
0.61
0.62
0.63
0.64
0.65
0.66
0.67
0.68
0.69
0.7
0.71
0.72
0.73
0.74
0.75
0.76
0.77
0.78
0.79
0.8
0.81
0.82
0.83
0.84
0.85
0.86
0.87
0.88
0.89
0.9
0.91
0.92
0.93
0.94
0.95
0.96
0.97
0.98
0.99
1
0
4.95634e-05
0.000518162
0.00275466
0.00993855
0.0274085
0.0617131
0.118368
0.199303
0.301391
0.416885
0.535529
0.647309
0.744694
0.823691
0.883708
0.926629
0.95565
0.974273
0.985654
0.992297
0.996011
0.998005
0.999035
0.999548
0.999794
0.999909
0.999961
0.999984
0.999993
0.999997
0.999949
0.999481
0.997245
0.990061
0.972592
0.938287
0.881632
0.800697
0.698609
0.583115
0.464471
0.352691
0.255306
0.176309
0.116292
0.0733706
0.0443499
0.0257269
0.0143462
0.00770297
0.00398878
0.00199502
0.000965182
0.000452299
0.000205571
9.07302e-05
3.89314e-05
1.62586e-05
6.61526e-06
2.62492e-06
1.01669e-06
3.84718e-07
1.42342e-07
5.15343e-08
1.82706e-08
6.34754e-09
2.16241e-09
7.22812e-10
2.37205e-10
7.64681e-11
2.42286e-11
7.54902e-12
2.31409e-12
6.98229e-13
2.07462e-13
6.07278e-14
1.75195e-14
4.98319e-15
1.39801e-15
3.86977e-16
1.05725e-16
2.85192e-17
7.59795e-18
1.99981e-18
5.20163e-19
1.33743e-19
3.4002e-20
8.54968e-21
2.12675e-21
5.23492e-22
1.27536e-22
3.07596e-23
7.34598e-24
1.73753e-24
4.07112e-25
9.45109e-26
2.1743e-26
4.95799e-27
1.12077e-27
2.51207e-28
