VARIABLEs = X,u
ZONE I=101
datapacking=block
0
0.01
0.02
0.03
0.04
0.05
0.06
0.07
0.08
0.09
0.1
0.11
0.12
0.13
0.14
0.15
0.16
0.17
0.18
0.19
0.2
0.21
0.22
0.23
0.24
0.25
0.26
0.27
0.28
0.29
0.3
0.31
0.32
0.33
0.34
0.35
0.36
0.37
0.38
0.39
0.4
0.41
0.42
0.43
0.44
0.45
0.46
0.47
0.48
0.49
0.5
0.51
0.52
0.53
0.54
0.55
0.56
0.57
0.58
0.59
0.6
0.61
0.62
0.63
0.64
0.65
0.66
0.67
0.68
0.69
0.7
0.71
0.72
0.73
0.74
0.75
0.76
0.77
0.78
0.79
0.8
0.81
0.82
0.83
0.84
0.85
0.86
0.87
0.88
0.89
0.9
0.91
0.92
0.93
0.94
0.95
0.96
0.97
0.98
0.99
1
0
4.28649e-08
7.36497e-07
6.38014e-06
3.71637e-05
0.000163796
0.000582833
0.00174471
0.00452114
0.010358
0.0213241
0.0399665
0.0689317
0.110404
0.165508
0.233851
0.313377
0.400585
0.491057
0.580159
0.663718
0.738542
0.802676
0.855415
0.897105
0.928847
0.952163
0.968712
0.980079
0.987645
0.992531
0.995596
0.997464
0.998569
0.99918
0.999416
0.999196
0.998142
0.995421
0.989614
0.978662
0.960027
0.931065
0.889594
0.834491
0.766149
0.686623
0.599415
0.508943
0.419841
0.336282
0.261458
0.197324
0.144585
0.102895
0.0711528
0.0478371
0.0312878
0.0199206
0.0123547
0.00746898
0.00440427
0.00253489
0.00142494
0.000782822
0.000420558
0.000221078
0.000113781
5.7365e-05
2.8347e-05
1.37366e-05
6.531e-06
3.04803e-06
1.39701e-06
6.29095e-07
2.78456e-07
1.21199e-07
5.18946e-08
2.18671e-08
9.07122e-09
3.70599e-09
1.49161e-09
5.91651e-10
2.31352e-10
8.921e-11
3.39326e-11
1.27353e-11
4.71751e-12
1.72522e-12
6.23041e-13
2.2225e-13
7.83294e-14
2.72816e-14
9.39236e-15
3.19697e-15
1.0761e-15
3.58271e-16
1.18005e-16
3.84596e-17
1.24054e-17
3.96091e-18
