VARIABLEs = X,u
ZONE I=101
datapacking=block
0
0.01
0.02
0.03
0.04
0.05
0.06
0.07
0.08
0.09
0.1
0.11
0.12
0.13
0.14
0.15
0.16
0.17
0.18
0.19
0.2
0.21
0.22
0.23
0.24
0.25
0.26
0.27
0.28
0.29
0.3
0.31
0.32
0.33
0.34
0.35
0.36
0.37
0.38
0.39
0.4
0.41
0.42
0.43
0.44
0.45
0.46
0.47
0.48
0.49
0.5
0.51
0.52
0.53
0.54
0.55
0.56
0.57
0.58
0.59
0.6
0.61
0.62
0.63
0.64
0.65
0.66
0.67
0.68
0.69
0.7
0.71
0.72
0.73
0.74
0.75
0.76
0.77
0.78
0.79
0.8
0.81
0.82
0.83
0.84
0.85
0.86
0.87
0.88
0.89
0.9
0.91
0.92
0.93
0.94
0.95
0.96
0.97
0.98
0.99
1
0
5.46149e-24
2.84494e-22
7.42519e-21
1.29466e-19
1.69658e-18
1.78236e-17
1.5637e-16
1.17837e-15
7.78654e-15
4.58336e-14
2.43332e-13
1.17696e-12
5.22977e-12
2.14977e-11
8.22382e-11
2.94278e-10
9.89431e-10
3.13809e-09
9.42127e-09
2.68579e-08
7.29063e-08
1.88925e-07
4.68423e-07
1.11359e-06
2.54322e-06
5.58963e-06
1.18422e-05
2.42211e-05
4.78937e-05
9.16769e-05
0.000170089
0.000306217
0.000535547
0.000910813
0.00150783
0.00243204
0.00382536
0.00587254
0.00880619
0.0129092
0.0185135
0.0259942
0.035758
0.0482259
0.0638109
0.0828906
0.105779
0.132695
0.163741
0.198877
0.237909
0.28049
0.326123
0.374182
0.423939
0.474599
0.525338
0.575343
0.623847
0.670162
0.713703
0.754002
0.790709
0.823592
0.852522
0.877449
0.898381
0.915358
0.928422
0.937598
0.942875
0.9442
0.941474
0.934563
0.923312
0.907574
0.887232
0.862234
0.832616
0.798532
0.760266
0.718237
0.672998
0.625216
0.575651
0.525122
0.474468
0.424513
0.376027
0.329696
0.286094
0.245672
0.208743
0.175489
0.145966
0.120116
0.0977914
0.078768
0.0627709
0.0494926
