VARIABLEs = X,u
ZONE I=101
datapacking=block
0
0.01
0.02
0.03
0.04
0.05
0.06
0.07
0.08
0.09
0.1
0.11
0.12
0.13
0.14
0.15
0.16
0.17
0.18
0.19
0.2
0.21
0.22
0.23
0.24
0.25
0.26
0.27
0.28
0.29
0.3
0.31
0.32
0.33
0.34
0.35
0.36
0.37
0.38
0.39
0.4
0.41
0.42
0.43
0.44
0.45
0.46
0.47
0.48
0.49
0.5
0.51
0.52
0.53
0.54
0.55
0.56
0.57
0.58
0.59
0.6
0.61
0.62
0.63
0.64
0.65
0.66
0.67
0.68
0.69
0.7
0.71
0.72
0.73
0.74
0.75
0.76
0.77
0.78
0.79
0.8
0.81
0.82
0.83
0.84
0.85
0.86
0.87
0.88
0.89
0.9
0.91
0.92
0.93
0.94
0.95
0.96
0.97
0.98
0.99
1
0
6.76941e-13
1.87697e-11
2.61377e-10
2.43749e-09
1.71263e-08
9.67128e-08
4.57264e-07
1.86201e-06
6.66687e-06
2.13241e-05
6.16983e-05
0.000163134
0.000397512
0.000899049
0.00189886
0.00376519
0.00704186
0.0124738
0.0210057
0.0337424
0.0518632
0.076495
0.108557
0.148603
0.196688
0.252292
0.314312
0.381135
0.450779
0.521077
0.589884
0.655261
0.715623
0.769833
0.81723
0.857609
0.891157
0.918357
0.939891
0.956546
0.969121
0.978363
0.984903
0.989214
0.991565
0.991986
0.990243
0.985819
0.977938
0.965614
0.947751
0.923277
0.891311
0.851321
0.803269
0.747684
0.685675
0.618858
0.549218
0.478921
0.410115
0.344739
0.284377
0.230167
0.18277
0.14239
0.108843
0.0816415
0.0601019
0.0434326
0.030817
0.0214742
0.0146996
0.00988719
0.00653642
0.00424842
0.00271555
0.00170747
0.00105642
0.000643328
0.000385706
0.000227734
0.000132454
7.59074e-05
4.28741e-05
2.38731e-05
1.31079e-05
7.09863e-06
3.7926e-06
1.99949e-06
1.04045e-06
5.34492e-07
2.71125e-07
1.35831e-07
6.72233e-08
3.28714e-08
1.58847e-08
7.58729e-09
3.58279e-09
1.67287e-09
