VARIABLEs = X,u
ZONE I=101
datapacking=block
0
0.01
0.02
0.03
0.04
0.05
0.06
0.07
0.08
0.09
0.1
0.11
0.12
0.13
0.14
0.15
0.16
0.17
0.18
0.19
0.2
0.21
0.22
0.23
0.24
0.25
0.26
0.27
0.28
0.29
0.3
0.31
0.32
0.33
0.34
0.35
0.36
0.37
0.38
0.39
0.4
0.41
0.42
0.43
0.44
0.45
0.46
0.47
0.48
0.49
0.5
0.51
0.52
0.53
0.54
0.55
0.56
0.57
0.58
0.59
0.6
0.61
0.62
0.63
0.64
0.65
0.66
0.67
0.68
0.69
0.7
0.71
0.72
0.73
0.74
0.75
0.76
0.77
0.78
0.79
0.8
0.81
0.82
0.83
0.84
0.85
0.86
0.87
0.88
0.89
0.9
0.91
0.92
0.93
0.94
0.95
0.96
0.97
0.98
0.99
1
0
7.75766e-22
3.67431e-20
8.72166e-19
1.38339e-17
1.64956e-16
1.57726e-15
1.25975e-14
8.64474e-14
5.20315e-13
2.79045e-12
1.35014e-11
5.95318e-11
2.41212e-10
9.0441e-10
3.1567e-09
1.03094e-08
3.16457e-08
9.1661e-08
2.51399e-07
6.54947e-07
1.6253e-06
3.85164e-06
8.73671e-06
1.90089e-05
3.97478e-05
8.00189e-05
0.000155351
0.000291305
0.000528341
0.000928106
0.00158106
0.00261505
0.00420424
0.00657707
0.0100221
0.0148899
0.0215893
0.0305767
0.0423377
0.057361
0.0761061
0.0989659
0.126229
0.158047
0.1944
0.235086
0.279711
0.327704
0.378332
0.430744
0.484014
0.537187
0.589335
0.6396
0.68723
0.731611
0.772279
0.808923
0.841373
0.86958
0.89359
0.913507
0.929458
0.941563
0.949902
0.954495
0.955288
0.952156
0.944912
0.933329
0.91717
0.896232
0.870377
0.839581
0.80396
0.763792
0.719528
0.671787
0.62133
0.569033
0.51584
0.462716
0.410597
0.360344
0.312707
0.268295
0.227557
0.19078
0.158096
0.12949
0.104828
0.0838776
0.0663372
0.0518593
0.0400754
0.0306153
0.0231228
0.017267
0.0127499
0.00931003
