VARIABLEs = X,u
ZONE I=101
datapacking=block
0
0.01
0.02
0.03
0.04
0.05
0.06
0.07
0.08
0.09
0.1
0.11
0.12
0.13
0.14
0.15
0.16
0.17
0.18
0.19
0.2
0.21
0.22
0.23
0.24
0.25
0.26
0.27
0.28
0.29
0.3
0.31
0.32
0.33
0.34
0.35
0.36
0.37
0.38
0.39
0.4
0.41
0.42
0.43
0.44
0.45
0.46
0.47
0.48
0.49
0.5
0.51
0.52
0.53
0.54
0.55
0.56
0.57
0.58
0.59
0.6
0.61
0.62
0.63
0.64
0.65
0.66
0.67
0.68
0.69
0.7
0.71
0.72
0.73
0.74
0.75
0.76
0.77
0.78
0.79
0.8
0.81
0.82
0.83
0.84
0.85
0.86
0.87
0.88
0.89
0.9
0.91
0.92
0.93
0.94
0.95
0.96
0.97
0.98
0.99
1
0
0.385543
0.736037
0.911284
0.97501
0.993838
0.998631
0.99972
0.999947
0.99999
0.999998
1
1
1
1
1
1
1
1
1
1
1
1
1
1
1
1
1
1
1
1
0.614457
0.263963
0.0887159
0.0249897
0.00616151
0.00136888
0.00027965
5.33162e-05
9.5925e-06
1.64274e-06
2.69599e-07
4.26334e-08
6.52533e-09
9.70235e-10
1.40578e-10
1.99001e-11
2.75847e-12
3.75135e-13
5.01348e-14
6.59412e-15
8.54666e-16
1.09282e-16
1.37991e-17
1.72224e-18
2.1263e-19
2.59871e-20
3.14611e-21
3.77514e-22
4.49229e-23
5.30382e-24
6.21574e-25
7.23363e-26
8.36266e-27
9.60741e-28
1.09719e-28
1.24595e-29
1.40728e-30
1.58138e-31
1.76834e-32
1.96819e-33
2.18087e-34
2.40623e-35
2.64405e-36
2.89401e-37
3.15571e-38
3.42867e-39
3.71234e-40
4.00609e-41
4.30921e-42
4.62096e-43
4.9405e-44
5.26697e-45
5.59946e-46
5.937e-47
6.2786e-48
6.62326e-49
6.96993e-50
7.31758e-51
7.66514e-52
8.01156e-53
8.3558e-54
8.69683e-55
9.03363e-56
9.36521e-57
9.69061e-58
1.00089e-58
1.03192e-59
1.06206e-60
1.09124e-61
1.11938e-62
