VARIABLEs = X,u
ZONE I=101
datapacking=block
0
0.01
0.02
0.03
0.04
0.05
0.06
0.07
0.08
0.09
0.1
0.11
0.12
0.13
0.14
0.15
0.16
0.17
0.18
0.19
0.2
0.21
0.22
0.23
0.24
0.25
0.26
0.27
0.28
0.29
0.3
0.31
0.32
0.33
0.34
0.35
0.36
0.37
0.38
0.39
0.4
0.41
0.42
0.43
0.44
0.45
0.46
0.47
0.48
0.49
0.5
0.51
0.52
0.53
0.54
0.55
0.56
0.57
0.58
0.59
0.6
0.61
0.62
0.63
0.64
0.65
0.66
0.67
0.68
0.69
0.7
0.71
0.72
0.73
0.74
0.75
0.76
0.77
0.78
0.79
0.8
0.81
0.82
0.83
0.84
0.85
0.86
0.87
0.88
0.89
0.9
0.91
0.92
0.93
0.94
0.95
0.96
0.97
0.98
0.99
1
0
5.10872e-07
7.57019e-06
5.66645e-05
0.000285772
0.00109285
0.00338203
0.00882749
0.0200013
0.0401903
0.0728191
0.120576
0.184514
0.263469
0.354018
0.451035
0.54864
0.641254
0.724458
0.795475
0.853241
0.89814
0.931572
0.955472
0.971908
0.982804
0.989777
0.994093
0.996679
0.998182
0.99903
0.999495
0.999736
0.999816
0.999653
0.998878
0.996604
0.991166
0.979996
0.959808
0.92718
0.879424
0.815486
0.736531
0.645982
0.548965
0.45136
0.358746
0.275542
0.204525
0.146759
0.10186
0.068428
0.0445285
0.0280917
0.0171961
0.0102229
0.00590733
0.00332089
0.00181773
0.000969557
0.000504345
0.00025605
0.000126965
6.15337e-05
2.91678e-05
1.35313e-05
6.14734e-06
2.7366e-06
1.19441e-06
5.11398e-07
2.14906e-07
8.86839e-08
3.59546e-08
1.43278e-08
5.61449e-09
2.16438e-09
8.2116e-10
3.06733e-10
1.12849e-10
4.0907e-11
1.46154e-11
5.1485e-12
1.78876e-12
6.13138e-13
2.07411e-13
6.92622e-14
2.28389e-14
7.43849e-15
2.39353e-15
7.6111e-16
2.3923e-16
7.43443e-17
2.28476e-17
6.9453e-18
2.08878e-18
6.21634e-19
1.83107e-19
5.33934e-20
1.54158e-20
4.40774e-21
