VARIABLEs = X,u
ZONE I=101
datapacking=block
0
0.01
0.02
0.03
0.04
0.05
0.06
0.07
0.08
0.09
0.1
0.11
0.12
0.13
0.14
0.15
0.16
0.17
0.18
0.19
0.2
0.21
0.22
0.23
0.24
0.25
0.26
0.27
0.28
0.29
0.3
0.31
0.32
0.33
0.34
0.35
0.36
0.37
0.38
0.39
0.4
0.41
0.42
0.43
0.44
0.45
0.46
0.47
0.48
0.49
0.5
0.51
0.52
0.53
0.54
0.55
0.56
0.57
0.58
0.59
0.6
0.61
0.62
0.63
0.64
0.65
0.66
0.67
0.68
0.69
0.7
0.71
0.72
0.73
0.74
0.75
0.76
0.77
0.78
0.79
0.8
0.81
0.82
0.83
0.84
0.85
0.86
0.87
0.88
0.89
0.9
0.91
0.92
0.93
0.94
0.95
0.96
0.97
0.98
0.99
1
0
4.41828e-10
9.51938e-09
1.03183e-07
7.50315e-07
4.11834e-06
1.82028e-05
6.74985e-05
0.000216026
0.000609286
0.00153881
0.00352461
0.00739774
0.0143518
0.0259256
0.0438876
0.0700141
0.10579
0.152087
0.208907
0.275243
0.349116
0.427786
0.508082
0.586791
0.661028
0.728516
0.787745
0.838
0.879281
0.91215
0.937549
0.956617
0.970538
0.980433
0.987282
0.991895
0.994896
0.99671
0.997552
0.997383
0.995855
0.992252
0.985454
0.973969
0.956056
0.929956
0.894195
0.847905
0.791089
0.724755
0.650883
0.572213
0.491918
0.413209
0.338972
0.271484
0.212255
0.162
0.120719
0.0878501
0.0624511
0.0433832
0.0294614
0.0195667
0.0127144
0.00808687
0.00503692
0.00307356
0.00183824
0.00107805
0.0006202
0.000350163
0.000194102
0.000105679
5.65343e-05
2.97283e-05
1.53717e-05
7.81849e-06
3.91316e-06
1.92789e-06
9.35252e-07
4.46896e-07
2.10402e-07
9.76313e-08
4.46633e-08
2.01492e-08
8.96657e-09
3.93708e-09
1.70613e-09
7.29876e-10
3.08311e-10
1.28628e-10
5.30135e-11
2.15893e-11
8.6893e-12
3.45713e-12
1.35994e-12
5.29036e-13
2.03559e-13
7.74855e-14
