VARIABLEs = X,u
ZONE I=101
datapacking=block
0
0.01
0.02
0.03
0.04
0.05
0.06
0.07
0.08
0.09
0.1
0.11
0.12
0.13
0.14
0.15
0.16
0.17
0.18
0.19
0.2
0.21
0.22
0.23
0.24
0.25
0.26
0.27
0.28
0.29
0.3
0.31
0.32
0.33
0.34
0.35
0.36
0.37
0.38
0.39
0.4
0.41
0.42
0.43
0.44
0.45
0.46
0.47
0.48
0.49
0.5
0.51
0.52
0.53
0.54
0.55
0.56
0.57
0.58
0.59
0.6
0.61
0.62
0.63
0.64
0.65
0.66
0.67
0.68
0.69
0.7
0.71
0.72
0.73
0.74
0.75
0.76
0.77
0.78
0.79
0.8
0.81
0.82
0.83
0.84
0.85
0.86
0.87
0.88
0.89
0.9
0.91
0.92
0.93
0.94
0.95
0.96
0.97
0.98
0.99
1
0
2.50954e-23
1.27074e-21
3.2242e-20
5.46552e-19
6.96374e-18
7.11356e-17
6.06874e-16
4.44749e-15
2.85823e-14
1.63639e-13
8.45065e-13
3.97624e-12
1.71889e-11
6.87458e-11
2.55891e-10
8.91049e-10
2.91562e-09
9.00015e-09
2.63011e-08
7.29889e-08
1.92892e-07
4.86679e-07
1.17502e-06
2.72037e-06
6.05109e-06
1.29547e-05
2.67379e-05
5.32833e-05
0.000102668
0.00019153
0.000346364
0.000607903
0.00103662
0.00171926
0.00277607
0.00436815
0.006704
0.0100442
0.0147029
0.0210449
0.0294768
0.0404326
0.0543527
0.0716572
0.0927158
0.117816
0.147132
0.180702
0.218404
0.259953
0.304901
0.352654
0.402493
0.453614
0.505163
0.556283
0.606151
0.654017
0.699233
0.741271
0.779732
0.814346
0.844958
0.871508
0.894009
0.912516
0.927095
0.9378
0.944652
0.947622
0.946628
0.941538
0.932188
0.918401
0.900017
0.876927
0.849103
0.81663
0.779724
0.738747
0.694204
0.646737
0.597095
0.546109
0.494649
0.443585
0.393745
0.34588
0.300633
0.258518
0.219909
0.185038
0.154001
0.12677
0.103213
0.0831152
0.0662008
0.0521551
0.0406444
0.0313326
