VARIABLEs = X,u
ZONE I=101
datapacking=block
0
0.01
0.02
0.03
0.04
0.05
0.06
0.07
0.08
0.09
0.1
0.11
0.12
0.13
0.14
0.15
0.16
0.17
0.18
0.19
0.2
0.21
0.22
0.23
0.24
0.25
0.26
0.27
0.28
0.29
0.3
0.31
0.32
0.33
0.34
0.35
0.36
0.37
0.38
0.39
0.4
0.41
0.42
0.43
0.44
0.45
0.46
0.47
0.48
0.49
0.5
0.51
0.52
0.53
0.54
0.55
0.56
0.57
0.58
0.59
0.6
0.61
0.62
0.63
0.64
0.65
0.66
0.67
0.68
0.69
0.7
0.71
0.72
0.73
0.74
0.75
0.76
0.77
0.78
0.79
0.8
0.81
0.82
0.83
0.84
0.85
0.86
0.87
0.88
0.89
0.9
0.91
0.92
0.93
0.94
0.95
0.96
0.97
0.98
0.99
1
0
3.11052e-12
8.17219e-11
1.07866e-09
9.53751e-09
6.35588e-08
3.40541e-07
1.52821e-06
5.90868e-06
2.00955e-05
6.10795e-05
0.00016801
0.000422524
0.000979754
0.0021098
0.00424515
0.00802407
0.0143151
0.0242059
0.038942
0.0598124
0.0879875
0.124335
0.169243
0.222493
0.283207
0.349882
0.42052
0.492823
0.564422
0.633103
0.696997
0.754707
0.805368
0.848632
0.884608
0.913763
0.936806
0.95458
0.967963
0.977791
0.984794
0.989553
0.992457
0.993669
0.993087
0.990318
0.984672
0.975185
0.960698
0.939978
0.911892
0.875598
0.83072
0.777486
0.716782
0.650112
0.579477
0.507175
0.435577
0.366897
0.303003
0.245293
0.194632
0.151368
0.115391
0.0862367
0.0631926
0.0454141
0.0320165
0.0221478
0.0150379
0.0100247
0.00656316
0.00422134
0.00266819
0.00165786
0.00101293
0.000608752
0.000359969
0.0002095
0.000120039
6.77339e-05
3.76493e-05
2.06203e-05
1.1131e-05
5.92373e-06
3.10873e-06
1.6092e-06
8.21826e-07
4.14188e-07
2.06045e-07
1.01198e-07
4.90824e-08
2.35133e-08
1.11282e-08
5.20416e-09
2.40534e-09
1.09897e-09
4.96433e-10
2.21759e-10
