VARIABLEs = X,u
ZONE I=101
datapacking=block
0
0.01
0.02
0.03
0.04
0.05
0.06
0.07
0.08
0.09
0.1
0.11
0.12
0.13
0.14
0.15
0.16
0.17
0.18
0.19
0.2
0.21
0.22
0.23
0.24
0.25
0.26
0.27
0.28
0.29
0.3
0.31
0.32
0.33
0.34
0.35
0.36
0.37
0.38
0.39
0.4
0.41
0.42
0.43
0.44
0.45
0.46
0.47
0.48
0.49
0.5
0.51
0.52
0.53
0.54
0.55
0.56
0.57
0.58
0.59
0.6
0.61
0.62
0.63
0.64
0.65
0.66
0.67
0.68
0.69
0.7
0.71
0.72
0.73
0.74
0.75
0.76
0.77
0.78
0.79
0.8
0.81
0.82
0.83
0.84
0.85
0.86
0.87
0.88
0.89
0.9
0.91
0.92
0.93
0.94
0.95
0.96
0.97
0.98
0.99
1
0
2.45653e-09
4.89072e-08
4.90189e-07
3.29834e-06
1.67647e-05
6.86715e-05
0.000236189
0.000701756
0.00183922
0.00432097
0.00921677
0.0180373
0.0326714
0.0551854
0.0874944
0.130965
0.186044
0.25202
0.326994
0.408066
0.491718
0.574283
0.652413
0.72344
0.785588
0.838019
0.880734
0.914388
0.940066
0.959062
0.972705
0.982227
0.988692
0.992964
0.995705
0.997384
0.998279
0.998451
0.997686
0.995419
0.990643
0.981889
0.96729
0.944795
0.912496
0.869031
0.813954
0.747979
0.673005
0.591934
0.508282
0.425717
0.347587
0.27656
0.214412
0.161981
0.119266
0.085612
0.0599344
0.0409378
0.0272948
0.0177727
0.0113074
0.00703287
0.0042784
0.00254702
0.00148459
0.000847646
0.000474319
0.000260244
0.00014007
7.39876e-05
3.83718e-05
1.95473e-05
9.78509e-06
4.81521e-06
2.33027e-06
1.10943e-06
5.19817e-07
2.39779e-07
1.08925e-07
4.87466e-08
2.14978e-08
9.34569e-09
4.00612e-09
1.69378e-09
7.06526e-10
2.90842e-10
1.18183e-10
4.74166e-11
1.87884e-11
7.35425e-12
2.84428e-12
1.08715e-12
4.10758e-13
1.53444e-13
5.66851e-14
2.07124e-14
7.48721e-15
2.67803e-15
