VARIABLEs = X,u
ZONE I=101
datapacking=block
0
0.01
0.02
0.03
0.04
0.05
0.06
0.07
0.08
0.09
0.1
0.11
0.12
0.13
0.14
0.15
0.16
0.17
0.18
0.19
0.2
0.21
0.22
0.23
0.24
0.25
0.26
0.27
0.28
0.29
0.3
0.31
0.32
0.33
0.34
0.35
0.36
0.37
0.38
0.39
0.4
0.41
0.42
0.43
0.44
0.45
0.46
0.47
0.48
0.49
0.5
0.51
0.52
0.53
0.54
0.55
0.56
0.57
0.58
0.59
0.6
0.61
0.62
0.63
0.64
0.65
0.66
0.67
0.68
0.69
0.7
0.71
0.72
0.73
0.74
0.75
0.76
0.77
0.78
0.79
0.8
0.81
0.82
0.83
0.84
0.85
0.86
0.87
0.88
0.89
0.9
0.91
0.92
0.93
0.94
0.95
0.96
0.97
0.98
0.99
1
0
0.179859
0.474173
0.728354
0.882403
0.955926
0.985335
0.995584
0.998778
0.999686
0.999924
0.999983
0.999996
0.999999
1
1
1
1
1
1
1
1
1
1
1
1
1
1
1
1
1
0.820141
0.525827
0.271646
0.117597
0.0440741
0.0146647
0.00441603
0.00122162
0.000314124
7.57908e-05
1.72907e-05
3.75354e-06
7.79463e-07
1.5553e-07
2.99329e-08
5.57471e-09
1.00755e-09
1.77156e-10
3.03694e-11
5.08561e-12
8.33328e-13
1.33819e-13
2.10884e-14
3.2653e-15
4.97328e-16
7.45828e-17
1.10232e-17
1.60701e-18
2.31258e-19
3.28738e-20
4.61912e-21
6.41923e-22
8.82797e-23
1.20203e-23
1.62124e-24
2.16697e-25
2.87148e-26
3.77378e-27
4.92058e-28
6.36756e-29
8.18052e-30
1.04368e-30
1.32268e-31
1.66554e-32
2.08436e-33
2.59305e-34
3.20748e-35
3.94566e-36
4.82798e-37
5.87732e-38
7.11933e-39
8.58257e-40
1.02987e-40
1.23026e-41
1.46329e-42
1.73314e-43
2.04442e-44
2.40209e-45
2.81154e-46
3.27857e-47
3.8094e-48
4.41069e-49
5.08951e-50
5.85338e-51
6.71025e-52
7.66848e-53
8.73687e-54
9.92458e-55
1.12412e-55
1.26967e-56
