VARIABLEs = X,u
ZONE I=101
datapacking=block
0
0.01
0.02
0.03
0.04
0.05
0.06
0.07
0.08
0.09
0.1
0.11
0.12
0.13
0.14
0.15
0.16
0.17
0.18
0.19
0.2
0.21
0.22
0.23
0.24
0.25
0.26
0.27
0.28
0.29
0.3
0.31
0.32
0.33
0.34
0.35
0.36
0.37
0.38
0.39
0.4
0.41
0.42
0.43
0.44
0.45
0.46
0.47
0.48
0.49
0.5
0.51
0.52
0.53
0.54
0.55
0.56
0.57
0.58
0.59
0.6
0.61
0.62
0.63
0.64
0.65
0.66
0.67
0.68
0.69
0.7
0.71
0.72
0.73
0.74
0.75
0.76
0.77
0.78
0.79
0.8
0.81
0.82
0.83
0.84
0.85
0.86
0.87
0.88
0.89
0.9
0.91
0.92
0.93
0.94
0.95
0.96
0.97
0.98
0.99
1
0
1.70344e-10
3.82499e-09
4.31955e-08
3.27141e-07
1.86948e-06
8.59968e-06
3.31751e-05
0.000110412
0.000323692
0.000849351
0.00202014
0.00440041
0.00885441
0.0165788
0.0290683
0.0479918
0.0749792
0.111347
0.157818
0.214294
0.279754
0.3523
0.429341
0.507906
0.584982
0.657854
0.724357
0.783022
0.833116
0.874573
0.907865
0.933834
0.953532
0.968075
0.978533
0.985862
0.990858
0.994136
0.996114
0.996987
0.996691
0.994846
0.990713
0.983177
0.970797
0.951935
0.924981
0.888632
0.842172
0.785701
0.720243
0.647699
0.570658
0.492094
0.415018
0.342146
0.275643
0.216978
0.166884
0.125427
0.0921353
0.0661661
0.0464678
0.0319248
0.0214647
0.014129
0.00910888
0.00575391
0.00356275
0.00216327
0.00128859
0.000753311
0.000432375
0.000243749
0.000135016
7.35106e-05
3.93545e-05
2.07238e-05
1.07381e-05
5.47657e-06
2.75016e-06
1.36022e-06
6.62819e-07
3.18307e-07
1.5069e-07
7.03454e-08
3.23902e-08
1.47141e-08
6.59642e-09
2.91906e-09
1.27539e-09
5.50312e-10
2.34553e-10
9.87721e-11
4.11038e-11
1.69073e-11
6.87542e-12
2.76467e-12
1.09948e-12
4.32528e-13
