VARIABLEs = X,u
ZONE I=101
datapacking=block
0
0.01
0.02
0.03
0.04
0.05
0.06
0.07
0.08
0.09
0.1
0.11
0.12
0.13
0.14
0.15
0.16
0.17
0.18
0.19
0.2
0.21
0.22
0.23
0.24
0.25
0.26
0.27
0.28
0.29
0.3
0.31
0.32
0.33
0.34
0.35
0.36
0.37
0.38
0.39
0.4
0.41
0.42
0.43
0.44
0.45
0.46
0.47
0.48
0.49
0.5
0.51
0.52
0.53
0.54
0.55
0.56
0.57
0.58
0.59
0.6
0.61
0.62
0.63
0.64
0.65
0.66
0.67
0.68
0.69
0.7
0.71
0.72
0.73
0.74
0.75
0.76
0.77
0.78
0.79
0.8
0.81
0.82
0.83
0.84
0.85
0.86
0.87
0.88
0.89
0.9
0.91
0.92
0.93
0.94
0.95
0.96
0.97
0.98
0.99
1
0
1.72943e-11
4.26068e-10
5.27561e-09
4.3778e-08
2.73917e-07
1.37859e-06
5.814e-06
2.11363e-05
6.76257e-05
0.000193476
0.000501236
0.00118797
0.00259787
0.00527962
0.0100336
0.0179282
0.0302634
0.0484695
0.0739395
0.107818
0.150783
0.202861
0.263332
0.330734
0.402988
0.477606
0.551963
0.623566
0.690287
0.750524
0.803278
0.848141
0.88523
0.915064
0.938437
0.956285
0.969576
0.979231
0.986055
0.990702
0.993638
0.995108
0.995104
0.99332
0.989128
0.981578
0.969451
0.951368
0.925969
0.892131
0.84919
0.797124
0.73666
0.669262
0.59701
0.522393
0.448037
0.376434
0.309713
0.249476
0.196722
0.151859
0.11477
0.0849356
0.0615625
0.043714
0.0304178
0.0207478
0.013877
0.00910431
0.00586104
0.00370365
0.00229808
0.00140066
0.000838838
0.000493802
0.000285826
0.00016273
9.11567e-05
5.02578e-05
2.72801e-05
1.4583e-05
7.67949e-06
3.98499e-06
2.03823e-06
1.02784e-06
5.11164e-07
2.50766e-07
1.21383e-07
5.79879e-08
2.73467e-08
1.2734e-08
5.8561e-09
2.66033e-09
1.19408e-09
5.2966e-10
2.32225e-10
1.0066e-10
4.3144e-11
1.82887e-11
