VARIABLEs = X,u
ZONE I=101
datapacking=block
0
0.01
0.02
0.03
0.04
0.05
0.06
0.07
0.08
0.09
0.1
0.11
0.12
0.13
0.14
0.15
0.16
0.17
0.18
0.19
0.2
0.21
0.22
0.23
0.24
0.25
0.26
0.27
0.28
0.29
0.3
0.31
0.32
0.33
0.34
0.35
0.36
0.37
0.38
0.39
0.4
0.41
0.42
0.43
0.44
0.45
0.46
0.47
0.48
0.49
0.5
0.51
0.52
0.53
0.54
0.55
0.56
0.57
0.58
0.59
0.6
0.61
0.62
0.63
0.64
0.65
0.66
0.67
0.68
0.69
0.7
0.71
0.72
0.73
0.74
0.75
0.76
0.77
0.78
0.79
0.8
0.81
0.82
0.83
0.84
0.85
0.86
0.87
0.88
0.89
0.9
0.91
0.92
0.93
0.94
0.95
0.96
0.97
0.98
0.99
1
0
3.55271e-15
1.42109e-14
5.32907e-14
1.98952e-13
7.42517e-13
2.77112e-12
1.03419e-11
3.85967e-11
1.44045e-10
5.37581e-10
2.00627e-09
7.48724e-09
2.79396e-08
1.04234e-07
3.88601e-07
1.44642e-06
5.36493e-06
1.97652e-05
7.19638e-05
0.000257138
0.000893859
0.00299274
0.00954746
0.0287004
0.0803729
0.207187
0.485177
1.01585
1.86174
2.89087
3.58025
3.02553
0.548918
-3.06278
-4.81261
-1.31016
6.5663
11.0635
4.15397
-9.51688
-12.0341
4.57529
19.0276
6.3635
-16.9488
-10.8275
16.8146
15.3506
-13.227
-12.2196
14.8566
10.1313
-12.5906
-2.14297
12.506
-1.82644
-6.03886
5.96519
0.51263
-5.62558
-0.179148
-2.43991
-2.73832
4.26482
6.28066
4.9249
-2.66
-11.8958
-7.99923
7.89578
17.7696
2.79317
-20.117
-13.8334
17.1666
20.7807
-13.3182
-23.0443
11.6649
21.391
-12.7079
-16.3223
14.6762
8.38702
-14.5417
0.380556
10.116
-6.08309
-2.74258
5.70052
-2.60674
-1.1911
2.44516
-1.57354
0.262225
0.494965
-0.634896
0.471597
-0.266604
0.124234
