VARIABLEs = X,u
ZONE I=101
datapacking=block
0
0.01
0.02
0.03
0.04
0.05
0.06
0.07
0.08
0.09
0.1
0.11
0.12
0.13
0.14
0.15
0.16
0.17
0.18
0.19
0.2
0.21
0.22
0.23
0.24
0.25
0.26
0.27
0.28
0.29
0.3
0.31
0.32
0.33
0.34
0.35
0.36
0.37
0.38
0.39
0.4
0.41
0.42
0.43
0.44
0.45
0.46
0.47
0.48
0.49
0.5
0.51
0.52
0.53
0.54
0.55
0.56
0.57
0.58
0.59
0.6
0.61
0.62
0.63
0.64
0.65
0.66
0.67
0.68
0.69
0.7
0.71
0.72
0.73
0.74
0.75
0.76
0.77
0.78
0.79
0.8
0.81
0.82
0.83
0.84
0.85
0.86
0.87
0.88
0.89
0.9
0.91
0.92
0.93
0.94
0.95
0.96
0.97
0.98
0.99
1
0
7.52316e-37
3.00927e-36
1.12847e-35
4.21297e-35
1.57234e-34
5.86807e-34
2.18999e-33
8.17317e-33
3.05027e-32
1.13838e-31
4.24847e-31
1.58555e-30
5.91736e-30
2.20839e-29
8.24182e-29
3.07589e-28
1.14794e-27
4.28416e-27
1.59887e-26
5.96707e-26
2.22694e-25
8.31105e-25
3.10173e-24
1.15758e-23
4.32015e-23
1.6123e-22
6.01719e-22
2.24565e-21
8.38086e-21
3.12778e-20
1.1673e-19
4.35644e-19
1.62584e-18
6.06773e-18
2.26451e-17
8.45123e-17
3.15402e-16
1.17708e-15
4.39276e-15
1.63927e-14
6.11687e-14
2.28211e-13
8.51165e-13
3.17293e-12
1.18173e-11
4.39485e-11
1.63076e-10
6.03088e-10
2.21967e-09
8.11587e-09
2.94169e-08
1.05443e-07
3.7277e-07
1.29608e-06
4.41898e-06
1.47308e-05
4.78699e-05
0.000151206
0.000462907
0.00136961
0.003905
0.0106975
0.028069
0.0703037
0.16745
0.377588
0.801742
1.59201
2.92901
4.92617
7.41241
9.58897
9.70245
5.13775
-6.42347
-24.3055
-41.2795
-42.0981
-9.14939
61.3852
138.627
152.035
29.792
-216.463
-420.038
-315.068
216.795
857.159
894.64
-135.383
-1607.81
-1853.96
204.777
3062.77
3134.52
-1155.75
-5723.28
-3896.49
4455.2
9265.95
