VARIABLEs = X,u
ZONE I=101
datapacking=block
0
0.01
0.02
0.03
0.04
0.05
0.06
0.07
0.08
0.09
0.1
0.11
0.12
0.13
0.14
0.15
0.16
0.17
0.18
0.19
0.2
0.21
0.22
0.23
0.24
0.25
0.26
0.27
0.28
0.29
0.3
0.31
0.32
0.33
0.34
0.35
0.36
0.37
0.38
0.39
0.4
0.41
0.42
0.43
0.44
0.45
0.46
0.47
0.48
0.49
0.5
0.51
0.52
0.53
0.54
0.55
0.56
0.57
0.58
0.59
0.6
0.61
0.62
0.63
0.64
0.65
0.66
0.67
0.68
0.69
0.7
0.71
0.72
0.73
0.74
0.75
0.76
0.77
0.78
0.79
0.8
0.81
0.82
0.83
0.84
0.85
0.86
0.87
0.88
0.89
0.9
0.91
0.92
0.93
0.94
0.95
0.96
0.97
0.98
0.99
1
0
3.46945e-18
1.38778e-17
5.20417e-17
1.94289e-16
7.25114e-16
2.70617e-15
1.00996e-14
3.76921e-14
1.40669e-13
5.24983e-13
1.95926e-12
7.31207e-12
2.7289e-11
1.01843e-10
3.80078e-10
1.41839e-09
5.29258e-09
1.97427e-08
7.35919e-08
2.73884e-07
1.01611e-06
3.74837e-06
1.36964e-05
4.93146e-05
0.000173836
0.000595461
0.00196605
0.00620443
0.0185543
0.0521235
0.136304
0.3285
0.721182
1.42091
2.45997
3.61624
4.21666
3.1985
-0.174023
-4.9155
-7.38674
-3.06145
8.12771
17.2155
11.1779
-10.6131
-25.8579
-9.18934
27.8381
35.1015
-9.09348
-46.4494
-11.6078
49.6116
32.1331
-42.3724
-40.0538
39.1509
43.2215
-35.1779
-34.9368
37.5394
23.974
-36.2703
-8.25799
28.504
-10.9734
-22.0071
14.2809
8.2809
-2.90787
13.9213
0.512023
-22.6696
-14.7119
4.79576
27.6943
25.2098
-20.5076
-46.7795
-6.01249
53.1005
35.3152
-47.1029
-55.3538
36.0253
65.0235
-28.8099
-65.2399
28.581
57.5455
-33.9227
-42.3805
39.6207
21.1316
-38.9042
1.13272
27.7095
-15.7995
-9.45024
