VARIABLEs = X,u
ZONE I=101
datapacking=block
0
0.01
0.02
0.03
0.04
0.05
0.06
0.07
0.08
0.09
0.1
0.11
0.12
0.13
0.14
0.15
0.16
0.17
0.18
0.19
0.2
0.21
0.22
0.23
0.24
0.25
0.26
0.27
0.28
0.29
0.3
0.31
0.32
0.33
0.34
0.35
0.36
0.37
0.38
0.39
0.4
0.41
0.42
0.43
0.44
0.45
0.46
0.47
0.48
0.49
0.5
0.51
0.52
0.53
0.54
0.55
0.56
0.57
0.58
0.59
0.6
0.61
0.62
0.63
0.64
0.65
0.66
0.67
0.68
0.69
0.7
0.71
0.72
0.73
0.74
0.75
0.76
0.77
0.78
0.79
0.8
0.81
0.82
0.83
0.84
0.85
0.86
0.87
0.88
0.89
0.9
0.91
0.92
0.93
0.94
0.95
0.96
0.97
0.98
0.99
1
0
1.52588e-05
6.10345e-05
0.000228834
0.000852941
0.00315765
0.0114537
0.0396322
0.125857
0.350467
0.814489
1.4918
1.98455
1.63336
0.477143
-0.0392023
1.07216
1.94596
0.90278
0.330344
1.35259
1.18113
0.679092
1.20551
0.917294
1.02349
0.99509
1.00076
0.999912
1.00001
1
1
1
1
0.999991
0.999889
0.998955
0.992579
0.95975
0.832742
0.47235
-0.23193
-1.01499
-1.02892
0.218891
1.30834
0.308813
-1.16669
-0.16717
0.922274
-0.325535
-0.339461
0.443603
-0.260677
0.099715
-0.0272928
0.00553587
-0.000839939
9.45574e-05
-7.69249e-06
4.28641e-07
-1.46683e-08
2.32831e-10
0
0
0
0
0
0
0
0
0
0
0
0
0
0
0
0
0
0
0
0
0
0
0
0
0
0
0
0
0
0
0
0
0
0
0
0
0
0
