VARIABLEs = X,u
ZONE I=101
datapacking=block
0
0.01
0.02
0.03
0.04
0.05
0.06
0.07
0.08
0.09
0.1
0.11
0.12
0.13
0.14
0.15
0.16
0.17
0.18
0.19
0.2
0.21
0.22
0.23
0.24
0.25
0.26
0.27
0.28
0.29
0.3
0.31
0.32
0.33
0.34
0.35
0.36
0.37
0.38
0.39
0.4
0.41
0.42
0.43
0.44
0.45
0.46
0.47
0.48
0.49
0.5
0.51
0.52
0.53
0.54
0.55
0.56
0.57
0.58
0.59
0.6
0.61
0.62
0.63
0.64
0.65
0.66
0.67
0.68
0.69
0.7
0.71
0.72
0.73
0.74
0.75
0.76
0.77
0.78
0.79
0.8
0.81
0.82
0.83
0.84
0.85
0.86
0.87
0.88
0.89
0.9
0.91
0.92
0.93
0.94
0.95
0.96
0.97
0.98
0.99
1
0
3.8147e-06
1.52587e-05
5.72171e-05
0.000213501
0.00079449
0.0029304
0.0105547
0.0361787
0.113981
0.317164
0.746689
1.41524
2.01434
1.88799
0.766276
-0.227739
0.486916
2.01697
1.63622
0.133673
0.709399
1.70778
0.792733
0.74826
1.31171
0.816263
1.07235
0.979164
1.00455
0.999238
1.0001
0.99999
1
0.999999
0.999988
0.999872
0.998921
0.992914
0.963444
0.85182
0.53249
-0.122483
-0.958871
-1.24341
-0.216086
1.31602
1.05253
-0.964069
-1.11943
0.897164
0.633673
-0.898434
0.128891
0.41343
-0.422959
0.232014
-0.0873156
0.0243084
-0.00516189
0.00084488
-0.000106292
1.01238e-05
-7.0782e-07
3.4328e-08
-1.03319e-09
1.45519e-11
0
0
0
0
0
0
0
0
0
0
0
0
0
0
0
0
0
0
0
0
0
0
0
0
0
0
0
0
0
0
0
0
0
0
