VARIABLEs = X,u
ZONE I=101
datapacking=block
0
0.01
0.02
0.03
0.04
0.05
0.06
0.07
0.08
0.09
0.1
0.11
0.12
0.13
0.14
0.15
0.16
0.17
0.18
0.19
0.2
0.21
0.22
0.23
0.24
0.25
0.26
0.27
0.28
0.29
0.3
0.31
0.32
0.33
0.34
0.35
0.36
0.37
0.38
0.39
0.4
0.41
0.42
0.43
0.44
0.45
0.46
0.47
0.48
0.49
0.5
0.51
0.52
0.53
0.54
0.55
0.56
0.57
0.58
0.59
0.6
0.61
0.62
0.63
0.64
0.65
0.66
0.67
0.68
0.69
0.7
0.71
0.72
0.73
0.74
0.75
0.76
0.77
0.78
0.79
0.8
0.81
0.82
0.83
0.84
0.85
0.86
0.87
0.88
0.89
0.9
0.91
0.92
0.93
0.94
0.95
0.96
0.97
0.98
0.99
1
0
1.42109e-14
5.68434e-14
2.13163e-13
7.95808e-13
2.97007e-12
1.10845e-11
4.13678e-11
1.54387e-10
5.76178e-10
2.15032e-09
8.02493e-09
2.99471e-08
1.11734e-07
4.16659e-07
1.55161e-06
5.76042e-06
2.12545e-05
7.75581e-05
0.000277925
0.000969281
0.00325576
0.0104137
0.0313458
0.0877247
0.225381
0.524147
1.08478
1.95253
2.94841
3.48547
2.65802
-0.0174705
-3.35448
-4.14536
0.325961
7.64638
9.51796
0.576633
-10.5558
-7.39933
9.52603
15.5639
-2.07349
-15.8836
-0.0976904
17.7597
3.32764
-14.5461
0.324537
14.3959
-1.70037
-8.69507
6.75864
5.37563
-5.39074
1.40823
3.82911
-3.40671
-1.49517
-1.12939
-3.98163
0.0712798
3.81949
5.95966
3.89236
-5.29115
-10.866
-4.1499
11.1138
13.8837
-4.68231
-19.1626
-3.0626
20.1002
8.12236
-19.2289
-9.10858
18.2426
6.26477
-16.8981
-0.798513
13.6801
-4.89211
-7.6825
7.52158
0.654207
-5.24811
3.35164
0.491199
-2.28321
1.74219
-0.452349
-0.406225
0.626773
-0.492408
0.286424
-0.135609
0.0544533
-0.0189638
0.00580657
