VARIABLEs = X,u
ZONE I=101
datapacking=block
0
0.01
0.02
0.03
0.04
0.05
0.06
0.07
0.08
0.09
0.1
0.11
0.12
0.13
0.14
0.15
0.16
0.17
0.18
0.19
0.2
0.21
0.22
0.23
0.24
0.25
0.26
0.27
0.28
0.29
0.3
0.31
0.32
0.33
0.34
0.35
0.36
0.37
0.38
0.39
0.4
0.41
0.42
0.43
0.44
0.45
0.46
0.47
0.48
0.49
0.5
0.51
0.52
0.53
0.54
0.55
0.56
0.57
0.58
0.59
0.6
0.61
0.62
0.63
0.64
0.65
0.66
0.67
0.68
0.69
0.7
0.71
0.72
0.73
0.74
0.75
0.76
0.77
0.78
0.79
0.8
0.81
0.82
0.83
0.84
0.85
0.86
0.87
0.88
0.89
0.9
0.91
0.92
0.93
0.94
0.95
0.96
0.97
0.98
0.99
1
0
8.47033e-22
3.38813e-21
1.27055e-20
4.74338e-20
1.7703e-19
6.60686e-19
2.46571e-18
9.20217e-18
3.4343e-17
1.2817e-16
4.78336e-16
1.78517e-15
6.66236e-15
2.48642e-14
9.27946e-14
3.46314e-13
1.29246e-12
4.82351e-12
1.80014e-11
6.71794e-11
2.5069e-10
9.35329e-10
3.48836e-09
1.29992e-08
4.83609e-08
1.79376e-07
6.61919e-07
2.42268e-06
8.76e-06
3.11384e-05
0.000108199
0.000365278
0.00119046
0.00372107
0.0110826
0.031243
0.0827948
0.204714
0.468241
0.980442
1.85338
3.09914
4.43023
5.04692
3.69125
-0.608509
-6.97888
-11.3079
-7.39047
7.45257
24.975
26.3196
-1.27249
-40.5693
-45.6953
9.22205
75.5172
60.1106
-48.0435
-114.86
-18.5019
132.539
98.4038
-106.14
-156.015
64.7187
190.317
-23.1852
-198.489
2.83324
194.38
-4.74209
-182.939
18.8365
149.563
-53.8449
-107.908
90.8731
74.5994
-83.1328
-28.5058
30.9003
-42.7634
7.51552
98.6912
12.9751
-88.6843
-76.7384
12.754
128.9
84.7077
-126.55
-164.66
71.5791
215.711
-0.936005
-239.542
-51.6724
241.899
75.3399
