VARIABLEs = X,u
ZONE I=101
datapacking=block
0
0.01
0.02
0.03
0.04
0.05
0.06
0.07
0.08
0.09
0.1
0.11
0.12
0.13
0.14
0.15
0.16
0.17
0.18
0.19
0.2
0.21
0.22
0.23
0.24
0.25
0.26
0.27
0.28
0.29
0.3
0.31
0.32
0.33
0.34
0.35
0.36
0.37
0.38
0.39
0.4
0.41
0.42
0.43
0.44
0.45
0.46
0.47
0.48
0.49
0.5
0.51
0.52
0.53
0.54
0.55
0.56
0.57
0.58
0.59
0.6
0.61
0.62
0.63
0.64
0.65
0.66
0.67
0.68
0.69
0.7
0.71
0.72
0.73
0.74
0.75
0.76
0.77
0.78
0.79
0.8
0.81
0.82
0.83
0.84
0.85
0.86
0.87
0.88
0.89
0.9
0.91
0.92
0.93
0.94
0.95
0.96
0.97
0.98
0.99
1
0
4.93038e-32
1.97215e-31
7.39557e-31
2.76101e-30
1.03045e-29
3.8457e-29
1.43523e-28
5.35637e-28
1.99902e-27
7.46045e-27
2.78428e-26
1.03911e-25
3.878e-25
1.44729e-24
5.40136e-24
2.01581e-23
7.52312e-23
2.80767e-22
1.04784e-21
3.91058e-21
1.45945e-20
5.44673e-20
2.03275e-19
7.58632e-19
2.83125e-18
1.05664e-17
3.94342e-17
1.47171e-16
5.49248e-16
2.04981e-15
7.64996e-15
2.85495e-14
1.06544e-13
3.97587e-13
1.4835e-12
5.53401e-12
2.06349e-11
7.68811e-11
2.86053e-10
1.06196e-09
3.92897e-09
1.44622e-08
5.28514e-08
1.91263e-07
6.83394e-07
2.40298e-06
8.28611e-06
2.79192e-05
9.15847e-05
0.000291426
0.000896303
0.00265486
0.00754594
0.0205045
0.0530555
0.130156
0.30122
0.653726
1.32045
2.45731
4.15164
6.21891
7.89944
7.6221
3.24842
-6.64156
-20.2443
-29.9975
-23.2488
9.94013
62.0571
97.0008
62.6424
-60.9302
-203.775
-211.971
22.6782
375.001
468.964
17.2343
-694.604
-825.694
123.116
1324.15
1118.21
-819.798
-2239.18
-706.405
2426.38
2623.21
-1381.84
-4117.45
-587.731
4657.97
2819.39
-4257.17
-4770.04
3259.31
6199.84
-2015.61
