VARIABLEs = X,u
ZONE I=101
datapacking=block
0
0.01
0.02
0.03
0.04
0.05
0.06
0.07
0.08
0.09
0.1
0.11
0.12
0.13
0.14
0.15
0.16
0.17
0.18
0.19
0.2
0.21
0.22
0.23
0.24
0.25
0.26
0.27
0.28
0.29
0.3
0.31
0.32
0.33
0.34
0.35
0.36
0.37
0.38
0.39
0.4
0.41
0.42
0.43
0.44
0.45
0.46
0.47
0.48
0.49
0.5
0.51
0.52
0.53
0.54
0.55
0.56
0.57
0.58
0.59
0.6
0.61
0.62
0.63
0.64
0.65
0.66
0.67
0.68
0.69
0.7
0.71
0.72
0.73
0.74
0.75
0.76
0.77
0.78
0.79
0.8
0.81
0.82
0.83
0.84
0.85
0.86
0.87
0.88
0.89
0.9
0.91
0.92
0.93
0.94
0.95
0.96
0.97
0.98
0.99
1
0
5.29396e-23
2.11758e-22
7.94093e-22
2.96462e-21
1.10644e-20
4.12929e-20
1.54107e-19
5.75135e-19
2.14643e-18
8.0106e-18
2.9896e-17
1.11573e-16
4.16397e-16
1.55402e-15
5.79966e-15
2.16446e-14
8.07789e-14
3.01471e-13
1.1251e-12
4.1989e-12
1.56702e-11
5.8478e-11
2.18206e-10
8.14017e-10
3.03508e-09
1.13042e-08
4.2018e-08
1.55631e-07
5.73115e-07
2.09181e-06
7.53719e-06
2.66833e-05
9.23178e-05
0.000310349
0.00100775
0.00314183
0.00934799
0.0263818
0.0701754
0.174737
0.40413
0.85999
1.66322
2.87239
4.30599
5.30705
4.66182
1.08231
-5.4237
-11.7835
-11.6657
0.485925
21.3818
33.9254
17.0107
-28.4328
-61.7648
-30.9911
56.6641
104.76
23.5884
-119.861
-126.898
62.881
203.346
45.5444
-217.958
-152.337
189.341
234.588
-138.827
-276.501
99.4511
286.942
-86.1257
-278.629
88.0007
235.727
-115.654
-168.739
161.437
112.974
-164.291
-58.8517
91.0525
-28.3986
0.481392
128.369
-22.6062
-169.478
-49.3408
111.083
160.161
16.2334
-229.216
-152.786
214.918
262.844
-139.239
-337.785
