VARIABLEs = X,u
ZONE I=101
datapacking=block
0
0.01
0.02
0.03
0.04
0.05
0.06
0.07
0.08
0.09
0.1
0.11
0.12
0.13
0.14
0.15
0.16
0.17
0.18
0.19
0.2
0.21
0.22
0.23
0.24
0.25
0.26
0.27
0.28
0.29
0.3
0.31
0.32
0.33
0.34
0.35
0.36
0.37
0.38
0.39
0.4
0.41
0.42
0.43
0.44
0.45
0.46
0.47
0.48
0.49
0.5
0.51
0.52
0.53
0.54
0.55
0.56
0.57
0.58
0.59
0.6
0.61
0.62
0.63
0.64
0.65
0.66
0.67
0.68
0.69
0.7
0.71
0.72
0.73
0.74
0.75
0.76
0.77
0.78
0.79
0.8
0.81
0.82
0.83
0.84
0.85
0.86
0.87
0.88
0.89
0.9
0.91
0.92
0.93
0.94
0.95
0.96
0.97
0.98
0.99
1
0
3.23117e-27
1.29247e-26
4.84676e-26
1.80946e-25
6.75315e-25
2.52032e-24
9.40595e-24
3.51035e-23
1.31008e-22
4.88928e-22
1.82471e-21
6.80989e-21
2.54149e-20
9.48496e-20
3.53983e-19
1.32108e-18
4.93035e-18
1.84003e-17
6.8671e-17
2.56284e-16
9.56463e-16
3.56957e-15
1.33218e-14
4.97175e-14
1.85547e-13
6.92458e-13
2.58416e-12
9.64306e-12
3.59784e-11
1.34191e-10
5.00181e-10
1.86212e-09
6.91803e-09
2.56131e-08
9.43232e-08
3.44628e-07
1.24534e-06
4.43416e-06
1.54924e-05
5.28778e-05
0.000175499
0.000563758
0.00174465
0.00517726
0.0146631
0.0394435
0.100251
0.239355
0.533184
1.09875
2.07107
3.51256
5.21925
6.45462
5.81142
1.62407
-6.62828
-16.1337
-19.5034
-7.65289
21.2666
51.3833
50.3606
-4.94171
-88.5568
-116.708
-16.5859
159.665
216.987
9.45141
-302.036
-309.162
136.021
536.475
244.197
-517.785
-653.909
248.822
934.654
165.426
-1017.89
-581.665
940.959
894.22
-809.572
-1092.34
681.081
1165.47
-593.998
-1083.74
625.898
910.742
-761.938
-748.903
821.814
560.829
-656.346
-207.99
346.122
-309.683
