VARIABLEs = X,u
ZONE I=101
datapacking=block
0
0.01
0.02
0.03
0.04
0.05
0.06
0.07
0.08
0.09
0.1
0.11
0.12
0.13
0.14
0.15
0.16
0.17
0.18
0.19
0.2
0.21
0.22
0.23
0.24
0.25
0.26
0.27
0.28
0.29
0.3
0.31
0.32
0.33
0.34
0.35
0.36
0.37
0.38
0.39
0.4
0.41
0.42
0.43
0.44
0.45
0.46
0.47
0.48
0.49
0.5
0.51
0.52
0.53
0.54
0.55
0.56
0.57
0.58
0.59
0.6
0.61
0.62
0.63
0.64
0.65
0.66
0.67
0.68
0.69
0.7
0.71
0.72
0.73
0.74
0.75
0.76
0.77
0.78
0.79
0.8
0.81
0.82
0.83
0.84
0.85
0.86
0.87
0.88
0.89
0.9
0.91
0.92
0.93
0.94
0.95
0.96
0.97
0.98
0.99
1
0
5.04871e-29
2.01948e-28
7.57306e-28
2.82728e-27
1.05518e-26
3.93799e-26
1.46968e-25
5.48492e-25
2.047e-24
7.63951e-24
2.8511e-23
1.06405e-22
3.97107e-22
1.48202e-21
5.53099e-21
2.06419e-20
7.70368e-20
2.87505e-19
1.07298e-18
4.00443e-18
1.49447e-17
5.57745e-17
2.08153e-16
7.76839e-16
2.8992e-15
1.08199e-14
4.03803e-14
1.50699e-13
5.62396e-13
2.0987e-12
7.83082e-12
2.92118e-11
1.08919e-10
4.05753e-10
1.50919e-09
5.59893e-09
2.0687e-08
7.59708e-08
2.76589e-07
9.95203e-07
3.52639e-06
1.22574e-05
4.16221e-05
0.000137493
0.000439975
0.00135811
0.00402694
0.011421
0.0308477
0.078976
0.190665
0.431451
0.908385
1.76239
3.10855
4.88156
6.57634
6.9961
4.34099
-2.85363
-13.6721
-22.5381
-19.3936
4.21134
43.1315
69.6493
44.2767
-45.1427
-141.014
-130.492
45.5394
264.409
258.813
-92.848
-481.681
-363.996
328.37
804.81
238.948
-881.331
-954.963
484.415
1497.9
250.997
-1675.65
-1068.49
1495.45
1738.7
-1130.92
-2194.82
736.079
2438.75
-411.881
-2446.37
308.909
2293.73
-497.241
-2147
781.497
1988.19
