VARIABLEs = X,u
ZONE I=101
datapacking=block
0
0.01
0.02
0.03
0.04
0.05
0.06
0.07
0.08
0.09
0.1
0.11
0.12
0.13
0.14
0.15
0.16
0.17
0.18
0.19
0.2
0.21
0.22
0.23
0.24
0.25
0.26
0.27
0.28
0.29
0.3
0.31
0.32
0.33
0.34
0.35
0.36
0.37
0.38
0.39
0.4
0.41
0.42
0.43
0.44
0.45
0.46
0.47
0.48
0.49
0.5
0.51
0.52
0.53
0.54
0.55
0.56
0.57
0.58
0.59
0.6
0.61
0.62
0.63
0.64
0.65
0.66
0.67
0.68
0.69
0.7
0.71
0.72
0.73
0.74
0.75
0.76
0.77
0.78
0.79
0.8
0.81
0.82
0.83
0.84
0.85
0.86
0.87
0.88
0.89
0.9
0.91
0.92
0.93
0.94
0.95
0.96
0.97
0.98
0.99
1
0
2.27374e-13
9.09495e-13
3.41061e-12
1.27329e-11
4.75211e-11
1.77351e-10
6.61885e-10
2.47018e-09
9.21878e-09
3.44038e-08
1.2838e-07
4.78904e-07
1.78487e-06
6.63716e-06
2.45592e-05
9.00087e-05
0.000324439
0.00113934
0.00385381
0.0123979
0.0374321
0.104623
0.26683
0.611079
1.23219
2.12874
3.01324
3.18266
1.81266
-1.05374
-3.44596
-2.19932
3.36646
8.09714
4.8212
-4.86965
-7.99969
2.49094
11.9851
3.58882
-9.77788
-3.51952
10.9831
5.05878
-8.18747
-0.740108
8.86047
-0.346617
-4.22431
4.49533
2.54202
-2.25162
2.12961
1.5622
-1.29327
0.0605302
-1.80005
-2.95384
-1.51474
0.643474
4.60238
5.01093
-0.148867
-7.46217
-7.1696
3.70926
11.7767
2.5994
-12.4205
-7.52283
11.2193
9.50088
-10.2974
-8.57897
10.1632
5.26555
-9.75434
-0.577185
7.48974
-3.39109
-3.10601
4.18235
-1.04984
-1.63905
1.94161
-0.85123
-0.176093
0.581531
-0.528146
0.328862
-0.161554
0.0660649
-0.0231131
0.00702998
-0.00187785
0.000443446
-9.2964e-05
1.73441e-05
-2.88285e-06
4.26847e-07
