VARIABLEs = X,u
ZONE I=101
datapacking=block
0
0.01
0.02
0.03
0.04
0.05
0.06
0.07
0.08
0.09
0.1
0.11
0.12
0.13
0.14
0.15
0.16
0.17
0.18
0.19
0.2
0.21
0.22
0.23
0.24
0.25
0.26
0.27
0.28
0.29
0.3
0.31
0.32
0.33
0.34
0.35
0.36
0.37
0.38
0.39
0.4
0.41
0.42
0.43
0.44
0.45
0.46
0.47
0.48
0.49
0.5
0.51
0.52
0.53
0.54
0.55
0.56
0.57
0.58
0.59
0.6
0.61
0.62
0.63
0.64
0.65
0.66
0.67
0.68
0.69
0.7
0.71
0.72
0.73
0.74
0.75
0.76
0.77
0.78
0.79
0.8
0.81
0.82
0.83
0.84
0.85
0.86
0.87
0.88
0.89
0.9
0.91
0.92
0.93
0.94
0.95
0.96
0.97
0.98
0.99
1
0
5.55112e-17
2.22045e-16
8.32667e-16
3.10862e-15
1.16018e-14
4.32987e-14
1.61593e-13
6.03073e-13
2.2507e-12
8.39972e-12
3.13482e-11
1.16993e-10
4.3662e-10
1.62944e-09
6.08057e-09
2.26864e-08
8.45998e-08
3.1511e-07
1.17076e-06
4.32897e-06
1.58716e-05
5.74011e-05
0.000203407
0.000700647
0.00232536
0.00736739
0.0220725
0.0619301
0.161093
0.384192
0.829124
1.59181
2.65208
3.67603
3.8692
2.22237
-1.51363
-5.47132
-5.59069
1.15473
11.3031
13.9748
1.28124
-16.8439
-16.3114
9.77026
29.5178
8.74679
-28.5765
-21.7245
25.2072
32.6242
-17.2528
-33.2931
16.4552
33.0138
-15.4466
-24.626
20.1599
16.3972
-19.8441
-3.97503
15.4447
-8.14246
-11.4443
6.0723
0.0743856
1.00991
12.6806
3.35475
-9.78517
-14.6222
-8.34385
15.5813
25.7012
0.0168348
-32.0583
-21.6357
27.3621
37.5748
-16.7641
-45.7758
8.19095
47.5213
-5.526
-44.8576
9.10485
38.1026
-16.2771
-26.5959
22.1601
11.2663
-21.5605
3.24056
12.8842
-10.2203
-1.24639
7.15283
-4.8128
-0.092403
