VARIABLEs = X,u
ZONE I=101
datapacking=block
0
0.01
0.02
0.03
0.04
0.05
0.06
0.07
0.08
0.09
0.1
0.11
0.12
0.13
0.14
0.15
0.16
0.17
0.18
0.19
0.2
0.21
0.22
0.23
0.24
0.25
0.26
0.27
0.28
0.29
0.3
0.31
0.32
0.33
0.34
0.35
0.36
0.37
0.38
0.39
0.4
0.41
0.42
0.43
0.44
0.45
0.46
0.47
0.48
0.49
0.5
0.51
0.52
0.53
0.54
0.55
0.56
0.57
0.58
0.59
0.6
0.61
0.62
0.63
0.64
0.65
0.66
0.67
0.68
0.69
0.7
0.71
0.72
0.73
0.74
0.75
0.76
0.77
0.78
0.79
0.8
0.81
0.82
0.83
0.84
0.85
0.86
0.87
0.88
0.89
0.9
0.91
0.92
0.93
0.94
0.95
0.96
0.97
0.98
0.99
1
0
8.27181e-25
3.30872e-24
1.24077e-23
4.63221e-23
1.72881e-22
6.45201e-22
2.40792e-21
8.98649e-21
3.3538e-20
1.25166e-19
4.67125e-19
1.74333e-18
6.50621e-18
2.42815e-17
9.06198e-17
3.38198e-16
1.26217e-15
4.71048e-15
1.75798e-14
6.56085e-14
2.44854e-13
9.13801e-13
3.41029e-12
1.27267e-11
4.74907e-11
1.77182e-10
6.6079e-10
2.46244e-09
9.16274e-09
3.40057e-08
1.25662e-07
4.61243e-07
1.67632e-06
6.00891e-06
2.11489e-05
7.27248e-05
0.000243059
0.000785337
0.00243997
0.00725044
0.0204943
0.0547955
0.137743
0.323324
0.702926
1.40075
2.52198
4.01315
5.42892
5.7252
3.41097
-2.48933
-10.5958
-15.6207
-9.78701
10.5017
35.3904
40.314
4.52383
-56.6331
-81.9159
-15.6524
105.006
139.976
-4.55105
-197.877
-166.556
129.759
314.273
49.0671
-358.231
-253.837
302.355
423.706
-184.532
-523.721
65.2306
561.913
11.107
-569.975
-45.0335
540.26
18.4178
-475.892
80.8076
418.076
-179.933
-353.017
191.087
202.134
-132.723
43.5329
102.023
-256.859
-153.383
284.774
252.066
-95.4716
-323.939
-200.453
