VARIABLEs = X,u
ZONE I=101
datapacking=block
0
0.01
0.02
0.03
0.04
0.05
0.06
0.07
0.08
0.09
0.1
0.11
0.12
0.13
0.14
0.15
0.16
0.17
0.18
0.19
0.2
0.21
0.22
0.23
0.24
0.25
0.26
0.27
0.28
0.29
0.3
0.31
0.32
0.33
0.34
0.35
0.36
0.37
0.38
0.39
0.4
0.41
0.42
0.43
0.44
0.45
0.46
0.47
0.48
0.49
0.5
0.51
0.52
0.53
0.54
0.55
0.56
0.57
0.58
0.59
0.6
0.61
0.62
0.63
0.64
0.65
0.66
0.67
0.68
0.69
0.7
0.71
0.72
0.73
0.74
0.75
0.76
0.77
0.78
0.79
0.8
0.81
0.82
0.83
0.84
0.85
0.86
0.87
0.88
0.89
0.9
0.91
0.92
0.93
0.94
0.95
0.96
0.97
0.98
0.99
1
0
2.01948e-28
8.07794e-28
3.02923e-27
1.13091e-26
4.22072e-26
1.5752e-25
5.87872e-25
2.19397e-24
8.188e-24
3.0558e-23
1.14044e-22
4.25618e-22
1.58843e-21
5.9281e-21
2.2124e-20
8.25678e-20
3.08147e-19
1.15002e-18
4.29194e-18
1.60177e-17
5.97789e-17
2.23098e-16
8.32613e-16
3.10735e-15
1.15968e-14
4.32796e-14
1.6152e-13
6.02782e-13
2.24944e-12
8.39357e-12
3.13131e-11
1.16767e-10
4.35078e-10
1.61879e-09
6.00848e-09
2.22158e-08
8.16621e-08
2.97664e-07
1.07256e-06
3.80657e-06
1.32536e-05
4.50801e-05
0.000149143
0.000477846
0.00147621
0.00437824
0.0124117
0.0334794
0.0855133
0.205713
0.463169
0.968513
1.86189
3.24362
5.00636
6.57003
6.65935
3.48961
-4.13812
-14.7029
-21.9394
-15.8473
10.1477
47.2498
65.199
28.3281
-63.1329
-139.47
-95.1885
92.8196
266.089
180.322
-189.064
-461.669
-190.159
467.879
668.828
-83.5819
-938.584
-539.724
841.079
1153.06
-412.355
-1559.67
-176.671
1701.01
727.409
-1668.01
-1149.63
1550.23
1398.8
-1402.58
-1401.16
1343.59
1190.6
-1441.96
-938.63
1525.68
713.053
-1319.93
