VARIABLEs = X,u
ZONE I=101
datapacking=block
0
0.01
0.02
0.03
0.04
0.05
0.06
0.07
0.08
0.09
0.1
0.11
0.12
0.13
0.14
0.15
0.16
0.17
0.18
0.19
0.2
0.21
0.22
0.23
0.24
0.25
0.26
0.27
0.28
0.29
0.3
0.31
0.32
0.33
0.34
0.35
0.36
0.37
0.38
0.39
0.4
0.41
0.42
0.43
0.44
0.45
0.46
0.47
0.48
0.49
0.5
0.51
0.52
0.53
0.54
0.55
0.56
0.57
0.58
0.59
0.6
0.61
0.62
0.63
0.64
0.65
0.66
0.67
0.68
0.69
0.7
0.71
0.72
0.73
0.74
0.75
0.76
0.77
0.78
0.79
0.8
0.81
0.82
0.83
0.84
0.85
0.86
0.87
0.88
0.89
0.9
0.91
0.92
0.93
0.94
0.95
0.96
0.97
0.98
0.99
1
0
-4.31801e-10
4.45131e-10
4.77376e-09
-2.01549e-10
-2.3357e-08
-8.85466e-09
8.68925e-08
7.33274e-08
-2.59527e-07
-3.84107e-07
5.79993e-07
1.53264e-06
-6.26422e-07
-4.78297e-06
-2.025e-06
1.10505e-05
1.48481e-05
-1.43273e-05
-5.01969e-05
-1.56498e-05
0.000101367
0.000145207
-6.41605e-05
-0.000391919
-0.00033269
0.000408023
0.00120183
0.000762449
-0.00132606
-0.00330673
-0.00222297
0.0028393
0.00826877
0.0076727
-0.00228033
-0.0167025
-0.0236207
-0.012304
0.0168304
0.0487831
0.0609064
0.0365356
-0.0233534
-0.0978799
-0.154623
-0.163459
-0.108343
0.00811218
0.167823
0.345205
0.51592
0.663085
0.779218
0.864199
0.921626
0.956507
0.975174
0.985313
0.993632
1.00203
1.00661
1.00247
0.99102
0.982331
0.988077
1.00994
1.03416
1.03917
1.01223
0.962228
0.918012
0.912076
0.960221
1.05039
1.14706
1.20761
1.20059
1.11678
0.969332
0.785446
0.595247
0.42287
0.28226
0.177403
0.105193
0.0589485
0.0312651
0.0157147
0.00749356
0.00339317
0.00146014
0.000597493
0.000232617
8.61979e-05
3.04105e-05
1.02166e-05
3.26884e-06
9.96074e-07
2.88899e-07
8.16121e-08
