VARIABLEs = X,u
ZONE I=101
datapacking=block
0
0.01
0.02
0.03
0.04
0.05
0.06
0.07
0.08
0.09
0.1
0.11
0.12
0.13
0.14
0.15
0.16
0.17
0.18
0.19
0.2
0.21
0.22
0.23
0.24
0.25
0.26
0.27
0.28
0.29
0.3
0.31
0.32
0.33
0.34
0.35
0.36
0.37
0.38
0.39
0.4
0.41
0.42
0.43
0.44
0.45
0.46
0.47
0.48
0.49
0.5
0.51
0.52
0.53
0.54
0.55
0.56
0.57
0.58
0.59
0.6
0.61
0.62
0.63
0.64
0.65
0.66
0.67
0.68
0.69
0.7
0.71
0.72
0.73
0.74
0.75
0.76
0.77
0.78
0.79
0.8
0.81
0.82
0.83
0.84
0.85
0.86
0.87
0.88
0.89
0.9
0.91
0.92
0.93
0.94
0.95
0.96
0.97
0.98
0.99
1
0
-1.10977e-12
-1.41606e-10
-1.51711e-10
7.9013e-10
1.04947e-09
-3.00911e-09
-5.29986e-09
8.82853e-09
2.24363e-08
-1.83058e-08
-8.13394e-08
1.01219e-08
2.49013e-07
1.32113e-07
-6.11447e-07
-8.07479e-07
1.02107e-06
2.93504e-06
-1.4163e-07
-7.47065e-06
-6.50182e-06
1.17181e-05
2.68747e-05
5.89281e-07
-6.0026e-05
-6.71182e-05
5.43557e-05
0.000206251
0.000133842
-0.000257788
-0.000595753
-0.000264837
0.000802582
0.00159907
0.00073165
-0.00189204
-0.0040806
-0.00272865
0.00295354
0.00925232
0.00967661
0.000316566
-0.0152027
-0.0259449
-0.0203038
0.0049139
0.0395523
0.0635814
0.0576286
0.0144409
-0.055431
-0.126761
-0.169549
-0.160451
-0.090606
0.0328518
0.191161
0.361434
0.523636
0.66431
0.7767
0.859192
0.914262
0.948142
0.969419
0.985445
0.998451
1.00522
1.0019
0.990558
0.980994
0.984746
1.005
1.03102
1.04312
1.02608
0.981751
0.931448
0.905592
0.926717
0.996103
1.09152
1.17655
1.21575
1.18768
1.09069
0.940422
0.762015
0.58132
0.418398
0.284705
0.183517
0.112253
0.0652586
0.0361075
0.019037
0.00957398
0.00459794
0.00210248
0.000977213
