VARIABLEs = X,u
ZONE I=101
datapacking=block
0
0.01
0.02
0.03
0.04
0.05
0.06
0.07
0.08
0.09
0.1
0.11
0.12
0.13
0.14
0.15
0.16
0.17
0.18
0.19
0.2
0.21
0.22
0.23
0.24
0.25
0.26
0.27
0.28
0.29
0.3
0.31
0.32
0.33
0.34
0.35
0.36
0.37
0.38
0.39
0.4
0.41
0.42
0.43
0.44
0.45
0.46
0.47
0.48
0.49
0.5
0.51
0.52
0.53
0.54
0.55
0.56
0.57
0.58
0.59
0.6
0.61
0.62
0.63
0.64
0.65
0.66
0.67
0.68
0.69
0.7
0.71
0.72
0.73
0.74
0.75
0.76
0.77
0.78
0.79
0.8
0.81
0.82
0.83
0.84
0.85
0.86
0.87
0.88
0.89
0.9
0.91
0.92
0.93
0.94
0.95
0.96
0.97
0.98
0.99
1
0
1.07889e-07
6.19532e-06
7.16704e-06
-3.14863e-05
-5.44577e-05
8.83874e-05
0.000264448
-7.02839e-05
-0.000879979
-0.000675693
0.00167747
0.00369222
0.000410241
-0.00816879
-0.0122316
-0.000166968
0.0251416
0.0406275
0.0196474
-0.0411461
-0.110025
-0.136097
-0.080514
0.0612221
0.259909
0.471314
0.657442
0.798294
0.89184
0.947115
0.976431
0.990352
0.996228
0.998717
1.00005
1.00022
0.999036
0.99856
1.00117
1.00428
1.00127
0.992049
0.988843
1.00315
1.02551
1.02722
0.991084
0.939419
0.923435
0.978347
1.08627
1.18207
1.19605
1.09685
0.904127
0.669624
0.446742
0.269358
0.147237
0.0731614
0.0331166
0.0136769
0.00515894
0.00177822
0.000560122
0.00016116
4.23166e-05
1.01257e-05
2.20371e-06
4.35112e-07
7.76922e-08
1.24959e-08
1.8016e-09
2.31449e-10
2.62999e-11
2.61915e-12
2.25958e-13
1.66358e-14
1.0246e-15
5.13589e-17
2.01265e-18
5.78413e-20
1.08421e-21
9.94692e-24
0
0
0
0
0
0
0
0
0
0
0
0
0
0
0
0
