VARIABLEs = X,u
ZONE I=101
datapacking=block
0
0.01
0.02
0.03
0.04
0.05
0.06
0.07
0.08
0.09
0.1
0.11
0.12
0.13
0.14
0.15
0.16
0.17
0.18
0.19
0.2
0.21
0.22
0.23
0.24
0.25
0.26
0.27
0.28
0.29
0.3
0.31
0.32
0.33
0.34
0.35
0.36
0.37
0.38
0.39
0.4
0.41
0.42
0.43
0.44
0.45
0.46
0.47
0.48
0.49
0.5
0.51
0.52
0.53
0.54
0.55
0.56
0.57
0.58
0.59
0.6
0.61
0.62
0.63
0.64
0.65
0.66
0.67
0.68
0.69
0.7
0.71
0.72
0.73
0.74
0.75
0.76
0.77
0.78
0.79
0.8
0.81
0.82
0.83
0.84
0.85
0.86
0.87
0.88
0.89
0.9
0.91
0.92
0.93
0.94
0.95
0.96
0.97
0.98
0.99
1
0
1.13177e-06
5.0627e-05
6.07683e-05
-0.000244545
-0.000474587
0.00054308
0.00216494
0.000550006
-0.00568898
-0.00856794
0.00302319
0.0249378
0.0313192
-0.00296252
-0.069574
-0.120223
-0.0974629
0.0245951
0.224536
0.451093
0.654161
0.805787
0.902627
0.956352
0.982481
0.993704
0.99801
0.999426
0.99974
0.999969
1.00035
1.00001
0.99895
0.999605
1.00264
1.00256
0.995305
0.990156
1.0015
1.02277
1.02262
0.982707
0.934195
0.938178
1.02169
1.13869
1.19928
1.13724
0.953026
0.703134
0.457589
0.263573
0.134824
0.0614105
0.0249533
0.00905425
0.00293401
0.000848445
0.00021858
5.00352e-05
1.01391e-05
1.80976e-06
2.8269e-07
3.83187e-08
4.45833e-09
4.3888e-10
3.58524e-11
2.36569e-12
1.2117e-13
4.52104e-15
1.09328e-16
1.28621e-18
0
0
0
0
0
0
0
0
0
0
0
0
0
0
0
0
0
0
0
0
0
0
0
0
0
0
0
0
