VARIABLEs = X,u
ZONE I=101
datapacking=block
0
0.01
0.02
0.03
0.04
0.05
0.06
0.07
0.08
0.09
0.1
0.11
0.12
0.13
0.14
0.15
0.16
0.17
0.18
0.19
0.2
0.21
0.22
0.23
0.24
0.25
0.26
0.27
0.28
0.29
0.3
0.31
0.32
0.33
0.34
0.35
0.36
0.37
0.38
0.39
0.4
0.41
0.42
0.43
0.44
0.45
0.46
0.47
0.48
0.49
0.5
0.51
0.52
0.53
0.54
0.55
0.56
0.57
0.58
0.59
0.6
0.61
0.62
0.63
0.64
0.65
0.66
0.67
0.68
0.69
0.7
0.71
0.72
0.73
0.74
0.75
0.76
0.77
0.78
0.79
0.8
0.81
0.82
0.83
0.84
0.85
0.86
0.87
0.88
0.89
0.9
0.91
0.92
0.93
0.94
0.95
0.96
0.97
0.98
0.99
1
0
7.61417e-09
-7.90261e-09
-8.4317e-08
-3.77129e-10
4.06666e-07
1.97765e-07
-1.45119e-06
-1.51469e-06
3.91994e-06
7.39712e-06
-6.58409e-06
-2.65576e-05
-3.37153e-06
6.8794e-05
7.24383e-05
-0.000103353
-0.000283848
-5.93671e-05
0.000590091
0.00082639
-0.000282084
-0.00211899
-0.00220229
0.00128596
0.0061495
0.00645745
-0.00186362
-0.0146814
-0.0199303
-0.00683912
0.022528
0.0500032
0.051151
0.0123124
-0.0572762
-0.127005
-0.159049
-0.126066
-0.0223344
0.136356
0.321666
0.504229
0.66221
0.784819
0.871488
0.928255
0.963093
0.98249
0.991169
0.994001
0.996434
1.00139
1.00602
1.00415
0.994236
0.984767
0.988612
1.00928
1.03258
1.03481
1.00322
0.951338
0.914549
0.927124
0.997539
1.09973
1.18559
1.20926
1.14777
1.00778
0.818061
0.614971
0.429194
0.278818
0.169014
0.0958097
0.0508868
0.0253635
0.0118797
0.00523451
0.00217172
0.000848969
0.000312867
0.000108731
3.56417e-05
1.10201e-05
3.21359e-06
8.83614e-07
2.28998e-07
5.59069e-08
1.2849e-08
2.77766e-09
5.6424e-10
1.07576e-10
1.92241e-11
3.21496e-12
5.02255e-13
7.31482e-14
9.908e-15
1.25004e-15
