VARIABLEs = X,u
ZONE I=101
datapacking=block
0
0.01
0.02
0.03
0.04
0.05
0.06
0.07
0.08
0.09
0.1
0.11
0.12
0.13
0.14
0.15
0.16
0.17
0.18
0.19
0.2
0.21
0.22
0.23
0.24
0.25
0.26
0.27
0.28
0.29
0.3
0.31
0.32
0.33
0.34
0.35
0.36
0.37
0.38
0.39
0.4
0.41
0.42
0.43
0.44
0.45
0.46
0.47
0.48
0.49
0.5
0.51
0.52
0.53
0.54
0.55
0.56
0.57
0.58
0.59
0.6
0.61
0.62
0.63
0.64
0.65
0.66
0.67
0.68
0.69
0.7
0.71
0.72
0.73
0.74
0.75
0.76
0.77
0.78
0.79
0.8
0.81
0.82
0.83
0.84
0.85
0.86
0.87
0.88
0.89
0.9
0.91
0.92
0.93
0.94
0.95
0.96
0.97
0.98
0.99
1
0
-6.11574e-11
-6.24087e-09
-6.79646e-09
3.4179e-08
4.81953e-08
-1.23635e-07
-2.44116e-07
3.19765e-07
1.00401e-06
-4.28457e-07
-3.37733e-06
-1.07867e-06
8.87345e-06
1.0017e-05
-1.5425e-05
-3.9786e-05
1.97676e-06
0.000100004
9.76217e-05
-0.000129576
-0.000366687
-0.000135624
0.00063322
0.00107314
6.64889e-05
-0.00208101
-0.00297193
-0.000159477
0.00537877
0.00828212
0.0029131
-0.0100776
-0.0211817
-0.0176879
0.00542829
0.0380637
0.0581721
0.0448593
-0.00706101
-0.0808462
-0.143991
-0.162777
-0.116626
-0.00507396
0.154529
0.335455
0.511252
0.662839
0.781376
0.866933
0.924461
0.959896
0.978844
0.987502
0.992703
0.999
1.00527
1.00589
0.997643
0.986179
0.983948
0.999023
1.02441
1.03942
1.02479
0.980355
0.93027
0.910076
0.943897
1.0275
1.12806
1.19989
1.20551
1.13042
0.985553
0.79898
0.60338
0.425479
0.280838
0.173907
0.10124
0.0555052
0.0287037
0.0140195
0.00647437
0.00282966
0.00117131
0.000459477
0.000170889
6.02786e-05
2.01699e-05
6.40287e-06
1.92828e-06
5.50854e-07
1.49237e-07
3.83303e-08
9.32927e-09
2.15058e-09
4.69153e-10
9.7981e-11
