VARIABLEs = X,u
ZONE I=101
datapacking=block
0
0.01
0.02
0.03
0.04
0.05
0.06
0.07
0.08
0.09
0.1
0.11
0.12
0.13
0.14
0.15
0.16
0.17
0.18
0.19
0.2
0.21
0.22
0.23
0.24
0.25
0.26
0.27
0.28
0.29
0.3
0.31
0.32
0.33
0.34
0.35
0.36
0.37
0.38
0.39
0.4
0.41
0.42
0.43
0.44
0.45
0.46
0.47
0.48
0.49
0.5
0.51
0.52
0.53
0.54
0.55
0.56
0.57
0.58
0.59
0.6
0.61
0.62
0.63
0.64
0.65
0.66
0.67
0.68
0.69
0.7
0.71
0.72
0.73
0.74
0.75
0.76
0.77
0.78
0.79
0.8
0.81
0.82
0.83
0.84
0.85
0.86
0.87
0.88
0.89
0.9
0.91
0.92
0.93
0.94
0.95
0.96
0.97
0.98
0.99
1
0
9.19724e-10
3.41484e-10
-5.59253e-09
2.99304e-09
1.65965e-08
-1.90258e-08
-3.64166e-08
6.73717e-08
6.70976e-08
-1.92109e-07
-1.13238e-07
5.12817e-07
1.93053e-07
-1.66832e-06
-8.57661e-07
1.66979e-05
0.000100499
0.000426007
0.00158905
0.00553425
0.0181946
0.0585509
0.163686
0.34425
0.56569
0.760815
0.894949
0.963362
0.987935
0.996145
0.998815
0.999651
0.999904
0.999977
0.999997
1
1
1
1
1
1
1
1
1
1
0.999983
0.999899
0.999574
0.998411
0.994466
0.981807
0.941451
0.836315
0.65575
0.43431
0.239186
0.10505
0.0366382
0.0120672
0.00385535
0.00118457
0.000348988
9.64178e-05
2.27177e-05
2.83386e-06
-9.48825e-07
-4.87154e-07
1.7687e-07
2.26324e-07
4.6374e-08
-3.82517e-08
-2.32849e-08
2.16887e-09
6.26246e-09
1.29406e-09
-1.08847e-09
-5.76986e-10
9.9879e-11
1.51043e-10
1.28207e-11
-2.9512e-11
-8.87984e-12
4.36142e-12
2.65957e-12
-3.94599e-13
-6.01185e-13
-2.34072e-14
1.13428e-13
2.20236e-14
-1.83297e-14
-6.73271e-15
2.49761e-15
1.56014e-15
-2.6146e-16
-3.11473e-16
1.20706e-17
5.50722e-17
3.35567e-18
-5.28839e-18
0
