VARIABLEs = X,u
ZONE I=101
datapacking=block
0
0.01
0.02
0.03
0.04
0.05
0.06
0.07
0.08
0.09
0.1
0.11
0.12
0.13
0.14
0.15
0.16
0.17
0.18
0.19
0.2
0.21
0.22
0.23
0.24
0.25
0.26
0.27
0.28
0.29
0.3
0.31
0.32
0.33
0.34
0.35
0.36
0.37
0.38
0.39
0.4
0.41
0.42
0.43
0.44
0.45
0.46
0.47
0.48
0.49
0.5
0.51
0.52
0.53
0.54
0.55
0.56
0.57
0.58
0.59
0.6
0.61
0.62
0.63
0.64
0.65
0.66
0.67
0.68
0.69
0.7
0.71
0.72
0.73
0.74
0.75
0.76
0.77
0.78
0.79
0.8
0.81
0.82
0.83
0.84
0.85
0.86
0.87
0.88
0.89
0.9
0.91
0.92
0.93
0.94
0.95
0.96
0.97
0.98
0.99
1
0
-6.43142e-07
2.50661e-06
4.8511e-05
0.000468226
0.00323762
0.0173958
0.0851568
0.272885
0.547963
0.787552
0.929829
0.982149
0.995583
0.999002
0.999791
0.99996
0.999994
1
1
1
1
1
1
1
1
1
1
1
1
1
1
0.999998
0.999952
0.999532
0.996762
0.982603
0.914843
0.727115
0.452037
0.212448
0.0701708
0.0178511
0.00441687
0.000997823
0.00020875
3.96756e-05
5.74203e-06
-2.06215e-07
-3.4208e-07
9.01719e-08
9.58902e-08
1.63688e-09
-1.52334e-08
-1.46462e-09
2.3922e-09
4.24547e-10
-3.42944e-10
-8.07188e-11
4.71964e-11
1.32544e-11
-6.34725e-12
-1.93324e-12
8.46087e-13
2.56665e-13
-1.11749e-13
-3.13867e-14
1.47093e-14
3.46042e-15
-1.88978e-15
-3.4074e-16
2.37044e-16
2.72315e-17
-2.83381e-17
-1.33243e-18
3.20399e-18
-8.20578e-20
-3.35816e-19
3.57035e-20
3.16985e-20
-6.44158e-21
-2.60637e-21
9.00907e-22
1.61984e-22
-1.03846e-22
-4.24977e-24
1.03598e-23
-8.47974e-25
-8.45934e-25
1.82589e-25
5.25649e-26
-2.31092e-26
-1.74875e-27
2.75752e-27
-1.09806e-27
1.39562e-27
-2.76417e-27
3.59043e-27
2.48234e-27
-9.80051e-27
0
