VARIABLEs = X,u
ZONE I=101
datapacking=block
0
0.01
0.02
0.03
0.04
0.05
0.06
0.07
0.08
0.09
0.1
0.11
0.12
0.13
0.14
0.15
0.16
0.17
0.18
0.19
0.2
0.21
0.22
0.23
0.24
0.25
0.26
0.27
0.28
0.29
0.3
0.31
0.32
0.33
0.34
0.35
0.36
0.37
0.38
0.39
0.4
0.41
0.42
0.43
0.44
0.45
0.46
0.47
0.48
0.49
0.5
0.51
0.52
0.53
0.54
0.55
0.56
0.57
0.58
0.59
0.6
0.61
0.62
0.63
0.64
0.65
0.66
0.67
0.68
0.69
0.7
0.71
0.72
0.73
0.74
0.75
0.76
0.77
0.78
0.79
0.8
0.81
0.82
0.83
0.84
0.85
0.86
0.87
0.88
0.89
0.9
0.91
0.92
0.93
0.94
0.95
0.96
0.97
0.98
0.99
1
0
-7.10407e-15
4.69796e-15
3.65183e-14
-5.15476e-14
-7.87003e-14
2.17908e-13
6.06907e-14
-6.29302e-13
2.57026e-13
1.4298e-12
-1.47014e-12
-2.65891e-12
4.87497e-12
3.92599e-12
-1.31036e-11
-3.66556e-12
3.136e-11
-2.45606e-12
-7.00074e-11
2.48207e-11
1.50387e-10
-8.63568e-11
-3.18647e-10
2.34626e-10
6.79803e-10
-5.6136e-10
-1.48292e-09
1.22234e-09
3.33344e-09
-2.40522e-09
-7.70809e-09
4.01282e-09
1.81234e-08
-4.19825e-09
-4.23976e-08
-6.07945e-09
9.51848e-08
6.04478e-08
-1.91506e-07
-2.64197e-07
2.82362e-07
8.80526e-07
9.95267e-09
-2.62921e-06
-3.74929e-06
6.06461e-06
5.16155e-05
0.000201578
0.000647159
0.00191666
0.00543411
0.0149512
0.0404812
0.103363
0.219666
0.384724
0.571446
0.739422
0.86527
0.94189
0.977731
0.991515
0.99685
0.998861
0.999601
0.999867
0.999961
0.999992
1
1
1
0.999999
1
1
1
0.999994
0.999949
0.999798
0.999352
0.998083
0.994565
0.985048
0.959519
0.896639
0.780335
0.615275
0.428553
0.260581
0.134734
0.0581025
0.0222675
0.00847663
0.00315037
0.00114913
0.000394556
0.000135369
3.89763e-05
4.96344e-06
-3.16485e-07
0
