VARIABLEs = X,u
ZONE I=101
datapacking=block
0
0.01
0.02
0.03
0.04
0.05
0.06
0.07
0.08
0.09
0.1
0.11
0.12
0.13
0.14
0.15
0.16
0.17
0.18
0.19
0.2
0.21
0.22
0.23
0.24
0.25
0.26
0.27
0.28
0.29
0.3
0.31
0.32
0.33
0.34
0.35
0.36
0.37
0.38
0.39
0.4
0.41
0.42
0.43
0.44
0.45
0.46
0.47
0.48
0.49
0.5
0.51
0.52
0.53
0.54
0.55
0.56
0.57
0.58
0.59
0.6
0.61
0.62
0.63
0.64
0.65
0.66
0.67
0.68
0.69
0.7
0.71
0.72
0.73
0.74
0.75
0.76
0.77
0.78
0.79
0.8
0.81
0.82
0.83
0.84
0.85
0.86
0.87
0.88
0.89
0.9
0.91
0.92
0.93
0.94
0.95
0.96
0.97
0.98
0.99
1
0
-1.58824e-12
1.34406e-11
-2.57471e-12
-5.13199e-11
4.88262e-11
1.20286e-10
-2.17145e-10
-1.93382e-10
6.69914e-10
1.5502e-10
-1.7223e-09
3.10593e-10
4.00261e-09
-1.94221e-09
-8.85997e-09
6.3399e-09
1.94659e-08
-1.67684e-08
-4.39157e-08
3.92745e-08
1.04294e-07
-8.22123e-08
-2.64734e-07
1.39022e-07
7.1992e-07
-9.44741e-08
-2.37553e-06
-1.85128e-06
1.39546e-05
8.20257e-05
0.000315251
0.00105399
0.0033037
0.00992636
0.0288977
0.0820933
0.194924
0.367757
0.569532
0.749275
0.879053
0.952432
0.982978
0.993959
0.997922
0.999306
0.999779
0.999936
0.999986
0.999999
1
1
1
1
0.999999
1
1
1
0.999986
0.999918
0.999684
0.998946
0.996696
0.990074
0.971103
0.917908
0.805076
0.632241
0.430468
0.250725
0.120945
0.0475672
0.0170264
0.00604402
0.00207737
0.000692086
0.000220622
6.43308e-05
1.46626e-05
8.02028e-07
-1.32871e-06
-4.47075e-07
2.76056e-07
3.01959e-07
7.36994e-08
-5.00751e-08
-4.22351e-08
-3.75864e-09
1.02181e-08
5.13155e-09
-7.61182e-10
-1.6449e-09
-3.94412e-10
2.87538e-10
1.98628e-10
-7.76843e-12
-5.21018e-11
-1.1683e-11
6.11354e-12
0
