VARIABLEs = X,u
ZONE I=101
datapacking=block
0
0.01
0.02
0.03
0.04
0.05
0.06
0.07
0.08
0.09
0.1
0.11
0.12
0.13
0.14
0.15
0.16
0.17
0.18
0.19
0.2
0.21
0.22
0.23
0.24
0.25
0.26
0.27
0.28
0.29
0.3
0.31
0.32
0.33
0.34
0.35
0.36
0.37
0.38
0.39
0.4
0.41
0.42
0.43
0.44
0.45
0.46
0.47
0.48
0.49
0.5
0.51
0.52
0.53
0.54
0.55
0.56
0.57
0.58
0.59
0.6
0.61
0.62
0.63
0.64
0.65
0.66
0.67
0.68
0.69
0.7
0.71
0.72
0.73
0.74
0.75
0.76
0.77
0.78
0.79
0.8
0.81
0.82
0.83
0.84
0.85
0.86
0.87
0.88
0.89
0.9
0.91
0.92
0.93
0.94
0.95
0.96
0.97
0.98
0.99
1
0
-1.36242e-08
2.36151e-08
6.00634e-08
-1.35168e-07
-1.13299e-07
4.62984e-07
8.20673e-08
-1.60312e-06
9.06973e-07
2.80812e-05
0.000168028
0.000776694
0.00318694
0.0120377
0.0428601
0.139238
0.324025
0.561523
0.769325
0.906455
0.970389
0.990929
0.99736
0.999267
0.999807
0.999954
0.999992
1
1
1
1
1
1
1
1
1
1
1
0.999999
0.999972
0.999832
0.999224
0.996814
0.987964
0.957141
0.860763
0.675975
0.438477
0.230676
0.0935446
0.0296112
0.00907159
0.00263931
0.000732841
0.000192932
4.63857e-05
8.41744e-06
-6.36734e-08
-6.83442e-07
5.93924e-09
2.07215e-07
7.0764e-08
-2.45682e-08
-2.09979e-08
5.40424e-10
4.64646e-09
8.81242e-10
-7.74052e-10
-3.2119e-10
9.671e-11
7.85653e-11
-6.23269e-12
-1.56898e-11
-1.01124e-12
2.73013e-12
5.13539e-13
-4.24512e-13
-1.34837e-13
5.95566e-14
2.83985e-14
-7.50864e-15
-5.2898e-15
8.30838e-16
9.07787e-16
-7.49829e-17
-1.46741e-16
3.97041e-18
2.26674e-17
3.54191e-19
-3.37989e-18
-1.63067e-19
4.90158e-19
3.52962e-20
-6.95267e-20
-6.07368e-21
9.70211e-21
8.3112e-22
-1.21293e-21
3.56527e-23
0
