VARIABLEs = X,u
ZONE I=101
datapacking=block
0
0.01
0.02
0.03
0.04
0.05
0.06
0.07
0.08
0.09
0.1
0.11
0.12
0.13
0.14
0.15
0.16
0.17
0.18
0.19
0.2
0.21
0.22
0.23
0.24
0.25
0.26
0.27
0.28
0.29
0.3
0.31
0.32
0.33
0.34
0.35
0.36
0.37
0.38
0.39
0.4
0.41
0.42
0.43
0.44
0.45
0.46
0.47
0.48
0.49
0.5
0.51
0.52
0.53
0.54
0.55
0.56
0.57
0.58
0.59
0.6
0.61
0.62
0.63
0.64
0.65
0.66
0.67
0.68
0.69
0.7
0.71
0.72
0.73
0.74
0.75
0.76
0.77
0.78
0.79
0.8
0.81
0.82
0.83
0.84
0.85
0.86
0.87
0.88
0.89
0.9
0.91
0.92
0.93
0.94
0.95
0.96
0.97
0.98
0.99
1
0
-7.66075e-13
8.5319e-13
3.65474e-12
-6.57721e-12
-6.95279e-12
2.50681e-11
2.43103e-12
-6.90906e-11
3.42656e-11
1.55956e-10
-1.6185e-10
-3.04955e-10
5.10431e-10
5.32999e-10
-1.36102e-09
-8.54925e-10
3.32461e-09
1.31988e-09
-7.75762e-09
-2.20903e-09
1.77347e-08
4.86024e-09
-4.0285e-08
-1.48002e-08
9.11584e-08
5.3122e-08
-2.02799e-07
-1.97485e-07
4.21793e-07
7.19203e-07
-7.56794e-07
-3.07365e-06
-4.87515e-07
2.27365e-05
0.000112392
0.000403554
0.00129163
0.0039081
0.0113835
0.0323268
0.0887743
0.202995
0.373444
0.57027
0.746143
0.874692
0.949204
0.981427
0.993241
0.997612
0.999182
0.999732
0.999919
0.99998
0.999997
1
1
1
0.999999
0.999999
1
1
1
0.999977
0.999887
0.999596
0.998708
0.996092
0.988617
0.967674
0.911226
0.797004
0.626558
0.429732
0.253855
0.125307
0.0508014
0.0185782
0.00675777
0.00238479
0.000817607
0.000269225
8.19894e-05
2.03814e-05
2.1239e-06
-1.42382e-06
-7.39083e-07
1.86499e-07
3.70495e-07
1.48147e-07
-3.30269e-08
-5.82932e-08
-1.69939e-08
9.29291e-09
8.92885e-09
1.17284e-09
-2.08292e-09
-9.53696e-10
2.20881e-10
0
