VARIABLEs = X,u
ZONE I=101
datapacking=block
0
0.01
0.02
0.03
0.04
0.05
0.06
0.07
0.08
0.09
0.1
0.11
0.12
0.13
0.14
0.15
0.16
0.17
0.18
0.19
0.2
0.21
0.22
0.23
0.24
0.25
0.26
0.27
0.28
0.29
0.3
0.31
0.32
0.33
0.34
0.35
0.36
0.37
0.38
0.39
0.4
0.41
0.42
0.43
0.44
0.45
0.46
0.47
0.48
0.49
0.5
0.51
0.52
0.53
0.54
0.55
0.56
0.57
0.58
0.59
0.6
0.61
0.62
0.63
0.64
0.65
0.66
0.67
0.68
0.69
0.7
0.71
0.72
0.73
0.74
0.75
0.76
0.77
0.78
0.79
0.8
0.81
0.82
0.83
0.84
0.85
0.86
0.87
0.88
0.89
0.9
0.91
0.92
0.93
0.94
0.95
0.96
0.97
0.98
0.99
1
0
3.29196e-09
7.09556e-09
-2.45675e-08
-9.80628e-09
8.75293e-08
-1.99277e-08
-2.33014e-07
1.52377e-07
5.56527e-07
-6.64265e-07
-1.84666e-06
5.91086e-06
5.47411e-05
0.000270287
0.00111433
0.00419779
0.0147596
0.0500158
0.150849
0.33383
0.563644
0.765334
0.901086
0.967205
0.989587
0.99683
0.999075
0.999742
0.999934
0.999986
0.999999
1
1
1
1
1
1
1
0.999999
1
1
0.999994
0.999945
0.99973
0.998886
0.995803
0.985242
0.949986
0.849152
0.66617
0.436357
0.234666
0.0989144
0.0327952
0.0104115
0.00317068
0.000925267
0.000257474
6.63722e-05
1.38534e-05
8.90194e-07
-8.8121e-07
-1.84605e-07
2.25576e-07
1.39561e-07
-5.06194e-09
-3.28607e-08
-7.63533e-09
5.52152e-09
3.11714e-09
-4.57937e-10
-7.71761e-10
-6.86824e-11
1.46646e-10
4.24968e-11
-2.17201e-11
-1.22304e-11
2.21751e-12
2.70664e-12
-1.65338e-14
-5.09484e-13
-6.54737e-14
8.45878e-14
2.19901e-14
-1.25256e-14
-5.21007e-15
1.64182e-15
1.04985e-15
-1.83261e-16
-1.91189e-16
1.51386e-17
3.23987e-17
-2.05572e-19
-5.19839e-18
-2.77885e-19
8.01339e-19
7.45846e-20
-1.07636e-19
9.02842e-22
0
