VARIABLEs = X,u
ZONE I=101
datapacking=block
0
0.01
0.02
0.03
0.04
0.05
0.06
0.07
0.08
0.09
0.1
0.11
0.12
0.13
0.14
0.15
0.16
0.17
0.18
0.19
0.2
0.21
0.22
0.23
0.24
0.25
0.26
0.27
0.28
0.29
0.3
0.31
0.32
0.33
0.34
0.35
0.36
0.37
0.38
0.39
0.4
0.41
0.42
0.43
0.44
0.45
0.46
0.47
0.48
0.49
0.5
0.51
0.52
0.53
0.54
0.55
0.56
0.57
0.58
0.59
0.6
0.61
0.62
0.63
0.64
0.65
0.66
0.67
0.68
0.69
0.7
0.71
0.72
0.73
0.74
0.75
0.76
0.77
0.78
0.79
0.8
0.81
0.82
0.83
0.84
0.85
0.86
0.87
0.88
0.89
0.9
0.91
0.92
0.93
0.94
0.95
0.96
0.97
0.98
0.99
1
0
3.30336e-08
-3.14087e-08
-1.65056e-07
2.36508e-07
3.95416e-07
-1.05358e-06
-8.80911e-07
1.483e-05
0.00010981
0.000566961
0.00251907
0.0101468
0.0377058
0.130237
0.316158
0.559689
0.772377
0.910522
0.972682
0.991875
0.997723
0.999393
0.999847
0.999965
0.999995
1
1
1
1
1
1
1
1
1
1
1
1
0.999985
0.99989
0.999434
0.997482
0.989854
0.962295
0.869764
0.683841
0.440311
0.227623
0.0894781
0.0273176
0.00812449
0.00227759
0.000607074
0.000152656
3.45676e-05
5.45163e-06
-4.48428e-07
-5.00333e-07
9.80335e-08
1.70822e-07
3.06703e-08
-2.74234e-08
-1.19608e-08
3.31034e-09
3.10065e-09
-8.80617e-11
-6.16324e-10
-8.02026e-11
1.03928e-10
2.91406e-11
-1.50899e-11
-6.99194e-12
1.86808e-12
1.39889e-12
-1.84036e-13
-2.5009e-13
1.00796e-14
4.13575e-14
1.18338e-15
-6.45473e-15
-5.41714e-16
9.64572e-16
1.24557e-16
-1.39542e-16
-2.30519e-17
1.97102e-17
3.78334e-18
-2.73722e-18
-5.70607e-19
3.75451e-19
8.03822e-20
-5.10075e-20
-1.064e-20
6.86685e-21
1.3224e-21
-9.14884e-22
-1.52438e-22
1.18834e-22
1.61931e-23
-1.01744e-23
0
