VARIABLEs = X,u
ZONE I=101
datapacking=block
0
0.01
0.02
0.03
0.04
0.05
0.06
0.07
0.08
0.09
0.1
0.11
0.12
0.13
0.14
0.15
0.16
0.17
0.18
0.19
0.2
0.21
0.22
0.23
0.24
0.25
0.26
0.27
0.28
0.29
0.3
0.31
0.32
0.33
0.34
0.35
0.36
0.37
0.38
0.39
0.4
0.41
0.42
0.43
0.44
0.45
0.46
0.47
0.48
0.49
0.5
0.51
0.52
0.53
0.54
0.55
0.56
0.57
0.58
0.59
0.6
0.61
0.62
0.63
0.64
0.65
0.66
0.67
0.68
0.69
0.7
0.71
0.72
0.73
0.74
0.75
0.76
0.77
0.78
0.79
0.8
0.81
0.82
0.83
0.84
0.85
0.86
0.87
0.88
0.89
0.9
0.91
0.92
0.93
0.94
0.95
0.96
0.97
0.98
0.99
1
0
3.57968e-11
3.56241e-10
-5.06659e-10
-1.00792e-09
2.43293e-09
1.45411e-09
-7.70708e-09
8.26862e-11
1.98964e-08
-8.0535e-09
-4.62925e-08
3.25353e-08
1.0398e-07
-9.62558e-08
-2.4048e-07
2.52863e-07
6.18446e-07
-6.90507e-07
-2.41948e-06
2.53207e-06
3.58286e-05
0.000169653
0.000640115
0.00219976
0.00715827
0.0222262
0.0679308
0.176748
0.354396
0.567489
0.756082
0.888473
0.959076
0.986032
0.995326
0.998493
0.999532
0.999862
0.999964
0.999994
1
1
1
1
1
1
0.999999
1
1
0.999997
0.999964
0.99983
0.99936
0.9978
0.992842
0.977775
0.93207
0.823252
0.645606
0.432512
0.243918
0.111528
0.0409254
0.0139654
0.00467238
0.00150781
0.000468872
0.000138067
3.59519e-05
6.24123e-06
-6.76273e-07
-8.61183e-07
1.46418e-08
2.97053e-07
1.36001e-07
-2.07406e-08
-4.24335e-08
-9.76711e-09
7.52918e-09
5.02661e-09
-2.31068e-10
-1.29677e-09
-3.3152e-10
2.12411e-10
1.36375e-10
-1.26315e-11
-3.42783e-11
-5.64203e-12
6.25538e-12
2.67332e-12
-7.60168e-13
-7.33628e-13
9.2272e-15
1.54916e-13
2.78629e-14
-2.66722e-14
-9.77669e-15
3.21717e-15
9.5658e-16
0
