VARIABLEs = X,u
ZONE I=101
datapacking=block
0
0.01
0.02
0.03
0.04
0.05
0.06
0.07
0.08
0.09
0.1
0.11
0.12
0.13
0.14
0.15
0.16
0.17
0.18
0.19
0.2
0.21
0.22
0.23
0.24
0.25
0.26
0.27
0.28
0.29
0.3
0.31
0.32
0.33
0.34
0.35
0.36
0.37
0.38
0.39
0.4
0.41
0.42
0.43
0.44
0.45
0.46
0.47
0.48
0.49
0.5
0.51
0.52
0.53
0.54
0.55
0.56
0.57
0.58
0.59
0.6
0.61
0.62
0.63
0.64
0.65
0.66
0.67
0.68
0.69
0.7
0.71
0.72
0.73
0.74
0.75
0.76
0.77
0.78
0.79
0.8
0.81
0.82
0.83
0.84
0.85
0.86
0.87
0.88
0.89
0.9
0.91
0.92
0.93
0.94
0.95
0.96
0.97
0.98
0.99
1
0
0.00180488
0.0269861
0.196288
0.524706
0.809028
0.954082
0.99136
0.998551
0.999788
0.999973
0.999998
1
1
1
1
1
1
1
1
1
1
1
1
1
1
1
1
1
1
1
0.998195
0.973014
0.803712
0.475294
0.190972
0.0459176
0.00864046
0.00144858
0.000211958
2.69116e-05
2.45819e-06
-2.98842e-07
-7.85435e-08
7.04679e-08
1.63784e-08
-7.64541e-09
-1.33073e-09
9.24084e-10
9.22416e-11
-9.70001e-11
-1.67888e-12
9.50094e-12
-8.36316e-13
-7.16461e-13
1.37537e-13
4.98821e-14
-2.00519e-14
-4.82284e-16
1.4188e-15
-1.153e-16
-1.09132e-16
3.39744e-17
-2.13136e-19
-1.82648e-18
2.17573e-19
1.34226e-19
-6.37998e-20
1.28803e-20
-1.49321e-21
4.64247e-22
-3.47676e-22
1.71947e-22
-5.97205e-23
1.60852e-23
-3.55017e-24
6.62609e-25
-1.06578e-25
1.49467e-26
-1.84047e-27
1.99728e-28
-1.91244e-29
1.61265e-30
-1.1235e-31
-2.44282e-32
1.31273e-31
-5.04402e-31
1.80196e-30
-5.97828e-30
1.83214e-29
-5.15306e-29
1.31989e-28
-3.05108e-28
6.29808e-28
-1.15273e-27
1.91641e-27
-3.08497e-27
3.57371e-27
2.73891e-27
-1.00301e-26
0
