VARIABLEs = X,u
ZONE I=101
datapacking=block
0
0.01
0.02
0.03
0.04
0.05
0.06
0.07
0.08
0.09
0.1
0.11
0.12
0.13
0.14
0.15
0.16
0.17
0.18
0.19
0.2
0.21
0.22
0.23
0.24
0.25
0.26
0.27
0.28
0.29
0.3
0.31
0.32
0.33
0.34
0.35
0.36
0.37
0.38
0.39
0.4
0.41
0.42
0.43
0.44
0.45
0.46
0.47
0.48
0.49
0.5
0.51
0.52
0.53
0.54
0.55
0.56
0.57
0.58
0.59
0.6
0.61
0.62
0.63
0.64
0.65
0.66
0.67
0.68
0.69
0.7
0.71
0.72
0.73
0.74
0.75
0.76
0.77
0.78
0.79
0.8
0.81
0.82
0.83
0.84
0.85
0.86
0.87
0.88
0.89
0.9
0.91
0.92
0.93
0.94
0.95
0.96
0.97
0.98
0.99
1
0
-1.50687e-11
5.0199e-11
4.37411e-11
-2.36653e-10
3.38441e-11
6.92583e-10
-5.30678e-10
-1.56242e-09
2.17447e-09
2.94933e-09
-6.54565e-09
-4.86094e-09
1.7083e-08
7.30095e-09
-4.15563e-08
-1.11459e-08
9.84783e-08
2.25634e-08
-2.3506e-07
-7.49177e-08
5.80695e-07
3.29362e-07
-1.67067e-06
-2.41349e-06
8.11227e-06
5.99366e-05
0.000247967
0.000867013
0.00281459
0.00872041
0.0260175
0.0761793
0.187525
0.362416
0.568764
0.752084
0.882952
0.955235
0.984285
0.994553
0.998174
0.999407
0.999816
0.999949
0.99999
1
1
1
1
1
0.999999
1
1
1
0.999992
0.99994
0.999752
0.999133
0.997185
0.99128
0.973983
0.923822
0.812477
0.637584
0.431236
0.247918
0.117049
0.0447614
0.015714
0.00544909
0.00182664
0.000592178
0.000182985
5.11023e-05
1.05938e-05
-5.60456e-09
-1.16382e-06
-2.24726e-07
3.09327e-07
2.32251e-07
2.34409e-08
-5.23778e-08
-2.73182e-08
3.52337e-09
8.67791e-09
2.28283e-09
-1.43096e-09
-1.07122e-09
6.46495e-12
2.68222e-10
8.12493e-11
-4.06467e-11
-3.11514e-11
8.85482e-13
7.51007e-12
1.76312e-12
-1.30434e-12
-6.17891e-13
1.44716e-13
0
