VARIABLEs = X,u
ZONE I=101
datapacking=block
0
0.01
0.02
0.03
0.04
0.05
0.06
0.07
0.08
0.09
0.1
0.11
0.12
0.13
0.14
0.15
0.16
0.17
0.18
0.19
0.2
0.21
0.22
0.23
0.24
0.25
0.26
0.27
0.28
0.29
0.3
0.31
0.32
0.33
0.34
0.35
0.36
0.37
0.38
0.39
0.4
0.41
0.42
0.43
0.44
0.45
0.46
0.47
0.48
0.49
0.5
0.51
0.52
0.53
0.54
0.55
0.56
0.57
0.58
0.59
0.6
0.61
0.62
0.63
0.64
0.65
0.66
0.67
0.68
0.69
0.7
0.71
0.72
0.73
0.74
0.75
0.76
0.77
0.78
0.79
0.8
0.81
0.82
0.83
0.84
0.85
0.86
0.87
0.88
0.89
0.9
0.91
0.92
0.93
0.94
0.95
0.96
0.97
0.98
0.99
1
0
5.36893e-12
-2.66624e-11
-7.84659e-12
1.12843e-10
-6.09722e-11
-2.98473e-10
3.64422e-10
5.90302e-10
-1.25895e-09
-8.88606e-10
3.48325e-09
8.48348e-10
-8.59256e-09
3.56431e-10
2.00401e-08
-4.35001e-09
-4.60155e-08
1.35617e-08
1.07238e-07
-2.84731e-08
-2.59879e-07
2.73379e-08
6.65969e-07
1.3353e-07
-2.0368e-06
-2.19318e-06
1.08915e-05
7.07065e-05
0.000281176
0.000960045
0.00305965
0.00932809
0.0274737
0.0792059
0.191343
0.365188
0.569171
0.750642
0.880951
0.953806
0.983623
0.994254
0.998048
0.999357
0.999798
0.999943
0.999988
1
1
1
1
1
0.999999
1
1
1
0.999989
0.999929
0.999719
0.99904
0.99694
0.990672
0.972527
0.920796
0.808658
0.634811
0.430828
0.249359
0.119047
0.0461907
0.0163788
0.00574935
0.00195252
0.000642041
0.000201643
5.76062e-05
1.25678e-05
3.69223e-07
-1.2557e-06
-3.33676e-07
2.97287e-07
2.68423e-07
4.72202e-08
-5.24701e-08
-3.4856e-08
3.08238e-10
9.66214e-09
3.64752e-09
-1.19307e-09
-1.37601e-09
-1.69465e-10
2.92395e-10
1.37271e-10
-2.91751e-11
-4.24386e-11
-5.42609e-12
8.7365e-12
3.1381e-12
-9.81627e-13
0
