VARIABLEs = X,u
ZONE I=101
datapacking=block
0
0.01
0.02
0.03
0.04
0.05
0.06
0.07
0.08
0.09
0.1
0.11
0.12
0.13
0.14
0.15
0.16
0.17
0.18
0.19
0.2
0.21
0.22
0.23
0.24
0.25
0.26
0.27
0.28
0.29
0.3
0.31
0.32
0.33
0.34
0.35
0.36
0.37
0.38
0.39
0.4
0.41
0.42
0.43
0.44
0.45
0.46
0.47
0.48
0.49
0.5
0.51
0.52
0.53
0.54
0.55
0.56
0.57
0.58
0.59
0.6
0.61
0.62
0.63
0.64
0.65
0.66
0.67
0.68
0.69
0.7
0.71
0.72
0.73
0.74
0.75
0.76
0.77
0.78
0.79
0.8
0.81
0.82
0.83
0.84
0.85
0.86
0.87
0.88
0.89
0.9
0.91
0.92
0.93
0.94
0.95
0.96
0.97
0.98
0.99
1
0
0.000252224
0.00456573
0.0407622
0.219919
0.532278
0.803245
0.94781
0.989241
0.99796
0.999657
0.999949
0.999994
1
1
1
1
1
1
1
1
1
1
1
1
1
1
1
1
1
1
0.999748
0.995434
0.959238
0.780081
0.467722
0.196755
0.05219
0.010759
0.00204035
0.000342526
5.10527e-05
6.18245e-06
-1.83614e-08
-2.45697e-07
6.89434e-08
5.00306e-08
-5.07244e-09
-6.10819e-09
8.1739e-10
7.31468e-10
-1.06346e-10
-8.09372e-11
1.6656e-11
7.49884e-12
-2.177e-12
-6.10677e-13
2.71397e-13
3.23314e-14
-2.82788e-14
-2.24267e-17
2.53331e-15
-2.93996e-16
-1.84829e-16
5.15401e-17
7.0896e-18
-4.81137e-18
1.09796e-20
4.35274e-19
-9.44716e-20
-9.68967e-21
6.6408e-21
1.252e-22
-7.04213e-22
1.92706e-22
-8.44075e-24
-6.14913e-24
1.9581e-25
9.86282e-25
-4.72686e-25
1.33045e-25
-3.22343e-26
1.0101e-26
-4.1361e-27
1.62948e-27
-5.44491e-28
1.51564e-28
-3.08961e-29
-9.08652e-30
4.07917e-29
-9.65523e-29
2.01975e-28
-3.82009e-28
6.54319e-28
-1.03129e-27
1.60309e-27
-2.71413e-27
3.43214e-27
2.56435e-27
-9.82989e-27
0
