VARIABLEs = X,u
ZONE I=101
datapacking=block
0
0.01
0.02
0.03
0.04
0.05
0.06
0.07
0.08
0.09
0.1
0.11
0.12
0.13
0.14
0.15
0.16
0.17
0.18
0.19
0.2
0.21
0.22
0.23
0.24
0.25
0.26
0.27
0.28
0.29
0.3
0.31
0.32
0.33
0.34
0.35
0.36
0.37
0.38
0.39
0.4
0.41
0.42
0.43
0.44
0.45
0.46
0.47
0.48
0.49
0.5
0.51
0.52
0.53
0.54
0.55
0.56
0.57
0.58
0.59
0.6
0.61
0.62
0.63
0.64
0.65
0.66
0.67
0.68
0.69
0.7
0.71
0.72
0.73
0.74
0.75
0.76
0.77
0.78
0.79
0.8
0.81
0.82
0.83
0.84
0.85
0.86
0.87
0.88
0.89
0.9
0.91
0.92
0.93
0.94
0.95
0.96
0.97
0.98
0.99
1
0
0.460698
0.854425
0.982665
0.998545
0.999923
0.999998
1
1
1
1
1
1
1
1
1
1
1
1
1
1
1
1
1
1
1
1
1
1
1
1
0.539302
0.145575
0.0173351
0.00145518
7.73744e-05
2.10539e-06
-5.9271e-08
6.95574e-09
-5.07486e-14
3.11209e-15
-5.63162e-18
2.35475e-19
-8.80539e-23
2.80465e-24
-2.20193e-28
7.73287e-30
-1.74031e-31
3.72109e-33
0
0
0
0
0
0
0
0
0
0
0
0
0
0
0
0
0
0
0
0
0
0
0
0
0
0
0
0
0
0
0
0
0
0
0
0
0
0
0
-1.31204e-35
6.42899e-34
-1.46642e-32
2.02697e-31
-1.92289e-30
1.34869e-29
-7.93578e-29
4.201e-28
-1.77159e-27
4.17691e-27
-1.72803e-27
-5.58146e-27
0
