VARIABLEs = X,u
ZONE I=101
datapacking=block
0
0.01
0.02
0.03
0.04
0.05
0.06
0.07
0.08
0.09
0.1
0.11
0.12
0.13
0.14
0.15
0.16
0.17
0.18
0.19
0.2
0.21
0.22
0.23
0.24
0.25
0.26
0.27
0.28
0.29
0.3
0.31
0.32
0.33
0.34
0.35
0.36
0.37
0.38
0.39
0.4
0.41
0.42
0.43
0.44
0.45
0.46
0.47
0.48
0.49
0.5
0.51
0.52
0.53
0.54
0.55
0.56
0.57
0.58
0.59
0.6
0.61
0.62
0.63
0.64
0.65
0.66
0.67
0.68
0.69
0.7
0.71
0.72
0.73
0.74
0.75
0.76
0.77
0.78
0.79
0.8
0.81
0.82
0.83
0.84
0.85
0.86
0.87
0.88
0.89
0.9
0.91
0.92
0.93
0.94
0.95
0.96
0.97
0.98
0.99
1
0
-7.6537e-16
-1.28466e-14
1.60532e-14
3.64999e-14
-8.45068e-14
-4.33652e-14
2.71093e-13
-7.37246e-14
-6.55312e-13
5.9621e-13
1.26655e-12
-2.14746e-12
-1.90571e-12
5.98518e-12
1.72895e-12
-1.45316e-11
1.6568e-12
3.24127e-11
-1.40979e-11
-6.8692e-11
4.88301e-11
1.42088e-10
-1.34439e-10
-2.93889e-10
3.30283e-10
6.21036e-10
-7.53614e-10
-1.36188e-09
1.6162e-09
3.11698e-09
-3.22663e-09
-7.40133e-09
5.73417e-09
1.79382e-08
-7.72991e-09
-4.32753e-08
7.01146e-10
1.00136e-07
4.93261e-08
-2.08226e-07
-2.52722e-07
3.25309e-07
8.92293e-07
-7.38873e-08
-2.76584e-06
-3.73246e-06
6.72622e-06
5.41303e-05
0.000208903
0.000666466
0.00196476
0.00554871
0.0152142
0.0410678
0.104352
0.220754
0.385439
0.571506
0.738969
0.864634
0.941381
0.977465
0.99139
0.996794
0.998836
0.99959
0.999862
0.999959
0.999992
1
1
1
0.999999
1
1
1
0.999994
0.999946
0.999791
0.999333
0.998035
0.99445
0.984785
0.958932
0.89565
0.779248
0.61456
0.428491
0.261036
0.135366
0.0586167
0.0225364
0.00858133
0.00323107
0.0011611
0.000402937
0.00015168
3.57516e-05
2.35923e-06
0
