VARIABLEs = X,u
ZONE I=101
datapacking=block
0
0.01
0.02
0.03
0.04
0.05
0.06
0.07
0.08
0.09
0.1
0.11
0.12
0.13
0.14
0.15
0.16
0.17
0.18
0.19
0.2
0.21
0.22
0.23
0.24
0.25
0.26
0.27
0.28
0.29
0.3
0.31
0.32
0.33
0.34
0.35
0.36
0.37
0.38
0.39
0.4
0.41
0.42
0.43
0.44
0.45
0.46
0.47
0.48
0.49
0.5
0.51
0.52
0.53
0.54
0.55
0.56
0.57
0.58
0.59
0.6
0.61
0.62
0.63
0.64
0.65
0.66
0.67
0.68
0.69
0.7
0.71
0.72
0.73
0.74
0.75
0.76
0.77
0.78
0.79
0.8
0.81
0.82
0.83
0.84
0.85
0.86
0.87
0.88
0.89
0.9
0.91
0.92
0.93
0.94
0.95
0.96
0.97
0.98
0.99
1
0
5.74643e-14
-2.12086e-13
-1.40256e-13
9.67215e-13
-3.27734e-13
-2.67375e-12
2.84095e-12
5.30321e-12
-1.06952e-11
-7.16412e-12
3.02914e-11
2.15929e-12
-7.32948e-11
2.59865e-11
1.60757e-10
-1.15756e-10
-3.32396e-10
3.53016e-10
6.70228e-10
-9.23664e-10
-1.36306e-09
2.22134e-09
2.88807e-09
-5.05351e-09
-6.52674e-09
1.09682e-08
1.58219e-08
-2.24524e-08
-4.05878e-08
4.12847e-08
1.07254e-07
-5.69973e-08
-2.82053e-07
-7.88408e-09
7.00376e-07
4.9564e-07
-1.62786e-06
-3.59424e-06
2.03646e-06
3.51085e-05
0.000152006
0.000514001
0.00157964
0.00462082
0.0130664
0.0362178
0.0959419
0.211341
0.379168
0.570917
0.742825
0.870052
0.945656
0.979663
0.992419
0.997254
0.999033
0.999673
0.999896
0.999971
0.999995
1
1
1
0.999999
0.999999
1
1
0.999998
0.999965
0.999848
0.999486
0.99842
0.995379
0.986933
0.963782
0.904058
0.788661
0.620836
0.429084
0.257175
0.129952
0.0543478
0.020333
0.00757494
0.00274467
0.000968232
0.000329194
0.00010451
2.80393e-05
4.12549e-06
-1.3685e-06
-1.08246e-06
2.21549e-08
4.1692e-07
2.48326e-07
-2.34065e-09
-6.64166e-08
-7.50984e-09
0
