VARIABLEs = X,u
ZONE I=101
datapacking=block
0
0.01
0.02
0.03
0.04
0.05
0.06
0.07
0.08
0.09
0.1
0.11
0.12
0.13
0.14
0.15
0.16
0.17
0.18
0.19
0.2
0.21
0.22
0.23
0.24
0.25
0.26
0.27
0.28
0.29
0.3
0.31
0.32
0.33
0.34
0.35
0.36
0.37
0.38
0.39
0.4
0.41
0.42
0.43
0.44
0.45
0.46
0.47
0.48
0.49
0.5
0.51
0.52
0.53
0.54
0.55
0.56
0.57
0.58
0.59
0.6
0.61
0.62
0.63
0.64
0.65
0.66
0.67
0.68
0.69
0.7
0.71
0.72
0.73
0.74
0.75
0.76
0.77
0.78
0.79
0.8
0.81
0.82
0.83
0.84
0.85
0.86
0.87
0.88
0.89
0.9
0.91
0.92
0.93
0.94
0.95
0.96
0.97
0.98
0.99
1
0
1.34924e-13
5.37976e-13
-1.25524e-12
-1.0355e-12
5.04697e-12
-6.82179e-13
-1.37922e-11
1.08506e-11
2.92488e-11
-4.38707e-11
-4.94074e-11
1.29942e-10
6.11948e-11
-3.3035e-10
-2.54463e-11
7.70917e-10
-1.5228e-10
-1.72069e-09
6.73812e-10
3.78598e-09
-1.92377e-09
-8.40157e-09
4.50104e-09
1.90836e-08
-8.81101e-09
-4.45762e-08
1.24462e-08
1.06286e-07
1.70697e-09
-2.53199e-07
-1.13761e-07
5.73294e-07
6.34245e-07
-1.18845e-06
-3.3787e-06
6.597e-07
2.86945e-05
0.000131818
0.000458263
0.0014354
0.00426625
0.0122333
0.0343011
0.0924622
0.207329
0.376436
0.570621
0.744431
0.8723
0.947389
0.980532
0.992824
0.997431
0.999107
0.999703
0.999908
0.999976
0.999996
1
1
1
0.999999
0.999999
1
1
0.999999
0.999971
0.999868
0.999541
0.998564
0.995733
0.987767
0.965699
0.907537
0.792672
0.623568
0.429381
0.255568
0.127701
0.0526162
0.0194689
0.00717141
0.00256595
0.00089297
0.000299023
9.3088e-05
2.41105e-05
3.07102e-06
-1.41928e-06
-9.13342e-07
1.11013e-07
3.99284e-07
1.95914e-07
-1.55142e-08
-6.51948e-08
-2.68427e-08
8.22515e-09
9.92662e-09
-2.4976e-10
0
