VARIABLEs = X,u
ZONE I=101
datapacking=block
0
0.01
0.02
0.03
0.04
0.05
0.06
0.07
0.08
0.09
0.1
0.11
0.12
0.13
0.14
0.15
0.16
0.17
0.18
0.19
0.2
0.21
0.22
0.23
0.24
0.25
0.26
0.27
0.28
0.29
0.3
0.31
0.32
0.33
0.34
0.35
0.36
0.37
0.38
0.39
0.4
0.41
0.42
0.43
0.44
0.45
0.46
0.47
0.48
0.49
0.5
0.51
0.52
0.53
0.54
0.55
0.56
0.57
0.58
0.59
0.6
0.61
0.62
0.63
0.64
0.65
0.66
0.67
0.68
0.69
0.7
0.71
0.72
0.73
0.74
0.75
0.76
0.77
0.78
0.79
0.8
0.81
0.82
0.83
0.84
0.85
0.86
0.87
0.88
0.89
0.9
0.91
0.92
0.93
0.94
0.95
0.96
0.97
0.98
0.99
1
0
1.62442e-07
1.09216e-07
-1.16498e-06
6.43003e-07
2.73504e-05
0.000213672
0.00125206
0.00620337
0.0264971
0.107729
0.295426
0.55438
0.779892
0.92031
0.977767
0.993915
0.998457
0.999632
0.999919
0.999985
0.999999
1
1
1
1
1
1
1
1
1
1
1
1
0.999999
0.999973
0.999787
0.998749
0.993797
0.973502
0.89227
0.704574
0.445621
0.220108
0.0796898
0.0222332
0.00608482
0.00154333
0.000367914
8.1486e-05
1.54016e-05
1.28301e-06
-6.27605e-07
-1.04105e-07
1.59417e-07
6.57962e-08
-1.61767e-08
-1.4395e-08
1.03618e-09
2.80016e-09
1.75897e-10
-4.66291e-10
-7.69103e-11
7.08091e-11
1.853e-11
-1.00192e-11
-3.57028e-12
1.34591e-12
6.10134e-13
-1.75573e-13
-9.58192e-14
2.26715e-14
1.41215e-14
-2.95222e-15
-1.97596e-15
3.93701e-16
2.63544e-16
-5.37631e-17
-3.36113e-17
7.48587e-18
4.08138e-18
-1.04464e-18
-4.69444e-19
1.44069e-19
5.04757e-20
-1.93543e-20
-4.95537e-21
2.50238e-21
4.23371e-22
-3.08796e-22
-2.7143e-23
3.59507e-23
3.63411e-25
-3.91182e-24
2.72343e-25
3.92252e-25
-6.53318e-26
-3.05378e-26
1.12352e-26
-8.69366e-27
0
