VARIABLEs = X,u
ZONE I=101
datapacking=block
0
0.01
0.02
0.03
0.04
0.05
0.06
0.07
0.08
0.09
0.1
0.11
0.12
0.13
0.14
0.15
0.16
0.17
0.18
0.19
0.2
0.21
0.22
0.23
0.24
0.25
0.26
0.27
0.28
0.29
0.3
0.31
0.32
0.33
0.34
0.35
0.36
0.37
0.38
0.39
0.4
0.41
0.42
0.43
0.44
0.45
0.46
0.47
0.48
0.49
0.5
0.51
0.52
0.53
0.54
0.55
0.56
0.57
0.58
0.59
0.6
0.61
0.62
0.63
0.64
0.65
0.66
0.67
0.68
0.69
0.7
0.71
0.72
0.73
0.74
0.75
0.76
0.77
0.78
0.79
0.8
0.81
0.82
0.83
0.84
0.85
0.86
0.87
0.88
0.89
0.9
0.91
0.92
0.93
0.94
0.95
0.96
0.97
0.98
0.99
1
0
5.81151e-10
-3.80409e-09
-2.75364e-10
1.53237e-08
-9.47951e-09
-4.02999e-08
4.72973e-08
8.59836e-08
-1.54791e-07
-1.66422e-07
4.3991e-07
3.25273e-07
-1.44013e-06
-1.25072e-06
1.35899e-05
8.81289e-05
0.000385467
0.00146864
0.00520264
0.017355
0.056514
0.160712
0.341875
0.565242
0.761874
0.896392
0.964283
0.988335
0.996314
0.99888
0.999674
0.999912
0.99998
0.999998
1
1
1
1
1
1
1
1
1
1
0.999986
0.999912
0.999614
0.998532
0.994798
0.982646
0.943487
0.83929
0.658125
0.434758
0.238127
0.103608
0.0357157
0.0116659
0.0036868
0.00111967
0.000325652
8.85931e-05
2.03441e-05
2.27911e-06
-9.55042e-07
-4.09449e-07
1.96597e-07
2.06389e-07
3.12456e-08
-3.83833e-08
-1.91287e-08
3.55203e-09
5.564e-09
7.18504e-10
-1.07199e-09
-4.27689e-10
1.34021e-10
1.23258e-10
-1.74511e-12
-2.62807e-11
-4.86592e-12
4.4475e-12
1.78964e-12
-5.73814e-13
-4.46706e-13
4.03426e-14
9.1621e-14
5.63832e-15
-1.63341e-14
-3.19481e-15
2.57814e-15
8.8521e-16
-3.58742e-16
-1.95109e-16
4.24606e-17
3.79068e-17
-4.13256e-18
-6.08185e-18
6.88207e-19
0
