VARIABLEs = X,u
ZONE I=101
datapacking=block
0
0.01
0.02
0.03
0.04
0.05
0.06
0.07
0.08
0.09
0.1
0.11
0.12
0.13
0.14
0.15
0.16
0.17
0.18
0.19
0.2
0.21
0.22
0.23
0.24
0.25
0.26
0.27
0.28
0.29
0.3
0.31
0.32
0.33
0.34
0.35
0.36
0.37
0.38
0.39
0.4
0.41
0.42
0.43
0.44
0.45
0.46
0.47
0.48
0.49
0.5
0.51
0.52
0.53
0.54
0.55
0.56
0.57
0.58
0.59
0.6
0.61
0.62
0.63
0.64
0.65
0.66
0.67
0.68
0.69
0.7
0.71
0.72
0.73
0.74
0.75
0.76
0.77
0.78
0.79
0.8
0.81
0.82
0.83
0.84
0.85
0.86
0.87
0.88
0.89
0.9
0.91
0.92
0.93
0.94
0.95
0.96
0.97
0.98
0.99
1
0
-8.71322e-14
-2.03841e-13
6.83243e-13
2.06101e-13
-2.4565e-12
1.25238e-12
6.05424e-12
-7.39422e-12
-1.1153e-11
2.51047e-11
1.41131e-11
-6.78246e-11
-2.86808e-12
1.60975e-10
-5.37689e-11
-3.53527e-10
2.28205e-10
7.45592e-10
-6.79217e-10
-1.5592e-09
1.74116e-09
3.32735e-09
-4.08509e-09
-7.40823e-09
8.94071e-09
1.73848e-08
-1.80722e-08
-4.27963e-08
3.17537e-08
1.08493e-07
-3.70058e-08
-2.74925e-07
-4.51251e-08
6.61075e-07
5.47277e-07
-1.48124e-06
-3.5324e-06
1.5529e-06
3.29226e-05
0.000145198
0.000495318
0.00153153
0.00450303
0.0127905
0.0355851
0.0948038
0.210037
0.378284
0.570824
0.74335
0.870787
0.946225
0.97995
0.992553
0.997312
0.999058
0.999683
0.9999
0.999973
0.999996
1
1
1
0.999999
0.999999
1
1
0.999999
0.999967
0.999855
0.999504
0.998468
0.995497
0.987209
0.964415
0.905196
0.789965
0.62172
0.429177
0.25665
0.129216
0.0537793
0.0200478
0.00744152
0.00268537
0.000943162
0.0003191
0.000100669
2.67086e-05
3.76236e-06
-1.39044e-06
-1.02692e-06
5.31476e-08
4.12664e-07
2.28436e-07
-7.83616e-10
-7.12954e-08
-2.79993e-08
7.86226e-09
0
