VARIABLEs = X,u
ZONE I=101
datapacking=block
0
0.01
0.02
0.03
0.04
0.05
0.06
0.07
0.08
0.09
0.1
0.11
0.12
0.13
0.14
0.15
0.16
0.17
0.18
0.19
0.2
0.21
0.22
0.23
0.24
0.25
0.26
0.27
0.28
0.29
0.3
0.31
0.32
0.33
0.34
0.35
0.36
0.37
0.38
0.39
0.4
0.41
0.42
0.43
0.44
0.45
0.46
0.47
0.48
0.49
0.5
0.51
0.52
0.53
0.54
0.55
0.56
0.57
0.58
0.59
0.6
0.61
0.62
0.63
0.64
0.65
0.66
0.67
0.68
0.69
0.7
0.71
0.72
0.73
0.74
0.75
0.76
0.77
0.78
0.79
0.8
0.81
0.82
0.83
0.84
0.85
0.86
0.87
0.88
0.89
0.9
0.91
0.92
0.93
0.94
0.95
0.96
0.97
0.98
0.99
1
0
1.2007e-13
2.97816e-12
-3.31948e-12
-8.96955e-12
1.83005e-11
1.3631e-11
-6.10506e-11
1.71283e-12
1.57614e-10
-8.82863e-11
-3.46119e-10
3.66666e-10
6.80658e-10
-1.10391e-09
-1.24748e-09
2.88264e-09
2.23275e-09
-6.98262e-09
-4.17993e-09
1.62496e-08
8.9107e-09
-3.70298e-08
-2.27337e-08
8.31178e-08
6.74866e-08
-1.81724e-07
-2.1899e-07
3.67146e-07
7.34152e-07
-6.16928e-07
-2.95247e-06
-8.16475e-07
2.08601e-05
0.000106105
0.000385581
0.00124386
0.00378794
0.0110962
0.0316552
0.0874945
0.201472
0.372382
0.570139
0.74674
0.875524
0.949828
0.981731
0.993382
0.997673
0.999207
0.999741
0.999923
0.999981
0.999998
1
1
1
0.999999
0.999999
1
1
1
0.999979
0.999894
0.999614
0.998756
0.996212
0.988904
0.968345
0.912506
0.798528
0.627619
0.429863
0.253258
0.124475
0.0501765
0.0182749
0.00661753
0.00232385
0.000792481
0.000259389
7.8369e-05
1.91859e-05
1.83317e-06
-1.41501e-06
-6.80435e-07
2.0826e-07
3.58752e-07
1.32577e-07
-3.76812e-08
-5.54669e-08
-1.40571e-08
9.76909e-09
8.18549e-09
6.95454e-10
-1.99851e-09
-9.11017e-10
1.85432e-10
1.35387e-10
0
