VARIABLEs = X,u
ZONE I=101
datapacking=block
0
0.01
0.02
0.03
0.04
0.05
0.06
0.07
0.08
0.09
0.1
0.11
0.12
0.13
0.14
0.15
0.16
0.17
0.18
0.19
0.2
0.21
0.22
0.23
0.24
0.25
0.26
0.27
0.28
0.29
0.3
0.31
0.32
0.33
0.34
0.35
0.36
0.37
0.38
0.39
0.4
0.41
0.42
0.43
0.44
0.45
0.46
0.47
0.48
0.49
0.5
0.51
0.52
0.53
0.54
0.55
0.56
0.57
0.58
0.59
0.6
0.61
0.62
0.63
0.64
0.65
0.66
0.67
0.68
0.69
0.7
0.71
0.72
0.73
0.74
0.75
0.76
0.77
0.78
0.79
0.8
0.81
0.82
0.83
0.84
0.85
0.86
0.87
0.88
0.89
0.9
0.91
0.92
0.93
0.94
0.95
0.96
0.97
0.98
0.99
1
0
-2.48594e-09
-1.35299e-07
1.12162e-07
4.49799e-07
-7.13227e-07
-1.32866e-06
9.71791e-06
8.44958e-05
0.000468772
0.00219053
0.00917835
0.0350135
0.125255
0.311701
0.558602
0.774054
0.912736
0.973888
0.992366
0.997905
0.999455
0.999866
0.999971
0.999996
1
1
1
1
1
1
1
1
1
1
1
1
0.99999
0.999916
0.999532
0.997811
0.990823
0.964987
0.874745
0.688299
0.441398
0.225946
0.0872637
0.026113
0.0076334
0.00209495
0.000545403
0.000133555
2.91793e-05
4.18222e-06
-5.65254e-07
-3.99964e-07
1.29984e-07
1.47011e-07
1.40724e-08
-2.60654e-08
-7.76767e-09
3.84917e-09
2.2429e-09
-3.66885e-10
-4.78774e-10
-2.72576e-14
8.73285e-11
1.07541e-11
-1.41284e-11
-3.33981e-12
2.07794e-12
7.43349e-13
-2.81629e-13
-1.41267e-13
3.54391e-14
2.43614e-14
-4.1725e-15
-3.92162e-15
4.63155e-16
5.9963e-16
-4.93409e-17
-8.80347e-17
5.24678e-18
1.24976e-17
-5.9755e-19
-1.72352e-18
7.89307e-20
2.31345e-19
-1.21914e-20
-3.02401e-20
2.0589e-21
3.84294e-21
-3.52417e-22
-4.73311e-22
5.86103e-23
5.61917e-23
-9.38251e-24
-6.05667e-24
1.24955e-24
0
