VARIABLEs = X,u
ZONE I=101
datapacking=block
0
0.01
0.02
0.03
0.04
0.05
0.06
0.07
0.08
0.09
0.1
0.11
0.12
0.13
0.14
0.15
0.16
0.17
0.18
0.19
0.2
0.21
0.22
0.23
0.24
0.25
0.26
0.27
0.28
0.29
0.3
0.31
0.32
0.33
0.34
0.35
0.36
0.37
0.38
0.39
0.4
0.41
0.42
0.43
0.44
0.45
0.46
0.47
0.48
0.49
0.5
0.51
0.52
0.53
0.54
0.55
0.56
0.57
0.58
0.59
0.6
0.61
0.62
0.63
0.64
0.65
0.66
0.67
0.68
0.69
0.7
0.71
0.72
0.73
0.74
0.75
0.76
0.77
0.78
0.79
0.8
0.81
0.82
0.83
0.84
0.85
0.86
0.87
0.88
0.89
0.9
0.91
0.92
0.93
0.94
0.95
0.96
0.97
0.98
0.99
1
0
-0.000155407
-0.000302475
0.00110148
0.00227729
-0.00259521
-0.0103068
-0.00328267
0.0243763
0.0408884
0.00290818
-0.0839358
-0.147693
-0.105841
0.0651229
0.315846
0.567781
0.764018
0.888449
0.954288
0.983758
0.995004
0.998672
0.99969
0.999954
1
0.999926
1.00003
1.00026
0.999754
0.99917
1.00089
1.00265
0.998086
0.99187
1.00016
1.02015
1.01761
0.973743
0.932633
0.964755
1.07653
1.18095
1.16991
1.00608
0.742655
0.470554
0.256717
0.120976
0.049348
0.0174375
0.00533313
0.00140819
0.000319594
6.19304e-05
1.01504e-05
1.38886e-06
1.55776e-07
1.39543e-08
9.60258e-10
4.76734e-11
1.52025e-12
2.33884e-14
0
0
0
0
0
0
0
0
0
0
0
0
0
0
0
0
0
0
0
0
0
0
0
0
0
0
0
0
0
0
0
0
0
0
0
0
0
3.16271e-99
