VARIABLEs = X,u
ZONE I=101
datapacking=block
0
0.01
0.02
0.03
0.04
0.05
0.06
0.07
0.08
0.09
0.1
0.11
0.12
0.13
0.14
0.15
0.16
0.17
0.18
0.19
0.2
0.21
0.22
0.23
0.24
0.25
0.26
0.27
0.28
0.29
0.3
0.31
0.32
0.33
0.34
0.35
0.36
0.37
0.38
0.39
0.4
0.41
0.42
0.43
0.44
0.45
0.46
0.47
0.48
0.49
0.5
0.51
0.52
0.53
0.54
0.55
0.56
0.57
0.58
0.59
0.6
0.61
0.62
0.63
0.64
0.65
0.66
0.67
0.68
0.69
0.7
0.71
0.72
0.73
0.74
0.75
0.76
0.77
0.78
0.79
0.8
0.81
0.82
0.83
0.84
0.85
0.86
0.87
0.88
0.89
0.9
0.91
0.92
0.93
0.94
0.95
0.96
0.97
0.98
0.99
1
0
-0.00171208
-0.00332467
0.0105837
0.0262778
-0.00704397
-0.0899598
-0.124042
-0.00712585
0.251573
0.546073
0.776293
0.910607
0.971149
0.992538
0.998474
0.999759
0.999972
0.999998
1
1
0.999996
1.00001
0.999971
1.00002
1.00013
0.999614
1.00001
1.00174
0.998417
0.994242
1.00646
1.01899
0.989076
0.942428
0.974742
1.10093
1.18686
1.09115
0.818657
0.496369
0.243236
0.0963813
0.0308062
0.00788717
0.00159638
0.000249935
2.92178e-05
2.4023e-06
1.23996e-07
3.0243e-09
0
0
0
0
0
0
0
0
0
0
0
0
0
0
0
0
0
0
0
0
0
0
0
0
0
0
0
0
0
0
0
0
0
0
0
0
0
0
0
0
0
0
0
0
0
0
0
0
0
3.16271e-99
