VARIABLEs = X,u
ZONE I=101
datapacking=block
0
0.01
0.02
0.03
0.04
0.05
0.06
0.07
0.08
0.09
0.1
0.11
0.12
0.13
0.14
0.15
0.16
0.17
0.18
0.19
0.2
0.21
0.22
0.23
0.24
0.25
0.26
0.27
0.28
0.29
0.3
0.31
0.32
0.33
0.34
0.35
0.36
0.37
0.38
0.39
0.4
0.41
0.42
0.43
0.44
0.45
0.46
0.47
0.48
0.49
0.5
0.51
0.52
0.53
0.54
0.55
0.56
0.57
0.58
0.59
0.6
0.61
0.62
0.63
0.64
0.65
0.66
0.67
0.68
0.69
0.7
0.71
0.72
0.73
0.74
0.75
0.76
0.77
0.78
0.79
0.8
0.81
0.82
0.83
0.84
0.85
0.86
0.87
0.88
0.89
0.9
0.91
0.92
0.93
0.94
0.95
0.96
0.97
0.98
0.99
1
0
-3.91189e-07
7.6468e-07
3.52735e-06
-3.00841e-06
-1.70315e-05
3.23729e-06
6.22856e-05
2.98801e-05
-0.000170197
-0.000221949
0.000279504
0.00084571
0.000134951
-0.00190837
-0.00245635
0.00137662
0.00702985
0.00629031
-0.00561499
-0.0202408
-0.0192841
0.00743984
0.045958
0.0626959
0.0297377
-0.0495697
-0.136461
-0.177626
-0.13502
-0.00419496
0.187846
0.399465
0.593224
0.747026
0.855263
0.92358
0.962516
0.982939
0.993242
0.997972
0.998865
0.997932
0.998664
1.00251
1.0052
1.00055
0.990376
0.987192
1.00149
1.02517
1.03261
1.0045
0.952584
0.918222
0.941679
1.02751
1.13532
1.20265
1.18106
1.05995
0.866077
0.64491
0.438794
0.273627
0.156833
0.0828301
0.0403941
0.0182203
0.00761146
0.00294754
0.00105876
0.000352865
0.000109118
3.12997e-05
8.32319e-06
2.05009e-06
4.67184e-07
9.83534e-08
1.90935e-08
3.41044e-09
5.59006e-10
8.3817e-11
1.14533e-11
1.41999e-12
1.58885e-13
1.59425e-14
1.42346e-15
1.12024e-16
7.67843e-18
4.51439e-19
2.23115e-20
9.01601e-22
2.8609e-23
6.68549e-25
1.02309e-26
7.69243e-29
0
0
0
3.16271e-99
