VARIABLEs = X,u
ZONE I=101
datapacking=block
0
0.01
0.02
0.03
0.04
0.05
0.06
0.07
0.08
0.09
0.1
0.11
0.12
0.13
0.14
0.15
0.16
0.17
0.18
0.19
0.2
0.21
0.22
0.23
0.24
0.25
0.26
0.27
0.28
0.29
0.3
0.31
0.32
0.33
0.34
0.35
0.36
0.37
0.38
0.39
0.4
0.41
0.42
0.43
0.44
0.45
0.46
0.47
0.48
0.49
0.5
0.51
0.52
0.53
0.54
0.55
0.56
0.57
0.58
0.59
0.6
0.61
0.62
0.63
0.64
0.65
0.66
0.67
0.68
0.69
0.7
0.71
0.72
0.73
0.74
0.75
0.76
0.77
0.78
0.79
0.8
0.81
0.82
0.83
0.84
0.85
0.86
0.87
0.88
0.89
0.9
0.91
0.92
0.93
0.94
0.95
0.96
0.97
0.98
0.99
1
0
4.76554e-12
9.64761e-10
1.09468e-10
-5.47674e-09
-1.91552e-09
2.20426e-08
1.50459e-08
-7.22027e-08
-8.28788e-08
1.91308e-07
3.58955e-07
-3.61643e-07
-1.26257e-06
1.68948e-07
3.55853e-06
2.23062e-06
-7.42517e-06
-1.18193e-05
7.9448e-06
3.56887e-05
1.53154e-05
-6.69055e-05
-0.000103296
3.72617e-05
0.000263895
0.000221931
-0.000285306
-0.000795417
-0.000423872
0.00100666
0.00213273
0.00099109
-0.00254612
-0.00538781
-0.0033045
0.00444334
0.0123409
0.0116534
-0.00183384
-0.0216852
-0.0326709
-0.0209865
0.0140303
0.0557489
0.0777805
0.0590689
-0.00282837
-0.0882487
-0.163294
-0.194074
-0.159754
-0.0587808
0.0930822
0.270536
0.448069
0.606721
0.736241
0.833533
0.900242
0.94156
0.965626
0.981327
0.994205
1.00365
1.0051
0.99677
0.984973
0.981815
0.995515
1.02109
1.04052
1.03442
0.997428
0.945679
0.909888
0.917933
0.977892
1.0718
1.16312
1.21273
1.19453
1.10352
0.954333
0.773188
0.587938
0.420524
0.283541
0.180591
0.108852
0.0621931
0.0337317
0.0173886
0.00852879
0.00398386
0.0017736
0.000753057
0.000305131
0.00011783
4.53225e-05
9.68176e-06
