VARIABLEs = X,u
ZONE I=101
datapacking=block
0
0.01
0.02
0.03
0.04
0.05
0.06
0.07
0.08
0.09
0.1
0.11
0.12
0.13
0.14
0.15
0.16
0.17
0.18
0.19
0.2
0.21
0.22
0.23
0.24
0.25
0.26
0.27
0.28
0.29
0.3
0.31
0.32
0.33
0.34
0.35
0.36
0.37
0.38
0.39
0.4
0.41
0.42
0.43
0.44
0.45
0.46
0.47
0.48
0.49
0.5
0.51
0.52
0.53
0.54
0.55
0.56
0.57
0.58
0.59
0.6
0.61
0.62
0.63
0.64
0.65
0.66
0.67
0.68
0.69
0.7
0.71
0.72
0.73
0.74
0.75
0.76
0.77
0.78
0.79
0.8
0.81
0.82
0.83
0.84
0.85
0.86
0.87
0.88
0.89
0.9
0.91
0.92
0.93
0.94
0.95
0.96
0.97
0.98
0.99
1
0
-6.20686e-06
-0.000400147
-0.000143218
0.00197009
0.0021006
-0.00497448
-0.0116329
0.000509377
0.0305597
0.0412211
-0.00592054
-0.0951731
-0.151769
-0.100128
0.0752795
0.323598
0.570253
0.762507
0.885608
0.951903
0.982338
0.994341
0.998414
0.999616
0.999945
0.999958
0.99992
1.00016
1.0002
0.999383
0.999392
1.00186
1.00224
0.995769
0.991729
1.00468
1.02349
1.01251
0.963933
0.930371
0.975301
1.09115
1.18703
1.16385
0.994339
0.733551
0.467547
0.258302
0.124095
0.0519663
0.018989
0.00605317
0.00168043
0.000404946
8.42788e-05
1.50406e-05
2.27906e-06
2.89294e-07
3.01965e-08
2.52453e-09
1.62561e-10
7.57017e-12
2.26941e-13
3.28899e-15
0
0
0
0
0
0
0
0
0
0
0
0
0
0
0
0
0
0
0
0
0
0
0
0
0
0
0
0
0
0
0
0
0
0
0
3.16271e-99
