VARIABLEs = X,u
ZONE I=101
datapacking=block
0
0.01
0.02
0.03
0.04
0.05
0.06
0.07
0.08
0.09
0.1
0.11
0.12
0.13
0.14
0.15
0.16
0.17
0.18
0.19
0.2
0.21
0.22
0.23
0.24
0.25
0.26
0.27
0.28
0.29
0.3
0.31
0.32
0.33
0.34
0.35
0.36
0.37
0.38
0.39
0.4
0.41
0.42
0.43
0.44
0.45
0.46
0.47
0.48
0.49
0.5
0.51
0.52
0.53
0.54
0.55
0.56
0.57
0.58
0.59
0.6
0.61
0.62
0.63
0.64
0.65
0.66
0.67
0.68
0.69
0.7
0.71
0.72
0.73
0.74
0.75
0.76
0.77
0.78
0.79
0.8
0.81
0.82
0.83
0.84
0.85
0.86
0.87
0.88
0.89
0.9
0.91
0.92
0.93
0.94
0.95
0.96
0.97
0.98
0.99
1
0
-1.29258e-11
-2.47915e-09
-2.96917e-10
1.4028e-08
5.17289e-09
-5.60266e-08
-4.03396e-08
1.80548e-07
2.19605e-07
-4.61865e-07
-9.33451e-07
7.92462e-07
3.18605e-06
4.4099e-08
-8.53175e-06
-6.85604e-06
1.60111e-05
3.10276e-05
-1.03122e-05
-8.31981e-05
-5.92581e-05
0.000126113
0.000266532
2.56337e-05
-0.000532517
-0.000687837
0.000229728
0.00165088
0.00170613
-0.000845471
-0.00433002
-0.00456564
0.00112247
0.00963421
0.012657
0.00341457
-0.0154293
-0.0304207
-0.0256992
0.00406285
0.0461633
0.0745857
0.0648811
0.00978122
-0.0743332
-0.153715
-0.191989
-0.164938
-0.0684139
0.0827617
0.262557
0.443687
0.605447
0.736867
0.835289
0.902998
0.94496
0.96837
0.981888
0.992563
1.00201
1.00624
1.0011
0.989349
0.981858
0.989667
1.01277
1.03609
1.03837
1.00868
0.957906
0.915602
0.913217
0.964549
1.05589
1.15134
1.20912
1.19917
1.11343
0.965473
0.78227
0.593349
0.422261
0.282592
0.178227
0.106134
0.0597775
0.0318905
0.0161354
0.00775112
0.00353848
0.0015363
0.000634774
0.000249733
9.35886e-05
3.34192e-05
1.13736e-05
3.68659e-06
1.17229e-06
2.2325e-07
