VARIABLEs = X,u
ZONE I=101
datapacking=block
0
0.01
0.02
0.03
0.04
0.05
0.06
0.07
0.08
0.09
0.1
0.11
0.12
0.13
0.14
0.15
0.16
0.17
0.18
0.19
0.2
0.21
0.22
0.23
0.24
0.25
0.26
0.27
0.28
0.29
0.3
0.31
0.32
0.33
0.34
0.35
0.36
0.37
0.38
0.39
0.4
0.41
0.42
0.43
0.44
0.45
0.46
0.47
0.48
0.49
0.5
0.51
0.52
0.53
0.54
0.55
0.56
0.57
0.58
0.59
0.6
0.61
0.62
0.63
0.64
0.65
0.66
0.67
0.68
0.69
0.7
0.71
0.72
0.73
0.74
0.75
0.76
0.77
0.78
0.79
0.8
0.81
0.82
0.83
0.84
0.85
0.86
0.87
0.88
0.89
0.9
0.91
0.92
0.93
0.94
0.95
0.96
0.97
0.98
0.99
1
0
-1.16911e-09
2.30395e-09
1.05309e-08
-1.06869e-08
-5.18602e-08
2.65082e-08
2.04934e-07
-3.49997e-09
-6.82356e-07
-3.5516e-07
1.86718e-06
2.22317e-06
-3.7754e-06
-8.84316e-06
3.22388e-06
2.55219e-05
1.38624e-05
-5.00676e-05
-8.05948e-05
3.70231e-05
0.000221683
0.000155405
-0.000308548
-0.000685461
-0.000176805
0.00117306
0.00183937
0.000126542
-0.00332357
-0.00482534
-0.000793015
0.00744319
0.0124711
0.00630318
-0.0110388
-0.0279507
-0.0278217
-0.00226326
0.0391712
0.0713653
0.0678854
0.0180064
-0.0645728
-0.146566
-0.189971
-0.168126
-0.0749411
0.0755201
0.256824
0.44053
0.604648
0.737478
0.836512
0.904646
0.947053
0.970386
0.982771
0.991792
1.0006
1.0062
1.00344
0.99263
0.982979
0.986681
1.00712
1.03201
1.03969
1.01565
0.966652
0.920682
0.911175
0.955976
1.04479
1.1426
1.20595
1.20195
1.12016
0.973267
0.788702
0.597197
0.423496
0.281919
0.17656
0.104234
0.0581072
0.0306338
0.0152927
0.007237
0.00324955
0.00138552
0.000561308
0.000216176
7.91765e-05
2.7586e-05
9.1445e-06
2.88432e-06
8.65636e-07
2.47049e-07
6.85457e-08
1.19519e-08
