VARIABLEs = X,u
ZONE I=101
datapacking=block
0
0.01
0.02
0.03
0.04
0.05
0.06
0.07
0.08
0.09
0.1
0.11
0.12
0.13
0.14
0.15
0.16
0.17
0.18
0.19
0.2
0.21
0.22
0.23
0.24
0.25
0.26
0.27
0.28
0.29
0.3
0.31
0.32
0.33
0.34
0.35
0.36
0.37
0.38
0.39
0.4
0.41
0.42
0.43
0.44
0.45
0.46
0.47
0.48
0.49
0.5
0.51
0.52
0.53
0.54
0.55
0.56
0.57
0.58
0.59
0.6
0.61
0.62
0.63
0.64
0.65
0.66
0.67
0.68
0.69
0.7
0.71
0.72
0.73
0.74
0.75
0.76
0.77
0.78
0.79
0.8
0.81
0.82
0.83
0.84
0.85
0.86
0.87
0.88
0.89
0.9
0.91
0.92
0.93
0.94
0.95
0.96
0.97
0.98
0.99
1
0
3.0287e-09
-5.96307e-09
-2.72842e-08
2.71708e-08
1.3411e-07
-6.3394e-08
-5.26057e-07
-2.23562e-08
1.72024e-06
1.04598e-06
-4.52667e-06
-6.05473e-06
8.30169e-06
2.2738e-05
-3.24447e-06
-6.06674e-05
-4.7037e-05
0.000101196
0.000211221
-1.10211e-05
-0.000482218
-0.000520046
0.000413258
0.00157647
0.00114024
-0.00163555
-0.00437815
-0.00292858
0.00392707
0.0109666
0.00940851
-0.00452545
-0.0229287
-0.0292464
-0.0108892
0.0280108
0.0648283
0.0708161
0.0298305
-0.0492658
-0.134591
-0.185867
-0.172429
-0.0848606
0.064135
0.24758
0.43533
0.603404
0.738708
0.838613
0.906979
0.949817
0.973397
0.984736
0.99138
0.998403
1.00501
1.00579
0.997604
0.986165
0.983943
0.999021
1.02441
1.03942
1.02479
0.980355
0.93027
0.910076
0.943897
1.0275
1.12806
1.19989
1.20551
1.13042
0.985553
0.79898
0.60338
0.425479
0.280838
0.173907
0.10124
0.0555052
0.0287037
0.0140195
0.00647437
0.00282966
0.00117131
0.000459477
0.000170889
6.02786e-05
2.01699e-05
6.40287e-06
1.92828e-06
5.50854e-07
1.49237e-07
3.83303e-08
9.32929e-09
2.15019e-09
4.75513e-10
7.08403e-11
