VARIABLEs = X,u
ZONE I=101
datapacking=block
0
0.01
0.02
0.03
0.04
0.05
0.06
0.07
0.08
0.09
0.1
0.11
0.12
0.13
0.14
0.15
0.16
0.17
0.18
0.19
0.2
0.21
0.22
0.23
0.24
0.25
0.26
0.27
0.28
0.29
0.3
0.31
0.32
0.33
0.34
0.35
0.36
0.37
0.38
0.39
0.4
0.41
0.42
0.43
0.44
0.45
0.46
0.47
0.48
0.49
0.5
0.51
0.52
0.53
0.54
0.55
0.56
0.57
0.58
0.59
0.6
0.61
0.62
0.63
0.64
0.65
0.66
0.67
0.68
0.69
0.7
0.71
0.72
0.73
0.74
0.75
0.76
0.77
0.78
0.79
0.8
0.81
0.82
0.83
0.84
0.85
0.86
0.87
0.88
0.89
0.9
0.91
0.92
0.93
0.94
0.95
0.96
0.97
0.98
0.99
1
0
7.87911e-07
1.5469e-06
-6.25346e-06
-1.076e-05
2.29354e-05
5.38721e-05
-4.76896e-05
-0.000207695
-1.37328e-05
0.000583912
0.000568651
-0.000956113
-0.00241195
-0.000423364
0.00499463
0.00715443
-0.00115723
-0.0161225
-0.0208389
-0.000613605
0.0371557
0.0609623
0.038128
-0.0354279
-0.124826
-0.17459
-0.141037
-0.0150657
0.177461
0.393024
0.591358
0.748384
0.85801
0.926426
0.964804
0.984304
0.993697
0.998195
0.999588
0.998718
0.998165
1.00072
1.00452
1.00306
0.994088
0.9871
0.995596
1.01839
1.03281
1.01402
0.964714
0.922614
0.933428
1.01114
1.12076
1.19768
1.18679
1.07177
0.877801
0.652419
0.441206
0.272329
0.153876
0.0797969
0.0380594
0.0167233
0.00677803
0.00253616
0.000876492
0.000279815
8.25001e-05
2.24522e-05
5.63506e-06
1.30267e-06
2.76927e-07
5.40266e-08
9.64909e-09
1.57288e-09
2.33168e-10
3.12987e-11
3.78454e-12
4.09638e-13
3.93884e-14
3.33285e-15
2.45244e-16
1.54566e-17
8.1777e-19
3.53287e-20
1.19695e-21
2.98291e-23
4.86238e-25
3.8899e-27
0
0
0
0
0
0
0
3.16271e-99
