VARIABLEs = X,u
ZONE I=101
datapacking=block
0
0.01
0.02
0.03
0.04
0.05
0.06
0.07
0.08
0.09
0.1
0.11
0.12
0.13
0.14
0.15
0.16
0.17
0.18
0.19
0.2
0.21
0.22
0.23
0.24
0.25
0.26
0.27
0.28
0.29
0.3
0.31
0.32
0.33
0.34
0.35
0.36
0.37
0.38
0.39
0.4
0.41
0.42
0.43
0.44
0.45
0.46
0.47
0.48
0.49
0.5
0.51
0.52
0.53
0.54
0.55
0.56
0.57
0.58
0.59
0.6
0.61
0.62
0.63
0.64
0.65
0.66
0.67
0.68
0.69
0.7
0.71
0.72
0.73
0.74
0.75
0.76
0.77
0.78
0.79
0.8
0.81
0.82
0.83
0.84
0.85
0.86
0.87
0.88
0.89
0.9
0.91
0.92
0.93
0.94
0.95
0.96
0.97
0.98
0.99
1
0
-1.7384e-05
-3.39704e-05
0.000131267
0.00024595
-0.000407157
-0.00119693
0.000349927
0.00392674
0.00305932
-0.00677976
-0.0157166
-0.00490099
0.0274519
0.0507809
0.0253399
-0.0537727
-0.138671
-0.15839
-0.06904
0.119233
0.35505
0.580026
0.756262
0.873617
0.941322
0.975558
0.990878
0.996979
0.99904
0.999624
1.00007
1.00039
0.99968
0.998771
1.00031
1.00335
1.00148
0.99318
0.990588
1.00562
1.02584
1.01919
0.974538
0.929673
0.94325
1.0333
1.148
1.2001
1.13039
0.943917
0.696714
0.455502
0.264683
0.137153
0.0635481
0.0263794
0.00982173
0.00328114
0.000983082
0.000263845
6.33005e-05
1.35354e-05
2.5692e-06
4.30643e-07
6.33156e-08
8.09541e-09
8.90187e-10
8.29707e-11
6.4284e-12
4.02932e-13
1.96337e-14
6.97872e-16
1.60978e-17
1.80874e-19
0
0
0
0
0
0
0
0
0
0
0
0
0
0
0
0
0
0
0
0
0
0
0
0
0
3.16271e-99
