VARIABLEs = X,u
ZONE I=101
datapacking=block
0
0.01
0.02
0.03
0.04
0.05
0.06
0.07
0.08
0.09
0.1
0.11
0.12
0.13
0.14
0.15
0.16
0.17
0.18
0.19
0.2
0.21
0.22
0.23
0.24
0.25
0.26
0.27
0.28
0.29
0.3
0.31
0.32
0.33
0.34
0.35
0.36
0.37
0.38
0.39
0.4
0.41
0.42
0.43
0.44
0.45
0.46
0.47
0.48
0.49
0.5
0.51
0.52
0.53
0.54
0.55
0.56
0.57
0.58
0.59
0.6
0.61
0.62
0.63
0.64
0.65
0.66
0.67
0.68
0.69
0.7
0.71
0.72
0.73
0.74
0.75
0.76
0.77
0.78
0.79
0.8
0.81
0.82
0.83
0.84
0.85
0.86
0.87
0.88
0.89
0.9
0.91
0.92
0.93
0.94
0.95
0.96
0.97
0.98
0.99
1
0
2.71125e-10
4.33452e-08
6.22833e-09
-2.42214e-07
-1.06715e-07
9.38025e-07
8.09112e-07
-2.82263e-06
-4.20214e-06
6.14203e-06
1.65316e-05
-5.50172e-06
-4.95274e-05
-2.64322e-05
0.000103548
0.000161728
-9.1099e-05
-0.000471605
-0.000299456
0.000706845
0.0014691
0.000300404
-0.00262037
-0.00400734
-0.000308923
0.00714791
0.0107933
0.00302609
-0.0143804
-0.0275528
-0.0198748
0.012592
0.0529381
0.0711963
0.0439801
-0.0278734
-0.116085
-0.178
-0.17704
-0.0983066
0.0479475
0.234045
0.427423
0.601397
0.74078
0.842165
0.910294
0.952871
0.976831
0.987962
0.9924
0.99624
1.00203
1.00629
1.00313
0.992471
0.984049
0.990235
1.01241
1.03459
1.03346
0.998778
0.94665
0.91295
0.930038
1.00359
1.10582
1.18893
1.20878
1.14429
1.00315
0.814028
0.612508
0.428405
0.279247
0.170045
0.0969437
0.0518405
0.026044
0.0123088
0.0054787
0.00229869
0.000909769
0.000339831
0.000119849
3.99158e-05
1.25552e-05
3.72948e-06
1.04601e-06
2.7691e-07
6.91614e-08
1.62874e-08
3.61394e-09
7.54866e-10
1.48274e-10
2.73555e-11
4.73368e-12
7.67043e-13
1.16908e-13
1.30865e-14
