VARIABLEs = X,u
ZONE I=101
datapacking=block
0
0.01
0.02
0.03
0.04
0.05
0.06
0.07
0.08
0.09
0.1
0.11
0.12
0.13
0.14
0.15
0.16
0.17
0.18
0.19
0.2
0.21
0.22
0.23
0.24
0.25
0.26
0.27
0.28
0.29
0.3
0.31
0.32
0.33
0.34
0.35
0.36
0.37
0.38
0.39
0.4
0.41
0.42
0.43
0.44
0.45
0.46
0.47
0.48
0.49
0.5
0.51
0.52
0.53
0.54
0.55
0.56
0.57
0.58
0.59
0.6
0.61
0.62
0.63
0.64
0.65
0.66
0.67
0.68
0.69
0.7
0.71
0.72
0.73
0.74
0.75
0.76
0.77
0.78
0.79
0.8
0.81
0.82
0.83
0.84
0.85
0.86
0.87
0.88
0.89
0.9
0.91
0.92
0.93
0.94
0.95
0.96
0.97
0.98
0.99
1
0
5.10606e-05
9.95851e-05
-0.000375372
-0.000734132
0.00104717
0.00348063
-6.54269e-05
-0.0101431
-0.0116107
0.0103983
0.0411375
0.0379185
-0.0248662
-0.115081
-0.156777
-0.0879754
0.0941407
0.337469
0.574611
0.759778
0.880412
0.947422
0.979563
0.992967
0.997863
0.999458
0.99985
0.99987
1.00009
1.00032
0.999655
0.998979
1.00078
1.00314
0.999518
0.991734
0.994825
1.01442
1.02586
0.998773
0.946839
0.93135
0.998152
1.11706
1.19522
1.15083
0.972634
0.717285
0.462206
0.261125
0.129773
0.0568798
0.022022
0.00753536
0.00227742
0.000606919
0.000142197
2.91638e-05
5.205e-06
8.02002e-07
1.05571e-07
1.17069e-08
1.073e-09
7.91421e-11
4.51561e-12
1.8708e-13
5.00817e-15
6.50411e-17
0
0
0
0
0
0
0
0
0
0
0
0
0
0
0
0
0
0
0
0
0
0
0
0
0
0
0
0
0
0
0
0
