VARIABLEs = X,u
ZONE I=101
datapacking=block
0
0.01
0.02
0.03
0.04
0.05
0.06
0.07
0.08
0.09
0.1
0.11
0.12
0.13
0.14
0.15
0.16
0.17
0.18
0.19
0.2
0.21
0.22
0.23
0.24
0.25
0.26
0.27
0.28
0.29
0.3
0.31
0.32
0.33
0.34
0.35
0.36
0.37
0.38
0.39
0.4
0.41
0.42
0.43
0.44
0.45
0.46
0.47
0.48
0.49
0.5
0.51
0.52
0.53
0.54
0.55
0.56
0.57
0.58
0.59
0.6
0.61
0.62
0.63
0.64
0.65
0.66
0.67
0.68
0.69
0.7
0.71
0.72
0.73
0.74
0.75
0.76
0.77
0.78
0.79
0.8
0.81
0.82
0.83
0.84
0.85
0.86
0.87
0.88
0.89
0.9
0.91
0.92
0.93
0.94
0.95
0.96
0.97
0.98
0.99
1
0
8.23813e-06
-1.59645e-05
-7.43885e-05
5.1275e-05
0.000349009
4.19492e-05
-0.00113743
-0.00110898
0.00218868
0.00524829
0.00042575
-0.0119766
-0.0165115
0.00296798
0.0381659
0.0528091
0.013593
-0.0720709
-0.150641
-0.156694
-0.0564623
0.134137
0.365101
0.583071
0.754225
0.869611
0.937595
0.973025
0.989498
0.996267
0.998664
0.999649
1.00033
1.00012
0.998921
0.999082
1.00213
1.00376
0.998117
0.989851
0.993834
1.01428
1.0292
1.00961
0.958971
0.924106
0.95578
1.05566
1.16395
1.19987
1.11676
0.92693
0.684971
0.451696
0.26671
0.141471
0.0675949
0.0291521
0.0113641
0.00400694
0.00127802
0.000368515
9.59488e-05
2.25145e-05
4.74874e-06
8.97175e-07
1.51158e-07
2.25841e-08
2.97123e-09
3.41164e-10
3.38029e-11
2.84771e-12
2.00001e-13
1.13947e-14
5.05971e-16
1.64285e-17
3.46955e-19
3.57685e-21
0
0
0
0
0
0
0
0
0
0
0
0
0
0
0
0
0
0
0
0
0
0
