VARIABLEs = X,u
ZONE I=101
datapacking=block
0
0.01
0.02
0.03
0.04
0.05
0.06
0.07
0.08
0.09
0.1
0.11
0.12
0.13
0.14
0.15
0.16
0.17
0.18
0.19
0.2
0.21
0.22
0.23
0.24
0.25
0.26
0.27
0.28
0.29
0.3
0.31
0.32
0.33
0.34
0.35
0.36
0.37
0.38
0.39
0.4
0.41
0.42
0.43
0.44
0.45
0.46
0.47
0.48
0.49
0.5
0.51
0.52
0.53
0.54
0.55
0.56
0.57
0.58
0.59
0.6
0.61
0.62
0.63
0.64
0.65
0.66
0.67
0.68
0.69
0.7
0.71
0.72
0.73
0.74
0.75
0.76
0.77
0.78
0.79
0.8
0.81
0.82
0.83
0.84
0.85
0.86
0.87
0.88
0.89
0.9
0.91
0.92
0.93
0.94
0.95
0.96
0.97
0.98
0.99
1
0
1.07936e-07
2.12395e-07
-8.73949e-07
-1.45004e-06
3.3987e-06
7.28071e-06
-8.4835e-06
-2.93721e-05
7.55784e-06
9.31159e-05
5.11126e-05
-0.000210644
-0.000323675
0.000219057
0.00100863
0.000572084
-0.00163665
-0.0031956
-0.000490832
0.00593694
0.00896669
0.00103596
-0.0153461
-0.0248694
-0.0112488
0.0249486
0.0599112
0.0606334
0.0100865
-0.0762758
-0.155592
-0.180229
-0.122057
0.01623
0.206538
0.410859
0.596568
0.744655
0.850165
0.918123
0.958344
0.980744
0.992214
0.996523
0.996905
0.997645
1.00144
1.00547
1.00328
0.993522
0.985634
0.992643
1.01516
1.03431
1.02544
0.982935
0.932493
0.916439
0.962154
1.0587
1.15956
1.20833
1.16833
1.03773
0.844981
0.631606
0.434526
0.27593
0.162167
0.0884182
0.0448139
0.0211496
0.00930669
0.00382249
0.00146654
0.000525852
0.000176271
5.52427e-05
1.61838e-05
4.43042e-06
1.1327e-06
2.70241e-07
6.01054e-08
1.24468e-08
2.39621e-09
4.28094e-10
7.08245e-11
1.08239e-11
1.52368e-12
1.96901e-13
2.3267e-14
2.50243e-15
2.43636e-16
2.13325e-17
1.66664e-18
1.15067e-19
6.93655e-21
3.5953e-22
1.57009e-23
5.61958e-25
