VARIABLEs = X,u
ZONE I=101
datapacking=block
0
0.01
0.02
0.03
0.04
0.05
0.06
0.07
0.08
0.09
0.1
0.11
0.12
0.13
0.14
0.15
0.16
0.17
0.18
0.19
0.2
0.21
0.22
0.23
0.24
0.25
0.26
0.27
0.28
0.29
0.3
0.31
0.32
0.33
0.34
0.35
0.36
0.37
0.38
0.39
0.4
0.41
0.42
0.43
0.44
0.45
0.46
0.47
0.48
0.49
0.5
0.51
0.52
0.53
0.54
0.55
0.56
0.57
0.58
0.59
0.6
0.61
0.62
0.63
0.64
0.65
0.66
0.67
0.68
0.69
0.7
0.71
0.72
0.73
0.74
0.75
0.76
0.77
0.78
0.79
0.8
0.81
0.82
0.83
0.84
0.85
0.86
0.87
0.88
0.89
0.9
0.91
0.92
0.93
0.94
0.95
0.96
0.97
0.98
0.99
1
0
1.85131e-08
2.17271e-06
4.25482e-07
-1.18024e-05
-7.02708e-06
4.23371e-05
4.9902e-05
-0.000104908
-0.00023057
0.000115216
0.000734659
0.000399427
-0.00143103
-0.00251433
0.000404371
0.00606865
0.00688164
-0.00330456
-0.0183042
-0.0202909
0.00330644
0.0416873
0.0620812
0.0340899
-0.0425467
-0.130827
-0.176274
-0.13808
-0.00957516
0.182747
0.396315
0.592311
0.747688
0.856613
0.924994
0.963652
0.983599
0.993459
0.998117
0.999269
0.998297
0.998325
1.0016
1.00498
1.00193
0.992171
0.986912
0.998399
1.02192
1.03302
1.00943
0.958505
0.9201
0.937341
1.01937
1.12825
1.20037
1.18399
1.0658
0.871831
0.648584
0.439974
0.272991
0.155381
0.0813351
0.0392376
0.0174743
0.00719321
0.00273943
0.00096572
0.000315203
9.52435e-05
2.66324e-05
6.88661e-06
1.64501e-06
3.625e-07
7.35645e-08
1.37192e-08
2.34513e-09
3.66311e-10
5.20925e-11
6.71487e-12
7.80464e-13
8.12779e-14
7.52579e-15
6.13725e-16
4.35586e-17
2.64992e-18
1.35427e-19
5.65527e-21
1.85327e-22
4.47004e-24
7.05652e-26
5.47017e-28
0
0
0
0
0
0
