VARIABLEs = X,u
ZONE I=101
datapacking=block
0
0.01
0.02
0.03
0.04
0.05
0.06
0.07
0.08
0.09
0.1
0.11
0.12
0.13
0.14
0.15
0.16
0.17
0.18
0.19
0.2
0.21
0.22
0.23
0.24
0.25
0.26
0.27
0.28
0.29
0.3
0.31
0.32
0.33
0.34
0.35
0.36
0.37
0.38
0.39
0.4
0.41
0.42
0.43
0.44
0.45
0.46
0.47
0.48
0.49
0.5
0.51
0.52
0.53
0.54
0.55
0.56
0.57
0.58
0.59
0.6
0.61
0.62
0.63
0.64
0.65
0.66
0.67
0.68
0.69
0.7
0.71
0.72
0.73
0.74
0.75
0.76
0.77
0.78
0.79
0.8
0.81
0.82
0.83
0.84
0.85
0.86
0.87
0.88
0.89
0.9
0.91
0.92
0.93
0.94
0.95
0.96
0.97
0.98
0.99
1
0
-1.31657e-10
-2.60368e-10
1.10705e-09
1.70803e-09
-4.75779e-09
-8.48104e-09
1.51987e-08
3.61063e-08
-3.57443e-08
-1.33721e-07
4.14639e-08
4.2466e-07
1.36862e-07
-1.10979e-06
-1.14046e-06
2.13534e-06
4.6178e-06
-1.6992e-06
-1.29263e-05
-7.32813e-06
2.39707e-05
4.01127e-05
-1.45694e-05
-0.000104614
-8.01824e-05
0.00013546
0.000323059
0.000101009
-0.000530123
-0.00085963
-6.84292e-05
0.00154863
0.00220844
0.000196734
-0.00370002
-0.00567453
-0.00192824
0.00676949
0.0136058
0.0101623
-0.00574584
-0.0254469
-0.0331795
-0.0169788
0.0207986
0.0614494
0.0788856
0.0544684
-0.0113075
-0.0970287
-0.168968
-0.194896
-0.156071
-0.052494
0.0995899
0.275479
0.450833
0.607664
0.735959
0.832304
0.898188
0.939238
0.964127
0.981451
0.995434
1.00423
1.00356
0.99359
0.982643
0.982863
1.00008
1.02628
1.04229
1.03063
0.989626
0.938245
0.907288
0.922012
0.98697
1.08188
1.17015
1.21447
1.19118
1.09704
0.947249
0.767476
0.58455
0.419436
0.284137
0.182084
0.110582
0.0637471
0.0349307
0.0182162
0.00905049
0.00428794
0.00193876
0.000837207
0.000344664
0.000142392
