VARIABLEs = X,u
ZONE I=101
datapacking=block
0
0.01
0.02
0.03
0.04
0.05
0.06
0.07
0.08
0.09
0.1
0.11
0.12
0.13
0.14
0.15
0.16
0.17
0.18
0.19
0.2
0.21
0.22
0.23
0.24
0.25
0.26
0.27
0.28
0.29
0.3
0.31
0.32
0.33
0.34
0.35
0.36
0.37
0.38
0.39
0.4
0.41
0.42
0.43
0.44
0.45
0.46
0.47
0.48
0.49
0.5
0.51
0.52
0.53
0.54
0.55
0.56
0.57
0.58
0.59
0.6
0.61
0.62
0.63
0.64
0.65
0.66
0.67
0.68
0.69
0.7
0.71
0.72
0.73
0.74
0.75
0.76
0.77
0.78
0.79
0.8
0.81
0.82
0.83
0.84
0.85
0.86
0.87
0.88
0.89
0.9
0.91
0.92
0.93
0.94
0.95
0.96
0.97
0.98
0.99
1
0
-2.89969e-07
-5.69984e-07
2.32653e-06
3.92546e-06
-8.81347e-06
-1.96974e-05
2.03605e-05
7.79412e-05
-8.23076e-06
-0.000234765
-0.000174224
0.000467315
0.000897715
-0.000217637
-0.00235417
-0.00222458
0.002457
0.00783301
0.00538868
-0.0080297
-0.0218913
-0.0178437
0.0117251
0.049936
0.0628309
0.0251193
-0.0564721
-0.141742
-0.178673
-0.131873
0.00107527
0.192765
0.402485
0.594101
0.746397
0.853951
0.922183
0.961407
0.982327
0.993029
0.997743
0.998397
0.997661
0.99917
1.00341
1.00514
0.998952
0.988773
0.987932
1.00479
1.02807
1.0316
0.999313
0.946993
0.916951
0.946383
1.03553
1.14197
1.20456
1.178
1.05422
0.860526
0.641384
0.437663
0.274237
0.158235
0.0842839
0.0415293
0.0189611
0.00803234
0.00316019
0.00115549
0.000392785
0.000124144
3.64752e-05
9.95823e-06
2.52447e-06
5.93661e-07
1.29341e-07
2.60662e-08
4.84989e-09
8.31198e-10
1.30862e-10
1.88654e-11
2.48088e-12
2.96266e-13
3.19572e-14
3.09369e-15
2.66702e-16
2.02799e-17
1.344e-18
7.64511e-20
3.65799e-21
1.43192e-22
4.40398e-24
9.98057e-26
1.482e-27
1.08175e-29
0
0
