VARIABLEs = X,u
ZONE I=101
datapacking=block
0
0.01
0.02
0.03
0.04
0.05
0.06
0.07
0.08
0.09
0.1
0.11
0.12
0.13
0.14
0.15
0.16
0.17
0.18
0.19
0.2
0.21
0.22
0.23
0.24
0.25
0.26
0.27
0.28
0.29
0.3
0.31
0.32
0.33
0.34
0.35
0.36
0.37
0.38
0.39
0.4
0.41
0.42
0.43
0.44
0.45
0.46
0.47
0.48
0.49
0.5
0.51
0.52
0.53
0.54
0.55
0.56
0.57
0.58
0.59
0.6
0.61
0.62
0.63
0.64
0.65
0.66
0.67
0.68
0.69
0.7
0.71
0.72
0.73
0.74
0.75
0.76
0.77
0.78
0.79
0.8
0.81
0.82
0.83
0.84
0.85
0.86
0.87
0.88
0.89
0.9
0.91
0.92
0.93
0.94
0.95
0.96
0.97
0.98
0.99
1
0
2.25343e-09
4.44878e-09
-1.87168e-08
-2.95858e-08
7.79777e-08
1.47828e-07
-2.32319e-07
-6.21502e-07
4.52959e-07
2.20894e-06
-2.66253e-08
-6.4386e-06
-4.465e-06
1.41371e-05
2.30769e-05
-1.66647e-05
-7.23041e-05
-2.73303e-05
0.000143849
0.000210166
-9.85704e-05
-0.000569422
-0.000444395
0.000658948
0.00171762
0.000871553
-0.00220144
-0.00463045
-0.00233141
0.00510293
0.0116214
0.00855531
-0.00665676
-0.0247636
-0.0290188
-0.00815668
0.0318011
0.067237
0.0700679
0.0259765
-0.0544508
-0.138756
-0.18739
-0.171064
-0.0815378
0.0679994
0.250748
0.43713
0.603834
0.738259
0.837866
0.906207
0.948948
0.972415
0.984011
0.991407
0.999118
1.00554
1.00518
0.995976
0.98492
0.984603
1.00163
1.02712
1.03982
1.02195
0.975735
0.926811
0.910159
0.947797
1.03334
1.13311
1.2021
1.20441
1.12698
0.981375
0.795465
0.601261
0.424799
0.281208
0.174813
0.102258
0.0563859
0.0293531
0.014445
0.00672728
0.00296771
0.00124106
0.000492288
0.000185313
6.62222e-05
2.24706e-05
7.24093e-06
2.21589e-06
6.43933e-07
1.77661e-07
4.65244e-08
1.15596e-08
2.72317e-09
6.16845e-10
