VARIABLEs = X,u
ZONE I=101
datapacking=block
0
0.01
0.02
0.03
0.04
0.05
0.06
0.07
0.08
0.09
0.1
0.11
0.12
0.13
0.14
0.15
0.16
0.17
0.18
0.19
0.2
0.21
0.22
0.23
0.24
0.25
0.26
0.27
0.28
0.29
0.3
0.31
0.32
0.33
0.34
0.35
0.36
0.37
0.38
0.39
0.4
0.41
0.42
0.43
0.44
0.45
0.46
0.47
0.48
0.49
0.5
0.51
0.52
0.53
0.54
0.55
0.56
0.57
0.58
0.59
0.6
0.61
0.62
0.63
0.64
0.65
0.66
0.67
0.68
0.69
0.7
0.71
0.72
0.73
0.74
0.75
0.76
0.77
0.78
0.79
0.8
0.81
0.82
0.83
0.84
0.85
0.86
0.87
0.88
0.89
0.9
0.91
0.92
0.93
0.94
0.95
0.96
0.97
0.98
0.99
1
0
1.45468e-07
-2.84901e-07
-1.31132e-06
1.1676e-06
6.36535e-06
-1.67464e-06
-2.37711e-05
-8.71044e-06
6.86634e-05
7.62908e-05
-0.000133195
-0.00032113
4.90458e-05
0.000849618
0.000768274
-0.00112505
-0.00302445
-0.00123302
0.00477895
0.00882552
0.00273329
-0.0129468
-0.0242223
-0.0137899
0.0205286
0.0569262
0.0617709
0.0152558
-0.0698391
-0.151293
-0.179953
-0.125379
0.0112873
0.202103
0.408172
0.59577
0.745218
0.851407
0.919448
0.959312
0.981238
0.992534
0.997015
0.997385
0.997502
1.00059
1.00493
1.00417
0.995378
0.986363
0.990694
1.0117
1.03266
1.02797
0.988465
0.936927
0.916094
0.956668
1.05115
1.15407
1.20737
1.17162
1.04311
0.849989
0.634741
0.435532
0.275386
0.160899
0.0870762
0.0437387
0.0204259
0.00888032
0.00359794
0.0013595
0.000479306
0.000157709
4.84291e-05
1.3876e-05
3.70789e-06
9.23415e-07
2.14128e-07
4.61789e-08
9.24879e-09
1.71729e-09
2.95006e-10
4.67728e-11
6.825e-12
9.13518e-13
1.11724e-13
1.24279e-14
1.25058e-15
1.13101e-16
9.12122e-18
6.49674e-19
4.03806e-20
2.15683e-21
9.70131e-23
3.57384e-24
1.03549e-25
2.21307e-27
