VARIABLEs = X,u
ZONE I=101
datapacking=block
0
0.01
0.02
0.03
0.04
0.05
0.06
0.07
0.08
0.09
0.1
0.11
0.12
0.13
0.14
0.15
0.16
0.17
0.18
0.19
0.2
0.21
0.22
0.23
0.24
0.25
0.26
0.27
0.28
0.29
0.3
0.31
0.32
0.33
0.34
0.35
0.36
0.37
0.38
0.39
0.4
0.41
0.42
0.43
0.44
0.45
0.46
0.47
0.48
0.49
0.5
0.51
0.52
0.53
0.54
0.55
0.56
0.57
0.58
0.59
0.6
0.61
0.62
0.63
0.64
0.65
0.66
0.67
0.68
0.69
0.7
0.71
0.72
0.73
0.74
0.75
0.76
0.77
0.78
0.79
0.8
0.81
0.82
0.83
0.84
0.85
0.86
0.87
0.88
0.89
0.9
0.91
0.92
0.93
0.94
0.95
0.96
0.97
0.98
0.99
1
0
2.30187e-05
0.00124244
0.000532597
-0.00582613
-0.00739724
0.0115529
0.0357123
0.0178825
-0.059163
-0.135558
-0.115919
0.0432222
0.298313
0.562087
0.767403
0.894729
0.959384
0.986656
0.996277
0.999124
0.999828
0.999966
1.00001
1.00001
0.999938
1.00005
1.0002
0.999601
0.999467
1.0016
1.00158
0.995162
0.99396
1.01025
1.02235
0.994118
0.94359
0.947276
1.04421
1.16369
1.18041
1.03153
0.763289
0.477428
0.253106
0.114051
0.0437459
0.0142772
0.00395438
0.000924741
0.000181106
2.93495e-05
3.86808e-06
4.0425e-07
3.22448e-08
1.84462e-09
6.7414e-11
1.1827e-12
0
0
0
0
0
0
0
0
0
0
0
0
0
0
0
0
0
0
0
0
0
0
0
0
0
0
0
0
0
0
0
0
0
0
0
0
0
0
0
0
0
0
