VARIABLEs = X,u
ZONE I=101
datapacking=block
0
0.01
0.02
0.03
0.04
0.05
0.06
0.07
0.08
0.09
0.1
0.11
0.12
0.13
0.14
0.15
0.16
0.17
0.18
0.19
0.2
0.21
0.22
0.23
0.24
0.25
0.26
0.27
0.28
0.29
0.3
0.31
0.32
0.33
0.34
0.35
0.36
0.37
0.38
0.39
0.4
0.41
0.42
0.43
0.44
0.45
0.46
0.47
0.48
0.49
0.5
0.51
0.52
0.53
0.54
0.55
0.56
0.57
0.58
0.59
0.6
0.61
0.62
0.63
0.64
0.65
0.66
0.67
0.68
0.69
0.7
0.71
0.72
0.73
0.74
0.75
0.76
0.77
0.78
0.79
0.8
0.81
0.82
0.83
0.84
0.85
0.86
0.87
0.88
0.89
0.9
0.91
0.92
0.93
0.94
0.95
0.96
0.97
0.98
0.99
1
0
-6.29144e-09
-8.05176e-07
-1.44567e-07
4.41333e-06
2.41532e-06
-1.62385e-05
-1.75178e-05
4.30928e-05
8.41431e-05
-6.37466e-05
-0.000288475
-8.36834e-05
0.000663191
0.000875311
-0.000644197
-0.00273589
-0.00181516
0.00360511
0.00844104
0.00419454
-0.0104916
-0.0232255
-0.0160007
0.0161052
0.0535976
0.0625131
0.0202787
-0.0632338
-0.146681
-0.179441
-0.128655
0.00623591
0.197515
0.405383
0.594948
0.745796
0.852668
0.920804
0.960335
0.981762
0.9928
0.997424
0.997893
0.997511
0.999823
1.00423
1.0048
0.997208
0.98742
0.98911
1.00822
1.03058
1.03004
0.993945
0.941766
0.916253
0.951396
1.04342
1.14821
1.20612
1.17485
1.0486
0.855167
0.637997
0.436576
0.274823
0.159589
0.0856987
0.042644
0.0196964
0.00845542
0.00337708
0.00125577
0.000434941
0.000140336
4.21789e-05
1.18049e-05
3.07483e-06
7.44756e-07
1.6756e-07
3.49703e-08
6.759e-09
1.20741e-09
1.9888e-10
3.01221e-11
4.18137e-12
5.29927e-13
6.10389e-14
6.35542e-15
5.94326e-16
4.95281e-17
3.64301e-18
2.33692e-19
1.28749e-20
5.96996e-22
2.26601e-23
6.76143e-25
1.48739e-26
2.1449e-28
1.52121e-30
