VARIABLEs = X,u
ZONE I=101
datapacking=block
0
0.01
0.02
0.03
0.04
0.05
0.06
0.07
0.08
0.09
0.1
0.11
0.12
0.13
0.14
0.15
0.16
0.17
0.18
0.19
0.2
0.21
0.22
0.23
0.24
0.25
0.26
0.27
0.28
0.29
0.3
0.31
0.32
0.33
0.34
0.35
0.36
0.37
0.38
0.39
0.4
0.41
0.42
0.43
0.44
0.45
0.46
0.47
0.48
0.49
0.5
0.51
0.52
0.53
0.54
0.55
0.56
0.57
0.58
0.59
0.6
0.61
0.62
0.63
0.64
0.65
0.66
0.67
0.68
0.69
0.7
0.71
0.72
0.73
0.74
0.75
0.76
0.77
0.78
0.79
0.8
0.81
0.82
0.83
0.84
0.85
0.86
0.87
0.88
0.89
0.9
0.91
0.92
0.93
0.94
0.95
0.96
0.97
0.98
0.99
1
0
2.17512e-09
3.01483e-07
4.99743e-08
-1.66493e-06
-8.43093e-07
6.2524e-06
6.22206e-06
-1.74785e-05
-3.08327e-05
3.0894e-05
0.000111838
7.21766e-06
-0.000288336
-0.000289184
0.000417658
0.00112326
0.00028796
-0.00215331
-0.00323083
0.000392401
0.00703962
0.00885305
-0.000862559
-0.017645
-0.0251617
-0.00841601
0.0293239
0.0625473
0.05913
0.00480333
-0.0825344
-0.15959
-0.180289
-0.1187
0.021065
0.210829
0.413455
0.597343
0.744102
0.848939
0.916836
0.957434
0.980265
0.991826
0.995962
0.996482
0.99794
1.00232
1.00581
1.00216
0.9917
0.985254
0.994912
1.01854
1.0355
1.02248
0.97741
0.928471
0.917251
0.967813
1.06605
1.16469
1.20903
1.16498
1.03247
0.840136
0.628585
0.433558
0.276453
0.163395
0.0897264
0.0458702
0.0218673
0.00973421
0.0040505
0.00157677
0.000574545
0.00019603
6.26353e-05
1.87405e-05
5.24919e-06
1.37577e-06
3.37175e-07
7.72037e-08
1.64977e-08
3.28575e-09
6.08963e-10
1.04831e-10
1.67258e-11
2.46716e-12
3.35465e-13
4.19046e-14
4.78977e-15
4.98639e-16
4.70206e-17
3.99001e-18
3.02281e-19
2.02488e-20
1.18494e-21
5.96804e-23
