VARIABLEs = X,u
ZONE I=101
datapacking=block
0
0.01
0.02
0.03
0.04
0.05
0.06
0.07
0.08
0.09
0.1
0.11
0.12
0.13
0.14
0.15
0.16
0.17
0.18
0.19
0.2
0.21
0.22
0.23
0.24
0.25
0.26
0.27
0.28
0.29
0.3
0.31
0.32
0.33
0.34
0.35
0.36
0.37
0.38
0.39
0.4
0.41
0.42
0.43
0.44
0.45
0.46
0.47
0.48
0.49
0.5
0.51
0.52
0.53
0.54
0.55
0.56
0.57
0.58
0.59
0.6
0.61
0.62
0.63
0.64
0.65
0.66
0.67
0.68
0.69
0.7
0.71
0.72
0.73
0.74
0.75
0.76
0.77
0.78
0.79
0.8
0.81
0.82
0.83
0.84
0.85
0.86
0.87
0.88
0.89
0.9
0.91
0.92
0.93
0.94
0.95
0.96
0.97
0.98
0.99
1
0
-4.05662e-08
-7.99017e-08
3.31026e-07
5.41304e-07
-1.31554e-06
-2.71679e-06
3.48498e-06
1.11219e-05
-4.37062e-06
-3.66675e-05
-1.40315e-05
9.08389e-05
0.000114072
-0.000131464
-0.000409168
-9.58391e-05
0.000851836
0.00116371
-0.000513092
-0.00309766
-0.00285041
0.002483
0.00893881
0.00785271
-0.00511321
-0.0217929
-0.0246933
-0.00203067
0.0378009
0.0667723
0.0551402
-0.00599252
-0.0944923
-0.166738
-0.179832
-0.11192
0.0304181
0.219016
0.4184
0.59882
0.743002
0.846548
0.914413
0.955778
0.979284
0.990817
0.994717
0.99591
0.998949
1.00404
1.00582
0.999324
0.988368
0.985568
1.0002
1.02484
1.03652
1.01554
0.966562
0.921679
0.920138
0.979505
1.08016
1.17396
1.20972
1.15816
1.02227
0.830898
0.622859
0.431722
0.277447
0.165742
0.0922472
0.0479284
0.0232844
0.0105916
0.00451595
0.00180634
0.000678238
0.000239156
7.92125e-05
2.46458e-05
7.20234e-06
1.97631e-06
5.08961e-07
1.22937e-07
2.78283e-08
5.89741e-09
1.16863e-09
2.16226e-10
3.72932e-11
5.98407e-12
8.91317e-13
1.22917e-13
1.5647e-14
1.83227e-15
1.96577e-16
1.92316e-17
1.70619e-18
1.3657e-19
