VARIABLEs = X,u
ZONE I=101
datapacking=block
0
0.01
0.02
0.03
0.04
0.05
0.06
0.07
0.08
0.09
0.1
0.11
0.12
0.13
0.14
0.15
0.16
0.17
0.18
0.19
0.2
0.21
0.22
0.23
0.24
0.25
0.26
0.27
0.28
0.29
0.3
0.31
0.32
0.33
0.34
0.35
0.36
0.37
0.38
0.39
0.4
0.41
0.42
0.43
0.44
0.45
0.46
0.47
0.48
0.49
0.5
0.51
0.52
0.53
0.54
0.55
0.56
0.57
0.58
0.59
0.6
0.61
0.62
0.63
0.64
0.65
0.66
0.67
0.68
0.69
0.7
0.71
0.72
0.73
0.74
0.75
0.76
0.77
0.78
0.79
0.8
0.81
0.82
0.83
0.84
0.85
0.86
0.87
0.88
0.89
0.9
0.91
0.92
0.93
0.94
0.95
0.96
0.97
0.98
0.99
1
0
2.49942e-23
1.32795e-21
3.52864e-20
6.25263e-19
8.31201e-18
8.84246e-17
7.84152e-16
5.96252e-15
3.96848e-14
2.34873e-13
1.25158e-12
6.06566e-12
2.6959e-11
1.10655e-10
4.21961e-10
1.50259e-09
5.01902e-09
1.57879e-08
4.69329e-08
1.32262e-07
3.54337e-07
9.04748e-07
2.20685e-06
5.15314e-06
1.15416e-05
2.48389e-05
5.1451e-05
0.000102735
0.000198028
0.000368987
0.000665452
0.00116296
0.00197171
0.00324654
0.00519688
0.0080953
0.0122829
0.0181694
0.0262259
0.0369696
0.050938
0.0686558
0.0905937
0.117125
0.148481
0.184715
0.225675
0.270993
0.320086
0.372183
0.426362
0.4816
0.536836
0.591024
0.6432
0.69252
0.738301
0.780038
0.817407
0.850254
0.878574
0.90247
0.922121
0.937734
0.949506
0.957586
0.962049
0.962877
0.959956
0.953084
0.941991
0.92638
0.905965
0.880518
0.849925
0.814219
0.773621
0.728548
0.679618
0.627628
0.573519
0.518325
0.463117
0.408943
0.356772
0.307445
0.261641
0.219856
0.182393
0.149376
0.12076
0.0963668
0.0759073
0.0590194
0.0452972
0.0343187
0.0256681
0.0189533
0.0138178
0.00994688
