VARIABLEs = X,u
ZONE I=101
datapacking=block
0
0.01
0.02
0.03
0.04
0.05
0.06
0.07
0.08
0.09
0.1
0.11
0.12
0.13
0.14
0.15
0.16
0.17
0.18
0.19
0.2
0.21
0.22
0.23
0.24
0.25
0.26
0.27
0.28
0.29
0.3
0.31
0.32
0.33
0.34
0.35
0.36
0.37
0.38
0.39
0.4
0.41
0.42
0.43
0.44
0.45
0.46
0.47
0.48
0.49
0.5
0.51
0.52
0.53
0.54
0.55
0.56
0.57
0.58
0.59
0.6
0.61
0.62
0.63
0.64
0.65
0.66
0.67
0.68
0.69
0.7
0.71
0.72
0.73
0.74
0.75
0.76
0.77
0.78
0.79
0.8
0.81
0.82
0.83
0.84
0.85
0.86
0.87
0.88
0.89
0.9
0.91
0.92
0.93
0.94
0.95
0.96
0.97
0.98
0.99
1
0
1.36012e-11
3.54483e-10
4.62533e-09
4.02909e-08
2.63631e-07
1.38229e-06
6.05074e-06
2.27475e-05
7.49912e-05
0.000220276
0.000583848
0.00141086
0.00313508
0.00645297
0.0123809
0.022265
0.0377141
0.0604394
0.0920082
0.133551
0.185484
0.247309
0.317564
0.393924
0.473459
0.552988
0.62945
0.70024
0.763441
0.81792
0.863316
0.899926
0.928528
0.950197
0.966132
0.977516
0.985419
0.990748
0.994213
0.996324
0.997372
0.997406
0.996195
0.993175
0.987417
0.977628
0.96223
0.939532
0.907977
0.866442
0.814513
0.752689
0.682435
0.606076
0.52654
0.447012
0.37055
0.29976
0.236559
0.18208
0.136684
0.100074
0.0714723
0.0498028
0.0338673
0.0224827
0.0145747
0.00922965
0.00571166
0.00345535
0.00204428
0.00118323
0.000670267
0.000371737
0.000201928
0.00010747
5.60618e-05
2.8674e-05
1.43848e-05
7.08037e-06
3.42052e-06
1.62238e-06
7.55738e-07
3.45847e-07
1.55532e-07
6.87555e-08
2.98859e-08
1.27767e-08
5.37383e-09
2.22419e-09
9.06137e-10
3.63463e-10
1.43574e-10
5.5865e-11
2.14169e-11
8.09133e-12
3.01319e-12
1.10629e-12
4.00532e-13
1.43027e-13
