VARIABLEs = X,u
ZONE I=101
datapacking=block
0
0.01
0.02
0.03
0.04
0.05
0.06
0.07
0.08
0.09
0.1
0.11
0.12
0.13
0.14
0.15
0.16
0.17
0.18
0.19
0.2
0.21
0.22
0.23
0.24
0.25
0.26
0.27
0.28
0.29
0.3
0.31
0.32
0.33
0.34
0.35
0.36
0.37
0.38
0.39
0.4
0.41
0.42
0.43
0.44
0.45
0.46
0.47
0.48
0.49
0.5
0.51
0.52
0.53
0.54
0.55
0.56
0.57
0.58
0.59
0.6
0.61
0.62
0.63
0.64
0.65
0.66
0.67
0.68
0.69
0.7
0.71
0.72
0.73
0.74
0.75
0.76
0.77
0.78
0.79
0.8
0.81
0.82
0.83
0.84
0.85
0.86
0.87
0.88
0.89
0.9
0.91
0.92
0.93
0.94
0.95
0.96
0.97
0.98
0.99
1
0
1.37285e-25
8.00967e-24
2.33704e-22
4.54699e-21
6.63656e-20
7.75102e-19
7.54579e-18
6.29829e-17
4.60121e-16
2.98882e-15
1.74786e-14
9.29535e-14
4.53302e-13
2.0413e-12
8.53907e-12
3.33524e-11
1.2218e-10
4.21443e-10
1.3736e-09
4.24343e-09
1.24602e-08
3.48644e-08
9.3173e-08
2.38319e-07
5.84554e-07
1.37739e-06
3.12299e-06
6.82376e-06
1.4389e-05
2.93203e-05
5.78059e-05
0.000110395
0.000204445
0.000367541
0.000642041
0.00109083
0.00180415
0.00290725
0.00456818
0.00700482
0.01049
0.0153532
0.0219776
0.0307908
0.0422493
0.0568159
0.0749305
0.0969777
0.123252
0.153924
0.189013
0.228367
0.271657
0.318377
0.367863
0.419327
0.47189
0.524634
0.576644
0.627058
0.675102
0.720126
0.761618
0.79921
0.832679
0.861924
0.886945
0.907813
0.924634
0.937518
0.946554
0.951778
0.953169
0.950636
0.944033
0.933171
0.917844
0.897868
0.873114
0.843543
0.809241
0.770442
0.72754
0.681088
0.631784
0.580442
0.527958
0.475264
0.423282
0.372875
0.324817
0.279749
0.238169
0.200417
0.166676
0.136983
0.111249
0.0892792
0.0707979
0.0554765
