VARIABLEs = X,u
ZONE I=101
datapacking=block
0
0.01
0.02
0.03
0.04
0.05
0.06
0.07
0.08
0.09
0.1
0.11
0.12
0.13
0.14
0.15
0.16
0.17
0.18
0.19
0.2
0.21
0.22
0.23
0.24
0.25
0.26
0.27
0.28
0.29
0.3
0.31
0.32
0.33
0.34
0.35
0.36
0.37
0.38
0.39
0.4
0.41
0.42
0.43
0.44
0.45
0.46
0.47
0.48
0.49
0.5
0.51
0.52
0.53
0.54
0.55
0.56
0.57
0.58
0.59
0.6
0.61
0.62
0.63
0.64
0.65
0.66
0.67
0.68
0.69
0.7
0.71
0.72
0.73
0.74
0.75
0.76
0.77
0.78
0.79
0.8
0.81
0.82
0.83
0.84
0.85
0.86
0.87
0.88
0.89
0.9
0.91
0.92
0.93
0.94
0.95
0.96
0.97
0.98
0.99
1
0
0.00027278
0.00251519
0.0117265
0.0369382
0.0886684
0.173549
0.289576
0.425486
0.564766
0.691627
0.795621
0.873125
0.926079
0.959484
0.979058
0.989765
0.99526
0.997914
0.999126
0.999651
0.999866
0.999951
0.999983
0.999994
0.999998
0.999999
1
1
1
1
0.999727
0.997485
0.988274
0.963062
0.911332
0.826451
0.710424
0.574514
0.435234
0.308373
0.204379
0.126875
0.0739207
0.0405155
0.0209424
0.0102346
0.00474045
0.00208595
0.000873974
0.000349403
0.000133553
4.88988e-05
1.718e-05
5.80158e-06
1.88599e-06
5.91065e-07
1.78825e-07
5.22966e-08
1.48013e-08
4.05887e-09
1.07958e-09
2.788e-10
6.99745e-11
1.70841e-11
4.06096e-12
9.40605e-13
2.12456e-13
4.68317e-14
1.00816e-14
2.12096e-15
4.3635e-16
8.78422e-17
1.7314e-17
3.34324e-18
6.32773e-19
1.17454e-19
2.13918e-20
3.82468e-21
6.71606e-22
1.15878e-22
1.96535e-23
3.27803e-24
5.37891e-25
8.68666e-26
1.38118e-26
2.16293e-27
3.33719e-28
5.07471e-29
7.60811e-30
1.1249e-30
1.64078e-31
2.36168e-32
3.35542e-33
4.70705e-34
6.52142e-35
8.92569e-36
1.20714e-36
1.61359e-37
2.13232e-38
2.78637e-39
