VARIABLEs = X,u
ZONE I=101
datapacking=block
0
0.01
0.02
0.03
0.04
0.05
0.06
0.07
0.08
0.09
0.1
0.11
0.12
0.13
0.14
0.15
0.16
0.17
0.18
0.19
0.2
0.21
0.22
0.23
0.24
0.25
0.26
0.27
0.28
0.29
0.3
0.31
0.32
0.33
0.34
0.35
0.36
0.37
0.38
0.39
0.4
0.41
0.42
0.43
0.44
0.45
0.46
0.47
0.48
0.49
0.5
0.51
0.52
0.53
0.54
0.55
0.56
0.57
0.58
0.59
0.6
0.61
0.62
0.63
0.64
0.65
0.66
0.67
0.68
0.69
0.7
0.71
0.72
0.73
0.74
0.75
0.76
0.77
0.78
0.79
0.8
0.81
0.82
0.83
0.84
0.85
0.86
0.87
0.88
0.89
0.9
0.91
0.92
0.93
0.94
0.95
0.96
0.97
0.98
0.99
1
0
0.0100133
0.05619
0.162547
0.325719
0.513358
0.685911
0.818126
0.904968
0.954896
0.980425
0.992183
0.997111
0.999006
0.999681
0.999904
0.999973
0.999993
0.999998
1
1
1
1
1
1
1
1
1
1
1
1
0.989987
0.94381
0.837453
0.674281
0.486642
0.314089
0.181874
0.0950316
0.0451043
0.0195751
0.00781725
0.00288926
0.000993551
0.000319401
9.64042e-05
2.74261e-05
7.38037e-06
1.88466e-06
4.58037e-07
1.0623e-07
2.3569e-08
5.01378e-09
1.02477e-09
2.01635e-10
3.82614e-11
7.01353e-12
1.24385e-12
2.13741e-13
3.56354e-14
5.77173e-15
9.09243e-16
1.39473e-16
2.08545e-17
3.04257e-18
4.33533e-19
6.03855e-20
8.22884e-21
1.09796e-21
1.43552e-22
1.84041e-23
2.31528e-24
2.85995e-25
3.47093e-26
4.14119e-27
4.86004e-28
5.61335e-29
6.38403e-30
7.15271e-31
7.89865e-32
8.60073e-33
9.23856e-34
9.79349e-35
1.02496e-35
1.05943e-36
1.08191e-37
1.09199e-38
1.08966e-39
1.07536e-40
1.04988e-41
1.01431e-42
9.7001e-44
9.18484e-45
8.61333e-46
8.00174e-47
7.36576e-48
6.72004e-49
6.07779e-50
5.45046e-51
4.8476e-52
4.27675e-53
