VARIABLEs = X,u
ZONE I=101
datapacking=block
0
0.01
0.02
0.03
0.04
0.05
0.06
0.07
0.08
0.09
0.1
0.11
0.12
0.13
0.14
0.15
0.16
0.17
0.18
0.19
0.2
0.21
0.22
0.23
0.24
0.25
0.26
0.27
0.28
0.29
0.3
0.31
0.32
0.33
0.34
0.35
0.36
0.37
0.38
0.39
0.4
0.41
0.42
0.43
0.44
0.45
0.46
0.47
0.48
0.49
0.5
0.51
0.52
0.53
0.54
0.55
0.56
0.57
0.58
0.59
0.6
0.61
0.62
0.63
0.64
0.65
0.66
0.67
0.68
0.69
0.7
0.71
0.72
0.73
0.74
0.75
0.76
0.77
0.78
0.79
0.8
0.81
0.82
0.83
0.84
0.85
0.86
0.87
0.88
0.89
0.9
0.91
0.92
0.93
0.94
0.95
0.96
0.97
0.98
0.99
1
0
2.02434e-07
3.32773e-06
2.7445e-05
0.000151479
0.000629771
0.00210487
0.00589509
0.0142408
0.0303172
0.0578391
0.100237
0.159607
0.235804
0.326068
0.425351
0.527269
0.625349
0.714184
0.790175
0.851761
0.899179
0.933953
0.958297
0.974601
0.985066
0.991516
0.995339
0.997522
0.998723
0.999363
0.999691
0.999851
0.999906
0.999819
0.999357
0.99789
0.994103
0.985758
0.969682
0.942161
0.899763
0.840393
0.764196
0.673932
0.574649
0.472731
0.374651
0.285816
0.209825
0.148239
0.100821
0.0660474
0.0417032
0.0253995
0.0149341
0.00848402
0.00466089
0.00247831
0.00127654
0.00063748
0.000308893
0.000145345
6.64631e-05
2.95574e-05
1.27929e-05
5.39249e-06
2.21519e-06
8.87389e-07
3.46866e-07
1.32376e-07
4.93521e-08
1.7984e-08
6.40879e-09
2.23459e-09
7.62712e-10
2.54958e-10
8.35059e-11
2.68099e-11
8.44085e-12
2.60714e-12
7.90315e-13
2.35211e-13
6.87537e-14
1.97455e-14
5.57343e-15
1.54669e-15
4.22131e-16
1.13342e-16
2.9948e-17
7.78932e-18
1.99486e-18
5.03179e-19
1.2504e-19
3.06199e-20
7.39085e-21
1.75885e-21
4.12771e-22
9.55515e-23
2.18228e-23
4.91841e-24
