VARIABLEs = X,u
ZONE I=101
datapacking=block
0
0.01
0.02
0.03
0.04
0.05
0.06
0.07
0.08
0.09
0.1
0.11
0.12
0.13
0.14
0.15
0.16
0.17
0.18
0.19
0.2
0.21
0.22
0.23
0.24
0.25
0.26
0.27
0.28
0.29
0.3
0.31
0.32
0.33
0.34
0.35
0.36
0.37
0.38
0.39
0.4
0.41
0.42
0.43
0.44
0.45
0.46
0.47
0.48
0.49
0.5
0.51
0.52
0.53
0.54
0.55
0.56
0.57
0.58
0.59
0.6
0.61
0.62
0.63
0.64
0.65
0.66
0.67
0.68
0.69
0.7
0.71
0.72
0.73
0.74
0.75
0.76
0.77
0.78
0.79
0.8
0.81
0.82
0.83
0.84
0.85
0.86
0.87
0.88
0.89
0.9
0.91
0.92
0.93
0.94
0.95
0.96
0.97
0.98
0.99
1
0
2.76068e-22
1.40034e-20
3.55259e-19
6.01036e-18
7.62885e-17
7.74922e-16
6.56197e-15
4.76465e-14
3.02839e-13
1.7117e-12
8.71134e-12
4.03234e-11
1.71184e-10
6.71179e-10
2.44498e-09
8.31785e-09
2.65457e-08
7.97882e-08
2.26657e-07
6.10446e-07
1.56313e-06
3.81524e-06
8.89686e-06
1.98637e-05
4.25444e-05
8.75717e-05
0.000173521
0.000331498
0.00061148
0.00109056
0.00188296
0.00315125
0.00511774
0.00807426
0.0123884
0.0185034
0.0269301
0.038228
0.0529767
0.0717358
0.0949989
0.123143
0.156381
0.194721
0.237941
0.285579
0.336943
0.391147
0.447155
0.503846
0.56008
0.614767
0.666924
0.715726
0.760538
0.800924
0.836647
0.867649
0.894016
0.915939
0.933666
0.947457
0.957538
0.964068
0.967107
0.966603
0.962395
0.95422
0.94175
0.924629
0.902527
0.875195
0.842516
0.804556
0.761591
0.714122
0.662868
0.608736
0.552772
0.496109
0.439892
0.385214
0.333058
0.284249
0.239417
0.198987
0.163179
0.132019
0.105372
0.0829706
0.0644513
0.0493922
0.037344
0.0278576
0.0205048
0.0148932
0.0106752
0.00755205
0.00527342
0.003635
