VARIABLEs = X,u
ZONE I=101
datapacking=block
0
0.01
0.02
0.03
0.04
0.05
0.06
0.07
0.08
0.09
0.1
0.11
0.12
0.13
0.14
0.15
0.16
0.17
0.18
0.19
0.2
0.21
0.22
0.23
0.24
0.25
0.26
0.27
0.28
0.29
0.3
0.31
0.32
0.33
0.34
0.35
0.36
0.37
0.38
0.39
0.4
0.41
0.42
0.43
0.44
0.45
0.46
0.47
0.48
0.49
0.5
0.51
0.52
0.53
0.54
0.55
0.56
0.57
0.58
0.59
0.6
0.61
0.62
0.63
0.64
0.65
0.66
0.67
0.68
0.69
0.7
0.71
0.72
0.73
0.74
0.75
0.76
0.77
0.78
0.79
0.8
0.81
0.82
0.83
0.84
0.85
0.86
0.87
0.88
0.89
0.9
0.91
0.92
0.93
0.94
0.95
0.96
0.97
0.98
0.99
1
0
3.37696e-24
1.8619e-22
5.13404e-21
9.44022e-20
1.30221e-18
1.43746e-17
1.32268e-16
1.04353e-15
7.20617e-15
4.4249e-14
2.44627e-13
1.22993e-12
5.67079e-12
2.41452e-11
9.55059e-11
3.52754e-10
1.22209e-09
3.98691e-09
1.2291e-08
3.5918e-08
9.97769e-08
2.64146e-07
6.67967e-07
1.61689e-06
3.75367e-06
8.37261e-06
1.79725e-05
3.71848e-05
7.42594e-05
0.000143333
0.00026773
0.000484523
0.000850516
0.00144965
0.00240154
0.00387064
0.00607491
0.00929274
0.0138664
0.0202004
0.0287527
0.0400182
0.0545039
0.0726969
0.0950262
0.121823
0.15328
0.189424
0.230085
0.274895
0.323289
0.374528
0.427735
0.481944
0.536149
0.589363
0.64067
0.689263
0.734485
0.775837
0.812991
0.845774
0.87415
0.898186
0.918021
0.933821
0.945747
0.953919
0.95839
0.959136
0.956046
0.948935
0.937566
0.921679
0.901033
0.875449
0.844853
0.809314
0.769071
0.724548
0.676347
0.625237
0.572114
0.51796
0.463788
0.410592
0.35929
0.310686
0.265433
0.224015
0.186738
0.15374
0.124999
0.100364
0.0795773
0.062308
0.0481779
0.0367887
0.0277435
0.0206638
