VARIABLEs = X,u
ZONE I=101
datapacking=block
0
0.01
0.02
0.03
0.04
0.05
0.06
0.07
0.08
0.09
0.1
0.11
0.12
0.13
0.14
0.15
0.16
0.17
0.18
0.19
0.2
0.21
0.22
0.23
0.24
0.25
0.26
0.27
0.28
0.29
0.3
0.31
0.32
0.33
0.34
0.35
0.36
0.37
0.38
0.39
0.4
0.41
0.42
0.43
0.44
0.45
0.46
0.47
0.48
0.49
0.5
0.51
0.52
0.53
0.54
0.55
0.56
0.57
0.58
0.59
0.6
0.61
0.62
0.63
0.64
0.65
0.66
0.67
0.68
0.69
0.7
0.71
0.72
0.73
0.74
0.75
0.76
0.77
0.78
0.79
0.8
0.81
0.82
0.83
0.84
0.85
0.86
0.87
0.88
0.89
0.9
0.91
0.92
0.93
0.94
0.95
0.96
0.97
0.98
0.99
1
0
8.26257e-15
2.76641e-13
4.63459e-12
5.18041e-11
4.34663e-10
2.92034e-09
1.63669e-08
7.87079e-08
3.31574e-07
1.24317e-06
4.20052e-06
1.29215e-05
3.64933e-05
9.52981e-05
0.000231507
0.000525947
0.0011226
0.00226043
0.0043096
0.00780555
0.0134712
0.0222152
0.0350961
0.0532451
0.0777501
0.109512
0.149095
0.196597
0.251563
0.312972
0.379291
0.448601
0.518773
0.587664
0.653308
0.71407
0.768753
0.816635
0.857459
0.891373
0.918841
0.940542
0.957267
0.96983
0.97899
0.98539
0.989509
0.991624
0.991771
0.989728
0.985004
0.976859
0.964352
0.946431
0.922063
0.890382
0.850846
0.803371
0.74842
0.687019
0.620704
0.551396
0.481225
0.412335
0.346692
0.285929
0.231247
0.183365
0.142541
0.108626
0.081155
0.059445
0.0426961
0.0300744
0.0207787
0.0140844
0.00936802
0.00611563
0.00391941
0.00246653
0.00152456
0.000925768
0.000552411
0.00032399
0.000186816
0.000105929
5.908e-05
3.24182e-05
1.7505e-05
9.30374e-06
4.86828e-06
2.50848e-06
1.27308e-06
6.36511e-07
3.1358e-07
1.52256e-07
7.28732e-08
3.43887e-08
1.6003e-08
7.34522e-09
