VARIABLEs = X,u
ZONE I=101
datapacking=block
0
0.01
0.02
0.03
0.04
0.05
0.06
0.07
0.08
0.09
0.1
0.11
0.12
0.13
0.14
0.15
0.16
0.17
0.18
0.19
0.2
0.21
0.22
0.23
0.24
0.25
0.26
0.27
0.28
0.29
0.3
0.31
0.32
0.33
0.34
0.35
0.36
0.37
0.38
0.39
0.4
0.41
0.42
0.43
0.44
0.45
0.46
0.47
0.48
0.49
0.5
0.51
0.52
0.53
0.54
0.55
0.56
0.57
0.58
0.59
0.6
0.61
0.62
0.63
0.64
0.65
0.66
0.67
0.68
0.69
0.7
0.71
0.72
0.73
0.74
0.75
0.76
0.77
0.78
0.79
0.8
0.81
0.82
0.83
0.84
0.85
0.86
0.87
0.88
0.89
0.9
0.91
0.92
0.93
0.94
0.95
0.96
0.97
0.98
0.99
1
0
4.50826e-07
7.04938e-06
5.5323e-05
0.000290688
0.0011511
0.00366669
0.00979425
0.0225848
0.0459414
0.083847
0.139204
0.212686
0.302093
0.402497
0.507191
0.609077
0.702031
0.78185
0.846583
0.896322
0.932631
0.957877
0.974636
0.985278
0.991755
0.995541
0.997669
0.998821
0.999422
0.999726
0.999873
0.999936
0.99992
0.999699
0.998845
0.996332
0.990205
0.977415
0.954058
0.916153
0.860796
0.787314
0.697907
0.597503
0.492809
0.390923
0.297969
0.21815
0.153417
0.103678
0.0673691
0.0421227
0.0253644
0.0147224
0.00824495
0.00445925
0.00233137
0.00117934
0.000577751
0.000274346
0.000126381
5.65266e-05
2.45671e-05
1.03828e-05
4.27032e-06
1.71038e-06
6.67582e-07
2.54087e-07
9.43615e-08
3.4214e-08
1.21188e-08
4.19565e-09
1.42056e-09
4.70606e-10
1.5262e-10
4.84756e-11
1.50867e-11
4.60271e-12
1.3771e-12
4.04233e-13
1.16461e-13
3.2944e-14
9.15341e-15
2.49892e-15
6.70558e-16
1.76921e-16
4.59114e-17
1.17219e-17
2.94537e-18
7.28581e-19
1.77474e-19
4.25824e-20
1.00666e-20
2.34531e-21
5.38641e-22
1.21979e-22
2.72434e-23
6.00246e-24
1.30493e-24
2.79984e-25
