VARIABLEs = X,u
ZONE I=101
datapacking=block
0
0.01
0.02
0.03
0.04
0.05
0.06
0.07
0.08
0.09
0.1
0.11
0.12
0.13
0.14
0.15
0.16
0.17
0.18
0.19
0.2
0.21
0.22
0.23
0.24
0.25
0.26
0.27
0.28
0.29
0.3
0.31
0.32
0.33
0.34
0.35
0.36
0.37
0.38
0.39
0.4
0.41
0.42
0.43
0.44
0.45
0.46
0.47
0.48
0.49
0.5
0.51
0.52
0.53
0.54
0.55
0.56
0.57
0.58
0.59
0.6
0.61
0.62
0.63
0.64
0.65
0.66
0.67
0.68
0.69
0.7
0.71
0.72
0.73
0.74
0.75
0.76
0.77
0.78
0.79
0.8
0.81
0.82
0.83
0.84
0.85
0.86
0.87
0.88
0.89
0.9
0.91
0.92
0.93
0.94
0.95
0.96
0.97
0.98
0.99
1
0
3.70027e-11
9.27293e-10
1.16353e-08
9.74792e-08
6.13524e-07
3.09481e-06
1.30353e-05
4.71642e-05
0.000149677
0.000423338
0.00108074
0.00251624
0.0053892
0.0106962
0.0197981
0.0343667
0.0562258
0.0870921
0.128253
0.18025
0.242647
0.313958
0.391747
0.472912
0.554069
0.631972
0.703874
0.767782
0.822555
0.867883
0.904144
0.932218
0.953275
0.968592
0.979405
0.98682
0.991757
0.994933
0.996859
0.997834
0.997927
0.996931
0.99431
0.989143
0.980118
0.96559
0.943753
0.912897
0.871742
0.819748
0.757351
0.686042
0.608253
0.527088
0.445931
0.368028
0.296126
0.232218
0.177445
0.132117
0.095856
0.0677819
0.0467248
0.0314083
0.0205945
0.0131772
0.00823043
0.00502024
0.00299159
0.00174234
0.000992185
0.000552659
0.000301232
0.00016073
8.39872e-05
4.29947e-05
2.15707e-05
1.06102e-05
5.11848e-06
2.42255e-06
1.12529e-06
5.13168e-07
2.29826e-07
1.01115e-07
4.37165e-08
1.85787e-08
7.76336e-09
3.19059e-09
1.29003e-09
5.13273e-10
2.01016e-10
7.75098e-11
2.94328e-11
1.10093e-11
4.05733e-12
1.47358e-12
5.2754e-13
1.86199e-13
6.48085e-14
2.22488e-14
