VARIABLEs = X,u
ZONE I=101
datapacking=block
0
0.01
0.02
0.03
0.04
0.05
0.06
0.07
0.08
0.09
0.1
0.11
0.12
0.13
0.14
0.15
0.16
0.17
0.18
0.19
0.2
0.21
0.22
0.23
0.24
0.25
0.26
0.27
0.28
0.29
0.3
0.31
0.32
0.33
0.34
0.35
0.36
0.37
0.38
0.39
0.4
0.41
0.42
0.43
0.44
0.45
0.46
0.47
0.48
0.49
0.5
0.51
0.52
0.53
0.54
0.55
0.56
0.57
0.58
0.59
0.6
0.61
0.62
0.63
0.64
0.65
0.66
0.67
0.68
0.69
0.7
0.71
0.72
0.73
0.74
0.75
0.76
0.77
0.78
0.79
0.8
0.81
0.82
0.83
0.84
0.85
0.86
0.87
0.88
0.89
0.9
0.91
0.92
0.93
0.94
0.95
0.96
0.97
0.98
0.99
1
0
2.25687e-20
1.04523e-18
2.42127e-17
3.74068e-16
4.33606e-15
4.02268e-14
3.11138e-13
2.06374e-12
1.19836e-11
6.18872e-11
2.87812e-10
1.21756e-09
4.72457e-09
1.69345e-08
5.64046e-08
1.75481e-07
5.12242e-07
1.40855e-06
3.66143e-06
9.02564e-06
2.11587e-05
4.72933e-05
0.000101025
0.000206687
0.000405798
0.000765979
0.00139243
0.0024416
0.0041359
0.00677752
0.0107587
0.016565
0.024768
0.0360057
0.0509473
0.0702455
0.0944774
0.124082
0.159296
0.20011
0.246229
0.297071
0.351786
0.409298
0.468376
0.527713
0.586015
0.642081
0.694871
0.743562
0.78757
0.826556
0.860412
0.889225
0.913233
0.932766
0.948198
0.959884
0.968115
0.973078
0.974827
0.973267
0.96816
0.959145
0.945773
0.927567
0.904084
0.874985
0.840106
0.799513
0.753536
0.702783
0.648125
0.590649
0.531592
0.472268
0.413974
0.357912
0.305122
0.256427
0.212408
0.173397
0.139487
0.110568
0.0863615
0.0664675
0.0504094
0.0376746
0.0277493
0.0201445
0.0144147
0.0101681
0.00707153
0.00484925
0.00327928
0.00218716
0.00143892
0.000933913
0.000598066
0.00037794
