VARIABLEs = X,u
ZONE I=101
datapacking=block
0
0.01
0.02
0.03
0.04
0.05
0.06
0.07
0.08
0.09
0.1
0.11
0.12
0.13
0.14
0.15
0.16
0.17
0.18
0.19
0.2
0.21
0.22
0.23
0.24
0.25
0.26
0.27
0.28
0.29
0.3
0.31
0.32
0.33
0.34
0.35
0.36
0.37
0.38
0.39
0.4
0.41
0.42
0.43
0.44
0.45
0.46
0.47
0.48
0.49
0.5
0.51
0.52
0.53
0.54
0.55
0.56
0.57
0.58
0.59
0.6
0.61
0.62
0.63
0.64
0.65
0.66
0.67
0.68
0.69
0.7
0.71
0.72
0.73
0.74
0.75
0.76
0.77
0.78
0.79
0.8
0.81
0.82
0.83
0.84
0.85
0.86
0.87
0.88
0.89
0.9
0.91
0.92
0.93
0.94
0.95
0.96
0.97
0.98
0.99
1
0
6.13176e-18
2.49558e-16
5.08087e-15
6.89981e-14
7.0313e-13
5.7356e-12
3.90131e-11
2.27607e-10
1.16272e-09
5.28374e-09
2.16271e-08
8.05448e-08
2.75224e-07
8.68957e-07
2.55024e-06
6.99336e-06
1.80005e-05
4.36627e-05
0.000100164
0.000218009
0.000451494
0.000892036
0.00168542
0.00305205
0.00530791
0.00888243
0.0143283
0.0223177
0.0336193
0.0490545
0.0694316
0.0954643
0.127682
0.166345
0.211376
0.262326
0.31837
0.378349
0.440851
0.504311
0.567133
0.627805
0.685007
0.737682
0.785087
0.826798
0.862698
0.892929
0.917834
0.93789
0.953636
0.965603
0.97426
0.979956
0.98288
0.983036
0.980229
0.974074
0.964025
0.949431
0.929609
0.903937
0.87195
0.833432
0.78849
0.737595
0.681585
0.621625
0.559134
0.49568
0.432863
0.372192
0.314991
0.262316
0.21491
0.173195
0.137284
0.107028
0.0820658
0.0618918
0.0459129
0.0335047
0.0240541
0.0169918
0.0118117
0.00808115
0.00544234
0.00360844
0.00235584
0.00151474
0.00095933
0.000598566
0.000367996
0.000222966
0.000133159
7.84002e-05
4.55144e-05
2.60579e-05
1.47151e-05
8.19766e-06
