VARIABLEs = X,u
ZONE I=101
datapacking=block
0
0.01
0.02
0.03
0.04
0.05
0.06
0.07
0.08
0.09
0.1
0.11
0.12
0.13
0.14
0.15
0.16
0.17
0.18
0.19
0.2
0.21
0.22
0.23
0.24
0.25
0.26
0.27
0.28
0.29
0.3
0.31
0.32
0.33
0.34
0.35
0.36
0.37
0.38
0.39
0.4
0.41
0.42
0.43
0.44
0.45
0.46
0.47
0.48
0.49
0.5
0.51
0.52
0.53
0.54
0.55
0.56
0.57
0.58
0.59
0.6
0.61
0.62
0.63
0.64
0.65
0.66
0.67
0.68
0.69
0.7
0.71
0.72
0.73
0.74
0.75
0.76
0.77
0.78
0.79
0.8
0.81
0.82
0.83
0.84
0.85
0.86
0.87
0.88
0.89
0.9
0.91
0.92
0.93
0.94
0.95
0.96
0.97
0.98
0.99
1
0
2.02703e-09
4.26693e-08
4.50009e-07
3.17109e-06
1.68009e-05
7.1406e-05
0.000253674
0.00077506
0.00207985
0.00498184
0.0107899
0.021356
0.0389738
0.0660869
0.104829
0.156492
0.221074
0.297054
0.381471
0.470324
0.559167
0.643768
0.720669
0.787532
0.843246
0.887815
0.922099
0.947496
0.965639
0.978155
0.986501
0.991888
0.995256
0.997297
0.998486
0.99912
0.99932
0.999006
0.99781
0.994964
0.989184
0.978632
0.961021
0.933911
0.89517
0.843508
0.778926
0.702946
0.618529
0.529676
0.440833
0.356232
0.279331
0.212468
0.156754
0.112185
0.0779011
0.052504
0.0343607
0.0218453
0.013499
0.00811193
0.00474312
0.00269999
0.00149713
0.000809086
0.000426389
0.000219242
0.000110046
5.39489e-05
2.58442e-05
1.21039e-05
5.54463e-06
2.48545e-06
1.09072e-06
4.68796e-07
1.97423e-07
8.14949e-08
3.29875e-08
1.30985e-08
5.10389e-09
1.9523e-09
7.33341e-10
2.70597e-10
9.81161e-11
3.49697e-11
1.22549e-11
4.22401e-12
1.43238e-12
4.78005e-13
1.57023e-13
5.07888e-14
1.61791e-14
5.07728e-15
1.57001e-15
4.78488e-16
1.43759e-16
4.25886e-17
1.24433e-17
3.58641e-18
