VARIABLEs = X,u
ZONE I=101
datapacking=block
0
0.01
0.02
0.03
0.04
0.05
0.06
0.07
0.08
0.09
0.1
0.11
0.12
0.13
0.14
0.15
0.16
0.17
0.18
0.19
0.2
0.21
0.22
0.23
0.24
0.25
0.26
0.27
0.28
0.29
0.3
0.31
0.32
0.33
0.34
0.35
0.36
0.37
0.38
0.39
0.4
0.41
0.42
0.43
0.44
0.45
0.46
0.47
0.48
0.49
0.5
0.51
0.52
0.53
0.54
0.55
0.56
0.57
0.58
0.59
0.6
0.61
0.62
0.63
0.64
0.65
0.66
0.67
0.68
0.69
0.7
0.71
0.72
0.73
0.74
0.75
0.76
0.77
0.78
0.79
0.8
0.81
0.82
0.83
0.84
0.85
0.86
0.87
0.88
0.89
0.9
0.91
0.92
0.93
0.94
0.95
0.96
0.97
0.98
0.99
1
0
4.08705e-10
9.25886e-09
1.05058e-07
7.96227e-07
4.53542e-06
2.07152e-05
7.90473e-05
0.000259273
0.00074642
0.00191669
0.00444649
0.00941743
0.01837
0.0332514
0.0562188
0.0892997
0.133966
0.190722
0.258832
0.33626
0.419876
0.505874
0.590298
0.669575
0.740915
0.802548
0.853746
0.894704
0.9263
0.949835
0.966783
0.978594
0.986569
0.991791
0.995106
0.99714
0.998312
0.998851
0.998773
0.99783
0.995423
0.990517
0.981598
0.966733
0.943774
0.910697
0.866033
0.809277
0.741168
0.66374
0.580124
0.494126
0.409702
0.330425
0.259085
0.197452
0.146254
0.105296
0.0737003
0.050165
0.0332173
0.0214059
0.0134309
0.00820868
0.00488934
0.00283952
0.00160868
0.000889477
0.00048023
0.000253291
0.000130571
6.58159e-05
3.24536e-05
1.56615e-05
7.39993e-06
3.42469e-06
1.55307e-06
6.90402e-07
3.00969e-07
1.28709e-07
5.40156e-08
2.22536e-08
9.00327e-09
3.57815e-09
1.39738e-09
5.36414e-10
2.02462e-10
7.51579e-11
2.74481e-11
9.8645e-12
3.48964e-12
1.21545e-12
4.16927e-13
1.4088e-13
4.69042e-14
1.53903e-14
4.97797e-15
1.58753e-15
4.99289e-16
1.54893e-16
