VARIABLEs = X,u
ZONE I=101
datapacking=block
0
0.01
0.02
0.03
0.04
0.05
0.06
0.07
0.08
0.09
0.1
0.11
0.12
0.13
0.14
0.15
0.16
0.17
0.18
0.19
0.2
0.21
0.22
0.23
0.24
0.25
0.26
0.27
0.28
0.29
0.3
0.31
0.32
0.33
0.34
0.35
0.36
0.37
0.38
0.39
0.4
0.41
0.42
0.43
0.44
0.45
0.46
0.47
0.48
0.49
0.5
0.51
0.52
0.53
0.54
0.55
0.56
0.57
0.58
0.59
0.6
0.61
0.62
0.63
0.64
0.65
0.66
0.67
0.68
0.69
0.7
0.71
0.72
0.73
0.74
0.75
0.76
0.77
0.78
0.79
0.8
0.81
0.82
0.83
0.84
0.85
0.86
0.87
0.88
0.89
0.9
0.91
0.92
0.93
0.94
0.95
0.96
0.97
0.98
0.99
1
0
1.3692e-21
6.72555e-20
1.65233e-18
2.70718e-17
3.32776e-16
3.2737e-15
2.68483e-14
1.88812e-13
1.16236e-12
6.36363e-12
3.13708e-11
1.40663e-10
5.78478e-10
2.19728e-09
7.75478e-09
2.55609e-08
7.90415e-08
2.30211e-07
6.33744e-07
1.65417e-06
4.10539e-06
9.71284e-06
2.19567e-05
4.75272e-05
9.87017e-05
0.000197016
0.000378618
0.000701627
0.00125561
0.00217291
0.00364112
0.00591521
0.0093273
0.0142915
0.0213014
0.0309165
0.0437386
0.0603745
0.0813903
0.107258
0.1383
0.174643
0.216178
0.262543
0.313121
0.36707
0.423362
0.480849
0.538334
0.594641
0.648692
0.699557
0.746501
0.788999
0.826747
0.859635
0.887728
0.911215
0.930367
0.945482
0.95684
0.96466
0.969064
0.970055
0.967513
0.961197
0.950776
0.93586
0.916059
0.891037
0.860575
0.824624
0.78335
0.737158
0.686691
0.632813
0.576566
0.519107
0.46164
0.405342
0.351295
0.300428
0.253474
0.210951
0.173154
0.140167
0.111893
0.0880832
0.0683778
0.0523455
0.0395188
0.0294247
0.0216091
0.0156534
0.0111859
0.00788607
0.00548564
0.00376544
0.00255081
0.00170554
