VARIABLEs = X,u
ZONE I=101
datapacking=block
0
0.01
0.02
0.03
0.04
0.05
0.06
0.07
0.08
0.09
0.1
0.11
0.12
0.13
0.14
0.15
0.16
0.17
0.18
0.19
0.2
0.21
0.22
0.23
0.24
0.25
0.26
0.27
0.28
0.29
0.3
0.31
0.32
0.33
0.34
0.35
0.36
0.37
0.38
0.39
0.4
0.41
0.42
0.43
0.44
0.45
0.46
0.47
0.48
0.49
0.5
0.51
0.52
0.53
0.54
0.55
0.56
0.57
0.58
0.59
0.6
0.61
0.62
0.63
0.64
0.65
0.66
0.67
0.68
0.69
0.7
0.71
0.72
0.73
0.74
0.75
0.76
0.77
0.78
0.79
0.8
0.81
0.82
0.83
0.84
0.85
0.86
0.87
0.88
0.89
0.9
0.91
0.92
0.93
0.94
0.95
0.96
0.97
0.98
0.99
1
0
3.03709e-15
1.0473e-13
1.80701e-12
2.08009e-11
1.79728e-10
1.24342e-09
7.17527e-09
3.5526e-08
1.54074e-07
5.94648e-07
2.0681e-06
6.54746e-06
1.90287e-05
5.11281e-05
0.000127777
0.000298589
0.000655416
0.00135693
0.00265936
0.00495003
0.00877705
0.014866
0.024113
0.0375444
0.05624
0.0812209
0.113315
0.153019
0.200382
0.254931
0.315662
0.381091
0.449378
0.518489
0.586376
0.651154
0.711249
0.765493
0.813169
0.853997
0.888086
0.915854
0.937927
0.955052
0.968
0.977498
0.984163
0.988452
0.990624
0.990702
0.988458
0.983407
0.974827
0.961816
0.94338
0.918557
0.886558
0.846909
0.799578
0.745047
0.684327
0.618903
0.550618
0.481509
0.413624
0.348846
0.288751
0.234507
0.186831
0.146003
0.111912
0.0841398
0.0620537
0.0448972
0.0318724
0.0222036
0.0151819
0.0101907
0.00671655
0.0043476
0.00276446
0.00172713
0.00106046
0.00064006
0.000379841
0.000221686
0.000127271
7.1891e-05
3.99642e-05
2.18683e-05
1.17816e-05
6.25067e-06
3.26647e-06
1.6817e-06
8.53153e-07
4.26579e-07
2.10257e-07
1.0218e-07
4.89697e-08
2.3148e-08
