VARIABLEs = X,u
ZONE I=101
datapacking=block
0
0.01
0.02
0.03
0.04
0.05
0.06
0.07
0.08
0.09
0.1
0.11
0.12
0.13
0.14
0.15
0.16
0.17
0.18
0.19
0.2
0.21
0.22
0.23
0.24
0.25
0.26
0.27
0.28
0.29
0.3
0.31
0.32
0.33
0.34
0.35
0.36
0.37
0.38
0.39
0.4
0.41
0.42
0.43
0.44
0.45
0.46
0.47
0.48
0.49
0.5
0.51
0.52
0.53
0.54
0.55
0.56
0.57
0.58
0.59
0.6
0.61
0.62
0.63
0.64
0.65
0.66
0.67
0.68
0.69
0.7
0.71
0.72
0.73
0.74
0.75
0.76
0.77
0.78
0.79
0.8
0.81
0.82
0.83
0.84
0.85
0.86
0.87
0.88
0.89
0.9
0.91
0.92
0.93
0.94
0.95
0.96
0.97
0.98
0.99
1
0
1.84255e-16
6.871e-15
1.28188e-13
1.59534e-12
1.4901e-11
1.11424e-10
6.94861e-10
3.71729e-09
1.74159e-08
7.25976e-08
2.72635e-07
9.3179e-07
2.92262e-06
8.47238e-06
2.28369e-05
5.7535e-05
0.000136105
0.000303537
0.000640489
0.00128285
0.00244615
0.00445238
0.00775487
0.0129545
0.0207995
0.0321618
0.0479846
0.0692021
0.0966363
0.130884
0.172212
0.220473
0.275068
0.334955
0.398714
0.464656
0.53096
0.595826
0.657615
0.714964
0.766861
0.81268
0.852169
0.885409
0.912747
0.934716
0.951954
0.965126
0.97485
0.981642
0.985863
0.987679
0.987038
0.983657
0.977032
0.966473
0.95117
0.930282
0.903054
0.868933
0.827682
0.779466
0.724898
0.665026
0.601275
0.535338
0.469037
0.404173
0.342384
0.285036
0.233138
0.187319
0.147828
0.114583
0.0872306
0.0652267
0.0479096
0.0345704
0.0245092
0.0170748
0.0116912
0.00786886
0.00520707
0.00338833
0.00216857
0.00136535
0.000845824
0.000515671
0.000309462
0.000182841
0.000106379
6.09593e-05
3.44123e-05
1.91408e-05
1.04921e-05
5.66894e-06
3.01968e-06
1.58606e-06
8.21589e-07
4.19801e-07
