VARIABLEs = X,u
ZONE I=101
datapacking=block
0
0.01
0.02
0.03
0.04
0.05
0.06
0.07
0.08
0.09
0.1
0.11
0.12
0.13
0.14
0.15
0.16
0.17
0.18
0.19
0.2
0.21
0.22
0.23
0.24
0.25
0.26
0.27
0.28
0.29
0.3
0.31
0.32
0.33
0.34
0.35
0.36
0.37
0.38
0.39
0.4
0.41
0.42
0.43
0.44
0.45
0.46
0.47
0.48
0.49
0.5
0.51
0.52
0.53
0.54
0.55
0.56
0.57
0.58
0.59
0.6
0.61
0.62
0.63
0.64
0.65
0.66
0.67
0.68
0.69
0.7
0.71
0.72
0.73
0.74
0.75
0.76
0.77
0.78
0.79
0.8
0.81
0.82
0.83
0.84
0.85
0.86
0.87
0.88
0.89
0.9
0.91
0.92
0.93
0.94
0.95
0.96
0.97
0.98
0.99
1
0
1.85485e-26
1.11937e-24
3.37827e-23
6.79846e-22
1.02632e-20
1.23976e-19
1.2483e-18
1.07761e-17
8.14187e-17
5.46958e-16
3.3079e-15
1.81924e-14
9.17441e-14
4.27218e-13
1.84794e-12
7.46321e-12
2.82685e-11
1.00816e-10
3.39716e-10
1.08497e-09
3.29346e-09
9.52602e-09
2.63145e-08
6.95688e-08
1.76361e-07
4.29464e-07
1.00623e-06
2.27182e-06
4.94957e-06
1.04196e-05
2.12205e-05
4.18589e-05
8.00609e-05
0.000148628
0.00026807
0.000470185
0.000802682
0.00133487
0.00216423
0.00342353
0.00528778
0.00798021
0.011776
0.0170029
0.0240365
0.0332907
0.0452019
0.0602064
0.0787132
0.101074
0.127549
0.158283
0.193272
0.232355
0.2752
0.321316
0.370066
0.420695
0.472368
0.524211
0.575356
0.624979
0.672341
0.716811
0.757889
0.795207
0.828528
0.857731
0.882789
0.90374
0.92066
0.933631
0.942714
0.947932
0.949255
0.946598
0.939826
0.928773
0.913266
0.893154
0.868342
0.838826
0.804715
0.766259
0.723856
0.678047
0.629509
0.579023
0.527445
0.47566
0.424547
0.374931
0.327549
0.283022
0.241831
0.204316
0.170665
0.140931
0.115045
0.0928351
