VARIABLEs = X,u
ZONE I=101
datapacking=block
0
0.01
0.02
0.03
0.04
0.05
0.06
0.07
0.08
0.09
0.1
0.11
0.12
0.13
0.14
0.15
0.16
0.17
0.18
0.19
0.2
0.21
0.22
0.23
0.24
0.25
0.26
0.27
0.28
0.29
0.3
0.31
0.32
0.33
0.34
0.35
0.36
0.37
0.38
0.39
0.4
0.41
0.42
0.43
0.44
0.45
0.46
0.47
0.48
0.49
0.5
0.51
0.52
0.53
0.54
0.55
0.56
0.57
0.58
0.59
0.6
0.61
0.62
0.63
0.64
0.65
0.66
0.67
0.68
0.69
0.7
0.71
0.72
0.73
0.74
0.75
0.76
0.77
0.78
0.79
0.8
0.81
0.82
0.83
0.84
0.85
0.86
0.87
0.88
0.89
0.9
0.91
0.92
0.93
0.94
0.95
0.96
0.97
0.98
0.99
1
0
1.845e-18
7.73098e-17
1.62046e-15
2.26548e-14
2.37666e-13
1.99572e-12
1.39735e-11
8.39134e-11
4.41216e-10
2.06359e-09
8.69288e-09
3.33163e-08
1.17146e-07
3.80567e-07
1.14913e-06
3.24183e-06
8.58346e-06
2.14149e-05
5.05236e-05
0.000113078
0.000240776
0.00048903
0.000949684
0.00176725
0.00315773
0.00542788
0.00899147
0.014378
0.0222289
0.0332765
0.0483038
0.0680842
0.0933067
0.124493
0.161918
0.205546
0.254991
0.309513
0.36805
0.429286
0.491743
0.553893
0.614262
0.67154
0.724648
0.772795
0.815495
0.852552
0.884033
0.910207
0.931489
0.948369
0.961349
0.970879
0.977308
0.980839
0.981504
0.979144
0.973423
0.963849
0.949824
0.930715
0.905934
0.875034
0.837791
0.794278
0.744904
0.690425
0.631914
0.570693
0.508245
0.446101
0.385734
0.328458
0.27535
0.227201
0.184496
0.147426
0.115917
0.0896802
0.0682705
0.0511419
0.0377015
0.0273537
0.0195343
0.0137327
0.00950486
0.00647782
0.00434781
0.00287432
0.00187194
0.00120118
0.000759555
0.000473382
0.000290829
0.00017616
0.000105219
6.19822e-05
3.60161e-05
2.06468e-05
