VARIABLEs = X,u
ZONE I=101
datapacking=block
0
0.01
0.02
0.03
0.04
0.05
0.06
0.07
0.08
0.09
0.1
0.11
0.12
0.13
0.14
0.15
0.16
0.17
0.18
0.19
0.2
0.21
0.22
0.23
0.24
0.25
0.26
0.27
0.28
0.29
0.3
0.31
0.32
0.33
0.34
0.35
0.36
0.37
0.38
0.39
0.4
0.41
0.42
0.43
0.44
0.45
0.46
0.47
0.48
0.49
0.5
0.51
0.52
0.53
0.54
0.55
0.56
0.57
0.58
0.59
0.6
0.61
0.62
0.63
0.64
0.65
0.66
0.67
0.68
0.69
0.7
0.71
0.72
0.73
0.74
0.75
0.76
0.77
0.78
0.79
0.8
0.81
0.82
0.83
0.84
0.85
0.86
0.87
0.88
0.89
0.9
0.91
0.92
0.93
0.94
0.95
0.96
0.97
0.98
0.99
1
0
4.9795e-06
6.58816e-05
0.000438163
0.00195471
0.00658653
0.0179002
0.0409228
0.0810698
0.142315
0.225349
0.326653
0.438998
0.553198
0.660348
0.753702
0.829617
0.887495
0.92903
0.957184
0.975267
0.986302
0.992718
0.996279
0.99817
0.999133
0.999604
0.999825
0.999925
0.999969
0.999988
0.99999
0.999932
0.999561
0.998045
0.993413
0.9821
0.959077
0.91893
0.857685
0.774651
0.673347
0.561002
0.446802
0.339652
0.246298
0.170383
0.112505
0.0709705
0.0428162
0.0247335
0.013698
0.00728246
0.00372141
0.00183016
0.000867273
0.000396478
0.000175055
7.47295e-05
3.08764e-05
1.23598e-05
4.79799e-06
1.80785e-06
6.61758e-07
2.3552e-07
8.15623e-08
2.75051e-08
9.03879e-09
2.89654e-09
9.05751e-10
2.76548e-10
8.24945e-11
2.40562e-11
6.86143e-12
1.91523e-12
5.23442e-13
1.40143e-13
3.67733e-14
9.46135e-15
2.38793e-15
5.91458e-16
1.43825e-16
3.435e-17
8.06057e-18
1.85913e-18
4.21612e-19
9.40427e-20
2.06391e-20
4.4581e-21
9.48063e-22
1.98557e-22
4.09656e-23
8.32844e-24
1.66893e-24
3.29731e-25
6.42452e-26
1.23478e-26
2.34162e-27
4.3825e-28
8.09671e-29
1.47697e-29
