VARIABLEs = X,u
ZONE I=101
datapacking=block
0
0.01
0.02
0.03
0.04
0.05
0.06
0.07
0.08
0.09
0.1
0.11
0.12
0.13
0.14
0.15
0.16
0.17
0.18
0.19
0.2
0.21
0.22
0.23
0.24
0.25
0.26
0.27
0.28
0.29
0.3
0.31
0.32
0.33
0.34
0.35
0.36
0.37
0.38
0.39
0.4
0.41
0.42
0.43
0.44
0.45
0.46
0.47
0.48
0.49
0.5
0.51
0.52
0.53
0.54
0.55
0.56
0.57
0.58
0.59
0.6
0.61
0.62
0.63
0.64
0.65
0.66
0.67
0.68
0.69
0.7
0.71
0.72
0.73
0.74
0.75
0.76
0.77
0.78
0.79
0.8
0.81
0.82
0.83
0.84
0.85
0.86
0.87
0.88
0.89
0.9
0.91
0.92
0.93
0.94
0.95
0.96
0.97
0.98
0.99
1
0
2.2659e-26
1.36289e-24
4.09954e-23
8.22258e-22
1.23719e-20
1.48954e-19
1.49482e-18
1.28615e-17
9.68533e-17
6.48494e-16
3.90901e-15
2.14274e-14
1.07701e-13
4.99872e-13
2.15509e-12
8.67506e-12
3.27507e-11
1.16417e-10
3.91004e-10
1.24469e-09
3.76592e-09
1.0857e-08
2.98936e-08
7.87738e-08
1.99048e-07
4.83139e-07
1.12833e-06
2.53928e-06
5.51448e-06
1.15715e-05
2.34912e-05
4.61903e-05
8.80644e-05
0.000162968
0.000293007
0.00051231
0.000871863
0.00144541
0.0023362
0.00368419
0.005673
0.0085356
0.0125577
0.0180774
0.0254799
0.0351866
0.047638
0.0632698
0.0824852
0.105623
0.132927
0.164515
0.200355
0.240253
0.283844
0.330604
0.379867
0.430857
0.482722
0.534582
0.58557
0.634872
0.681767
0.725647
0.766036
0.802595
0.835112
0.86349
0.887718
0.907849
0.923964
0.936146
0.944453
0.948898
0.949442
0.945986
0.938389
0.926477
0.910075
0.889039
0.863286
0.832828
0.797801
0.758482
0.715297
0.668818
0.619748
0.568888
0.517108
0.465301
0.41434
0.365039
0.318119
0.274174
0.233661
0.196887
0.164012
0.135063
0.109945
0.0884664
