VARIABLEs = X,u
ZONE I=101
datapacking=block
0
0.01
0.02
0.03
0.04
0.05
0.06
0.07
0.08
0.09
0.1
0.11
0.12
0.13
0.14
0.15
0.16
0.17
0.18
0.19
0.2
0.21
0.22
0.23
0.24
0.25
0.26
0.27
0.28
0.29
0.3
0.31
0.32
0.33
0.34
0.35
0.36
0.37
0.38
0.39
0.4
0.41
0.42
0.43
0.44
0.45
0.46
0.47
0.48
0.49
0.5
0.51
0.52
0.53
0.54
0.55
0.56
0.57
0.58
0.59
0.6
0.61
0.62
0.63
0.64
0.65
0.66
0.67
0.68
0.69
0.7
0.71
0.72
0.73
0.74
0.75
0.76
0.77
0.78
0.79
0.8
0.81
0.82
0.83
0.84
0.85
0.86
0.87
0.88
0.89
0.9
0.91
0.92
0.93
0.94
0.95
0.96
0.97
0.98
0.99
1
0
3.01695e-05
0.000344718
0.00198368
0.00767446
0.0224882
0.0533272
0.106811
0.186298
0.289642
0.409055
0.533224
0.650594
0.752289
0.833628
0.894042
0.935929
0.963159
0.979823
0.989457
0.994735
0.997483
0.998847
0.999492
0.999785
0.999912
0.999966
0.999987
0.999995
0.999998
0.999999
0.99997
0.999655
0.998016
0.992326
0.977512
0.946673
0.893189
0.813702
0.710358
0.590945
0.466776
0.349406
0.247711
0.166372
0.105958
0.0640714
0.0368414
0.0201772
0.010543
0.00526479
0.00251662
0.00115337
0.000507563
0.000214792
8.75299e-05
3.43934e-05
1.30472e-05
4.78407e-06
1.69748e-06
5.83446e-07
1.94458e-07
6.29065e-08
1.97701e-08
6.04141e-09
1.79658e-09
5.2032e-10
1.46872e-10
4.04354e-11
1.08651e-11
2.85128e-12
7.31225e-13
1.83369e-13
4.49897e-14
1.08057e-14
2.54198e-15
5.85992e-16
1.32441e-16
2.93609e-17
6.38743e-18
1.36421e-18
2.86167e-19
5.89812e-20
1.1949e-20
2.38035e-21
4.6644e-22
8.99394e-23
1.70707e-23
3.19038e-24
5.87302e-25
1.06523e-25
1.90421e-26
3.35588e-27
5.83227e-28
9.99832e-29
1.69118e-29
2.82317e-30
4.65241e-31
7.57038e-32
1.21663e-32
1.93153e-33
