VARIABLEs = X,u
ZONE I=101
datapacking=block
0
0.01
0.02
0.03
0.04
0.05
0.06
0.07
0.08
0.09
0.1
0.11
0.12
0.13
0.14
0.15
0.16
0.17
0.18
0.19
0.2
0.21
0.22
0.23
0.24
0.25
0.26
0.27
0.28
0.29
0.3
0.31
0.32
0.33
0.34
0.35
0.36
0.37
0.38
0.39
0.4
0.41
0.42
0.43
0.44
0.45
0.46
0.47
0.48
0.49
0.5
0.51
0.52
0.53
0.54
0.55
0.56
0.57
0.58
0.59
0.6
0.61
0.62
0.63
0.64
0.65
0.66
0.67
0.68
0.69
0.7
0.71
0.72
0.73
0.74
0.75
0.76
0.77
0.78
0.79
0.8
0.81
0.82
0.83
0.84
0.85
0.86
0.87
0.88
0.89
0.9
0.91
0.92
0.93
0.94
0.95
0.96
0.97
0.98
0.99
1
0
1.50229e-10
3.55391e-09
4.21034e-08
3.33111e-07
1.98038e-06
9.43853e-06
3.75729e-05
0.000128527
0.00038577
0.00103238
0.002495
0.00550219
0.0111692
0.0210258
0.0369435
0.0609332
0.0948257
0.139889
0.196472
0.263778
0.33983
0.421672
0.505739
0.588335
0.666103
0.736399
0.797496
0.848633
0.889907
0.922072
0.946304
0.963972
0.976453
0.985002
0.990686
0.994351
0.99663
0.997949
0.998531
0.998371
0.997184
0.994329
0.988744
0.97893
0.963035
0.939056
0.905169
0.860109
0.803527
0.736222
0.660169
0.578328
0.494261
0.411665
0.333897
0.263601
0.202504
0.151367
0.110093
0.0779284
0.053696
0.0360277
0.023547
0.0149973
0.00931218
0.00563949
0.00333251
0.0019224
0.00108306
0.000596196
0.000320811
0.000168819
8.69147e-05
4.3797e-05
2.161e-05
1.04447e-05
4.94699e-06
2.29695e-06
1.0459e-06
4.67207e-07
2.04817e-07
8.81461e-08
3.72535e-08
1.54666e-08
6.30994e-09
2.53038e-09
9.97715e-10
3.86911e-10
1.47611e-10
5.54179e-11
2.04794e-11
7.45127e-12
2.66992e-12
9.42384e-13
3.27732e-13
1.12324e-13
3.79476e-14
1.26401e-14
4.15203e-15
1.34526e-15
