VARIABLEs = X,u
ZONE I=101
datapacking=block
0
0.01
0.02
0.03
0.04
0.05
0.06
0.07
0.08
0.09
0.1
0.11
0.12
0.13
0.14
0.15
0.16
0.17
0.18
0.19
0.2
0.21
0.22
0.23
0.24
0.25
0.26
0.27
0.28
0.29
0.3
0.31
0.32
0.33
0.34
0.35
0.36
0.37
0.38
0.39
0.4
0.41
0.42
0.43
0.44
0.45
0.46
0.47
0.48
0.49
0.5
0.51
0.52
0.53
0.54
0.55
0.56
0.57
0.58
0.59
0.6
0.61
0.62
0.63
0.64
0.65
0.66
0.67
0.68
0.69
0.7
0.71
0.72
0.73
0.74
0.75
0.76
0.77
0.78
0.79
0.8
0.81
0.82
0.83
0.84
0.85
0.86
0.87
0.88
0.89
0.9
0.91
0.92
0.93
0.94
0.95
0.96
0.97
0.98
0.99
1
0
1.50429e-12
4.25235e-11
6.0168e-10
5.68224e-09
4.02982e-08
2.2895e-07
1.08558e-06
4.41922e-06
1.5769e-05
5.01124e-05
0.000143628
0.000375092
0.000900189
0.00199967
0.00413716
0.00801526
0.014611
0.0251681
0.0411258
0.0639755
0.0950563
0.135318
0.185098
0.24397
0.310691
0.383279
0.459212
0.535702
0.609999
0.679679
0.742849
0.798272
0.845379
0.884205
0.915266
0.939405
0.957645
0.971053
0.980643
0.987307
0.99177
0.994562
0.995997
0.996137
0.994767
0.991353
0.985032
0.974634
0.958767
0.935967
0.904914
0.864667
0.814894
0.756026
0.689308
0.61672
0.540787
0.464298
0.390001
0.320321
0.257151
0.201728
0.154621
0.115795
0.0847342
0.0605943
0.0423537
0.0289425
0.019341
0.0126428
0.00808645
0.00506246
0.00310307
0.00186291
0.00109573
0.00063164
0.000356971
0.000197848
0.000107574
5.73982e-05
3.00633e-05
1.54616e-05
7.81056e-06
3.87656e-06
1.89092e-06
9.06736e-07
4.27553e-07
1.98297e-07
9.04838e-08
4.06318e-08
1.79601e-08
7.81634e-09
3.35007e-09
1.41436e-09
5.88323e-10
2.41168e-10
9.74461e-11
3.88186e-11
1.52487e-11
5.9079e-12
