VARIABLEs = X,u
ZONE I=101
datapacking=block
0
0.01
0.02
0.03
0.04
0.05
0.06
0.07
0.08
0.09
0.1
0.11
0.12
0.13
0.14
0.15
0.16
0.17
0.18
0.19
0.2
0.21
0.22
0.23
0.24
0.25
0.26
0.27
0.28
0.29
0.3
0.31
0.32
0.33
0.34
0.35
0.36
0.37
0.38
0.39
0.4
0.41
0.42
0.43
0.44
0.45
0.46
0.47
0.48
0.49
0.5
0.51
0.52
0.53
0.54
0.55
0.56
0.57
0.58
0.59
0.6
0.61
0.62
0.63
0.64
0.65
0.66
0.67
0.68
0.69
0.7
0.71
0.72
0.73
0.74
0.75
0.76
0.77
0.78
0.79
0.8
0.81
0.82
0.83
0.84
0.85
0.86
0.87
0.88
0.89
0.9
0.91
0.92
0.93
0.94
0.95
0.96
0.97
0.98
0.99
1
0
2.50275e-25
1.44513e-23
4.17313e-22
8.03569e-21
1.16078e-19
1.34176e-18
1.2928e-17
1.06799e-16
7.72207e-16
4.96459e-15
2.87354e-14
1.51254e-13
7.30067e-13
3.25403e-12
1.34731e-11
5.20875e-11
1.88869e-10
6.44853e-10
2.08041e-09
6.36177e-09
1.84913e-08
5.12168e-08
1.35493e-07
3.43076e-07
8.33049e-07
1.94325e-06
4.36191e-06
9.43575e-06
1.9699e-05
3.97423e-05
7.7579e-05
0.000146698
0.000269012
0.000478894
0.000828428
0.00139388
0.00228321
0.00364405
0.00567153
0.00861468
0.0127801
0.0185315
0.0262835
0.0364885
0.0496174
0.0661321
0.0864538
0.110928
0.139787
0.173124
0.210861
0.252742
0.298326
0.347006
0.398028
0.450531
0.503594
0.556279
0.607685
0.656987
0.703475
0.746574
0.785859
0.821052
0.852011
0.878708
0.901199
0.919589
0.934002
0.944545
0.951285
0.954228
0.953312
0.948407
0.939333
0.925879
0.907837
0.88504
0.857397
0.824932
0.787812
0.746363
0.701076
0.652599
0.601714
0.5493
0.496296
0.443644
0.392253
0.342947
0.296431
0.25327
0.213867
0.178466
0.147159
0.119897
0.0965176
0.0767668
0.0603266
0.0468402
