VARIABLEs = X,u
ZONE I=101
datapacking=block
0
0.01
0.02
0.03
0.04
0.05
0.06
0.07
0.08
0.09
0.1
0.11
0.12
0.13
0.14
0.15
0.16
0.17
0.18
0.19
0.2
0.21
0.22
0.23
0.24
0.25
0.26
0.27
0.28
0.29
0.3
0.31
0.32
0.33
0.34
0.35
0.36
0.37
0.38
0.39
0.4
0.41
0.42
0.43
0.44
0.45
0.46
0.47
0.48
0.49
0.5
0.51
0.52
0.53
0.54
0.55
0.56
0.57
0.58
0.59
0.6
0.61
0.62
0.63
0.64
0.65
0.66
0.67
0.68
0.69
0.7
0.71
0.72
0.73
0.74
0.75
0.76
0.77
0.78
0.79
0.8
0.81
0.82
0.83
0.84
0.85
0.86
0.87
0.88
0.89
0.9
0.91
0.92
0.93
0.94
0.95
0.96
0.97
0.98
0.99
1
0
3.37246e-22
1.7039e-20
4.30564e-19
7.25563e-18
9.17314e-17
9.28115e-16
7.82825e-15
5.66173e-14
3.58444e-13
2.01804e-12
1.02301e-11
4.71682e-11
1.99458e-10
7.78986e-10
2.82664e-09
9.57884e-09
3.04513e-08
9.11726e-08
2.57995e-07
6.92166e-07
1.76556e-06
4.29279e-06
9.97215e-06
2.21795e-05
4.73238e-05
9.70405e-05
0.000191558
0.000364581
0.000669994
0.00119048
0.00204788
0.00341468
0.00552534
0.00868582
0.0132789
0.0197631
0.0286624
0.0405459
0.0559963
0.0755687
0.0997423
0.12887
0.163131
0.202491
0.246682
0.295194
0.347289
0.402043
0.458391
0.515196
0.571316
0.625671
0.677303
0.725418
0.769419
0.808912
0.843698
0.873755
0.899197
0.920235
0.937128
0.950136
0.959481
0.965303
0.967645
0.966432
0.961479
0.952505
0.939169
0.921111
0.898007
0.869623
0.835873
0.796859
0.752898
0.704539
0.652543
0.597853
0.541545
0.484764
0.428659
0.37431
0.322679
0.274555
0.230531
0.19099
0.15611
0.12588
0.100133
0.0785747
0.0608245
0.0464489
0.0349939
0.0260109
0.0190762
0.0138051
0.009859
0.00694887
0.00483422
0.00331982
