VARIABLEs = X,u
ZONE I=101
datapacking=block
0
0.01
0.02
0.03
0.04
0.05
0.06
0.07
0.08
0.09
0.1
0.11
0.12
0.13
0.14
0.15
0.16
0.17
0.18
0.19
0.2
0.21
0.22
0.23
0.24
0.25
0.26
0.27
0.28
0.29
0.3
0.31
0.32
0.33
0.34
0.35
0.36
0.37
0.38
0.39
0.4
0.41
0.42
0.43
0.44
0.45
0.46
0.47
0.48
0.49
0.5
0.51
0.52
0.53
0.54
0.55
0.56
0.57
0.58
0.59
0.6
0.61
0.62
0.63
0.64
0.65
0.66
0.67
0.68
0.69
0.7
0.71
0.72
0.73
0.74
0.75
0.76
0.77
0.78
0.79
0.8
0.81
0.82
0.83
0.84
0.85
0.86
0.87
0.88
0.89
0.9
0.91
0.92
0.93
0.94
0.95
0.96
0.97
0.98
0.99
1
0
1.2314e-12
3.50564e-11
4.99535e-10
4.75088e-09
3.39302e-08
1.94123e-07
9.26883e-07
3.79944e-06
1.36514e-05
4.3682e-05
0.000126056
0.000331444
0.000800816
0.00179085
0.00372975
0.00727342
0.0133448
0.0231341
0.0380401
0.0595412
0.0890028
0.127448
0.175332
0.232378
0.297505
0.368882
0.444096
0.520419
0.5951
0.665654
0.730088
0.787034
0.835792
0.876274
0.908898
0.934438
0.953878
0.968273
0.978647
0.985914
0.990832
0.99397
0.995682
0.996083
0.995011
0.991996
0.986239
0.976634
0.961833
0.940391
0.910961
0.872534
0.824659
0.767617
0.702492
0.631117
0.555903
0.479581
0.4049
0.334346
0.269912
0.212966
0.164208
0.123726
0.0911024
0.0655619
0.0461213
0.0317229
0.021339
0.0140419
0.00904171
0.00569883
0.00351696
0.00212586
0.00125901
0.000730783
0.000415869
0.000232099
0.000127079
6.82804e-05
3.60142e-05
1.86525e-05
9.4889e-06
4.74282e-06
2.32982e-06
1.12511e-06
5.34282e-07
2.49555e-07
1.14681e-07
5.18635e-08
2.30877e-08
1.01194e-08
4.36798e-09
1.85723e-09
7.7804e-10
3.21208e-10
1.30711e-10
5.24405e-11
2.07463e-11
8.09507e-12
