VARIABLEs = X,u
ZONE I=101
datapacking=block
0
0.01
0.02
0.03
0.04
0.05
0.06
0.07
0.08
0.09
0.1
0.11
0.12
0.13
0.14
0.15
0.16
0.17
0.18
0.19
0.2
0.21
0.22
0.23
0.24
0.25
0.26
0.27
0.28
0.29
0.3
0.31
0.32
0.33
0.34
0.35
0.36
0.37
0.38
0.39
0.4
0.41
0.42
0.43
0.44
0.45
0.46
0.47
0.48
0.49
0.5
0.51
0.52
0.53
0.54
0.55
0.56
0.57
0.58
0.59
0.6
0.61
0.62
0.63
0.64
0.65
0.66
0.67
0.68
0.69
0.7
0.71
0.72
0.73
0.74
0.75
0.76
0.77
0.78
0.79
0.8
0.81
0.82
0.83
0.84
0.85
0.86
0.87
0.88
0.89
0.9
0.91
0.92
0.93
0.94
0.95
0.96
0.97
0.98
0.99
1
0
6.13993e-20
2.78205e-18
6.30523e-17
9.5306e-16
1.0809e-14
9.81159e-14
7.42541e-13
4.81921e-12
2.73826e-11
1.38379e-10
6.29757e-10
2.60714e-09
9.90069e-09
3.47314e-08
1.13222e-07
3.44774e-07
9.85123e-07
2.6517e-06
6.74785e-06
1.6285e-05
3.73786e-05
8.1808e-05
0.00017113
0.000342887
0.000659379
0.00121921
0.00217135
0.00373064
0.00619294
0.00994695
0.0154793
0.0233691
0.0342688
0.0488701
0.067854
0.0918301
0.121269
0.156439
0.197347
0.243709
0.294939
0.350166
0.408284
0.46802
0.528025
0.586959
0.643584
0.696831
0.745858
0.790074
0.829148
0.862985
0.891694
0.91554
0.934883
0.950123
0.961642
0.969755
0.974664
0.976434
0.974971
0.970031
0.961235
0.94811
0.930145
0.906863
0.877889
0.843026
0.802318
0.756083
0.704934
0.649757
0.591671
0.531953
0.47196
0.413032
0.35641
0.303163
0.254134
0.209908
0.170814
0.136933
0.108135
0.0841171
0.0644578
0.048658
0.0361865
0.0265146
0.0191429
0.0136194
0.00954963
0.00659999
0.00449659
0.00302039
0.00200051
0.0013067
0.000841844
0.000535016
0.000335462
0.00020755
