VARIABLEs = X,u
ZONE I=101
datapacking=block
0
0.01
0.02
0.03
0.04
0.05
0.06
0.07
0.08
0.09
0.1
0.11
0.12
0.13
0.14
0.15
0.16
0.17
0.18
0.19
0.2
0.21
0.22
0.23
0.24
0.25
0.26
0.27
0.28
0.29
0.3
0.31
0.32
0.33
0.34
0.35
0.36
0.37
0.38
0.39
0.4
0.41
0.42
0.43
0.44
0.45
0.46
0.47
0.48
0.49
0.5
0.51
0.52
0.53
0.54
0.55
0.56
0.57
0.58
0.59
0.6
0.61
0.62
0.63
0.64
0.65
0.66
0.67
0.68
0.69
0.7
0.71
0.72
0.73
0.74
0.75
0.76
0.77
0.78
0.79
0.8
0.81
0.82
0.83
0.84
0.85
0.86
0.87
0.88
0.89
0.9
0.91
0.92
0.93
0.94
0.95
0.96
0.97
0.98
0.99
1
0
2.03244e-13
6.15284e-12
9.32197e-11
9.42509e-10
7.15477e-09
4.35017e-08
2.20692e-07
9.60984e-07
3.66691e-06
1.24575e-05
3.81562e-05
0.000106446
0.000272776
0.000646689
0.00142714
0.00294737
0.00572333
0.0104937
0.0182352
0.0301364
0.0475166
0.0716879
0.103774
0.144513
0.194082
0.251978
0.316998
0.387314
0.460638
0.534461
0.606311
0.673982
0.735727
0.790358
0.837275
0.876415
0.908161
0.933216
0.952467
0.966876
0.977377
0.984807
0.989856
0.993024
0.994596
0.994603
0.992796
0.988629
0.981255
0.969572
0.95232
0.928222
0.896177
0.855461
0.805905
0.748015
0.682998
0.612685
0.539362
0.465538
0.393689
0.326018
0.264273
0.209642
0.162725
0.123585
0.0918385
0.0667834
0.0475293
0.0331116
0.022585
0.0150863
0.00987147
0.00632894
0.00397698
0.00245003
0.00148017
0.000877208
0.000510114
0.000291161
0.000163164
8.97976e-05
4.85485e-05
2.57916e-05
1.34676e-05
6.91393e-06
3.49059e-06
1.73349e-06
8.47036e-07
4.0733e-07
1.92824e-07
8.98761e-08
4.1257e-08
1.8656e-08
8.31193e-09
3.64955e-09
1.57951e-09
6.73972e-10
2.83583e-10
1.17686e-10
