VARIABLEs = X,u
ZONE I=101
datapacking=block
0
0.01
0.02
0.03
0.04
0.05
0.06
0.07
0.08
0.09
0.1
0.11
0.12
0.13
0.14
0.15
0.16
0.17
0.18
0.19
0.2
0.21
0.22
0.23
0.24
0.25
0.26
0.27
0.28
0.29
0.3
0.31
0.32
0.33
0.34
0.35
0.36
0.37
0.38
0.39
0.4
0.41
0.42
0.43
0.44
0.45
0.46
0.47
0.48
0.49
0.5
0.51
0.52
0.53
0.54
0.55
0.56
0.57
0.58
0.59
0.6
0.61
0.62
0.63
0.64
0.65
0.66
0.67
0.68
0.69
0.7
0.71
0.72
0.73
0.74
0.75
0.76
0.77
0.78
0.79
0.8
0.81
0.82
0.83
0.84
0.85
0.86
0.87
0.88
0.89
0.9
0.91
0.92
0.93
0.94
0.95
0.96
0.97
0.98
0.99
1
0
6.78172e-19
2.90968e-17
6.24464e-16
8.93874e-15
9.60101e-14
8.25415e-13
5.91677e-12
3.6375e-11
1.95794e-10
9.37413e-10
4.04212e-09
1.5857e-08
5.70673e-08
1.89741e-07
5.86331e-07
1.6927e-06
4.58599e-06
1.17067e-05
2.82568e-05
6.46956e-05
0.000140907
0.000292704
0.000581288
0.00110604
0.00202041
0.00354987
0.0060097
0.00981908
0.0155075
0.0237086
0.0351377
0.0505509
0.0706869
0.0961948
0.127557
0.165013
0.208505
0.257638
0.311684
0.369608
0.430136
0.491842
0.553251
0.612942
0.669645
0.722312
0.770166
0.812719
0.849764
0.881343
0.907698
0.92921
0.946336
0.959547
0.969266
0.975819
0.979394
0.98001
0.977512
0.971572
0.961719
0.947386
0.927979
0.902954
0.871909
0.834656
0.791293
0.74224
0.688243
0.630349
0.569839
0.508144
0.446741
0.387054
0.330352
0.277685
0.229829
0.187269
0.150207
0.118592
0.0921611
0.0704977
0.0530828
0.0393471
0.0287135
0.0206308
0.0145967
0.0101707
0.00698016
0.00471909
0.00314334
0.00206315
0.00133457
0.00085092
0.000534865
0.000331493
0.000202604
0.000122133
7.26264e-05
4.26093e-05
