VARIABLEs = X,u
ZONE I=101
datapacking=block
0
0.01
0.02
0.03
0.04
0.05
0.06
0.07
0.08
0.09
0.1
0.11
0.12
0.13
0.14
0.15
0.16
0.17
0.18
0.19
0.2
0.21
0.22
0.23
0.24
0.25
0.26
0.27
0.28
0.29
0.3
0.31
0.32
0.33
0.34
0.35
0.36
0.37
0.38
0.39
0.4
0.41
0.42
0.43
0.44
0.45
0.46
0.47
0.48
0.49
0.5
0.51
0.52
0.53
0.54
0.55
0.56
0.57
0.58
0.59
0.6
0.61
0.62
0.63
0.64
0.65
0.66
0.67
0.68
0.69
0.7
0.71
0.72
0.73
0.74
0.75
0.76
0.77
0.78
0.79
0.8
0.81
0.82
0.83
0.84
0.85
0.86
0.87
0.88
0.89
0.9
0.91
0.92
0.93
0.94
0.95
0.96
0.97
0.98
0.99
1
0
1.35831e-09
2.91373e-08
3.13123e-07
2.24814e-06
1.21345e-05
5.25354e-05
0.00019009
0.000591451
0.00161598
0.0039403
0.00868535
0.0174905
0.0324661
0.0559746
0.0902385
0.136845
0.196273
0.267589
0.34841
0.43518
0.523677
0.609635
0.689332
0.760011
0.820082
0.869097
0.907554
0.936612
0.957784
0.97268
0.982813
0.989483
0.993737
0.996367
0.997937
0.998818
0.999204
0.999091
0.998222
0.995979
0.991275
0.982491
0.967525
0.944021
0.90976
0.863154
0.803726
0.732411
0.65159
0.56482
0.476323
0.390365
0.310668
0.239989
0.179918
0.130903
0.0924459
0.0633885
0.042216
0.0273196
0.0171873
0.0105171
0.00626277
0.00363121
0.00205109
0.00112927
0.000606343
0.000317672
0.00016248
8.11707e-05
3.96269e-05
1.89138e-05
8.83016e-06
4.03417e-06
1.80437e-06
7.9044e-07
3.39282e-07
1.4275e-07
5.88956e-08
2.38366e-08
9.4671e-09
3.69109e-09
1.41321e-09
5.31517e-10
1.96437e-10
7.13615e-11
2.54899e-11
8.95496e-12
3.0951e-12
1.05274e-12
3.5247e-13
1.16195e-13
3.77252e-14
1.20659e-14
3.80253e-15
1.18108e-15
3.61637e-16
1.09182e-16
3.25094e-17
9.54855e-18
