VARIABLEs = X,u
ZONE I=101
datapacking=block
0
0.01
0.02
0.03
0.04
0.05
0.06
0.07
0.08
0.09
0.1
0.11
0.12
0.13
0.14
0.15
0.16
0.17
0.18
0.19
0.2
0.21
0.22
0.23
0.24
0.25
0.26
0.27
0.28
0.29
0.3
0.31
0.32
0.33
0.34
0.35
0.36
0.37
0.38
0.39
0.4
0.41
0.42
0.43
0.44
0.45
0.46
0.47
0.48
0.49
0.5
0.51
0.52
0.53
0.54
0.55
0.56
0.57
0.58
0.59
0.6
0.61
0.62
0.63
0.64
0.65
0.66
0.67
0.68
0.69
0.7
0.71
0.72
0.73
0.74
0.75
0.76
0.77
0.78
0.79
0.8
0.81
0.82
0.83
0.84
0.85
0.86
0.87
0.88
0.89
0.9
0.91
0.92
0.93
0.94
0.95
0.96
0.97
0.98
0.99
1
0
7.50058e-20
3.38353e-18
7.63452e-17
1.14889e-15
1.29725e-14
1.17235e-13
8.83331e-13
5.70775e-12
3.22888e-11
1.62458e-10
7.36101e-10
3.03408e-09
1.14718e-08
4.00675e-08
1.3005e-07
3.94301e-07
1.12177e-06
3.0065e-06
7.61786e-06
1.83059e-05
4.1838e-05
9.11789e-05
0.000189925
0.000378945
0.000725668
0.0013362
0.00236985
0.00405497
0.00670391
0.0107242
0.0166221
0.0249951
0.03651
0.0518654
0.0717394
0.0967261
0.127267
0.163587
0.205643
0.253091
0.305282
0.36129
0.419963
0.479998
0.540029
0.598723
0.654861
0.707411
0.755578
0.798821
0.836859
0.869647
0.897334
0.920212
0.938662
0.953089
0.963872
0.97131
0.975582
0.976725
0.974614
0.968973
0.959398
0.945397
0.926455
0.9021
0.87198
0.835936
0.794059
0.746726
0.694607
0.638643
0.579997
0.519979
0.459958
0.401269
0.345134
0.292583
0.244413
0.20116
0.163099
0.130261
0.102476
0.0794088
0.0606125
0.0455745
0.033758
0.0246354
0.0177138
0.012551
0.00876416
0.00603197
0.00409243
0.00273737
0.00180541
0.00117427
0.000753309
0.000476707
0.000297622
0.000183349
