VARIABLEs = X,u
ZONE I=101
datapacking=block
0
0.01
0.02
0.03
0.04
0.05
0.06
0.07
0.08
0.09
0.1
0.11
0.12
0.13
0.14
0.15
0.16
0.17
0.18
0.19
0.2
0.21
0.22
0.23
0.24
0.25
0.26
0.27
0.28
0.29
0.3
0.31
0.32
0.33
0.34
0.35
0.36
0.37
0.38
0.39
0.4
0.41
0.42
0.43
0.44
0.45
0.46
0.47
0.48
0.49
0.5
0.51
0.52
0.53
0.54
0.55
0.56
0.57
0.58
0.59
0.6
0.61
0.62
0.63
0.64
0.65
0.66
0.67
0.68
0.69
0.7
0.71
0.72
0.73
0.74
0.75
0.76
0.77
0.78
0.79
0.8
0.81
0.82
0.83
0.84
0.85
0.86
0.87
0.88
0.89
0.9
0.91
0.92
0.93
0.94
0.95
0.96
0.97
0.98
0.99
1
0
6.11546e-14
1.92491e-12
3.03204e-11
3.18689e-10
2.51473e-09
1.58918e-08
8.37865e-08
3.79115e-07
1.50301e-06
5.30435e-06
1.68745e-05
4.88854e-05
0.00013006
0.000320051
0.000732929
0.00157027
0.00316218
0.00601036
0.0108227
0.0185254
0.0302369
0.0471948
0.0706319
0.101614
0.14086
0.188587
0.24439
0.30722
0.375433
0.446934
0.519383
0.590424
0.657907
0.720069
0.775645
0.823913
0.864672
0.89816
0.924949
0.94583
0.961692
0.973431
0.981872
0.987708
0.99146
0.993437
0.993706
0.992063
0.988013
0.980785
0.969361
0.952575
0.929239
0.898315
0.859101
0.811393
0.755599
0.692774
0.624565
0.553065
0.480617
0.409576
0.342093
0.279931
0.224355
0.176087
0.135328
0.10184
0.075049
0.0541648
0.0382913
0.02652
0.0179982
0.011972
0.00780712
0.00499244
0.00313146
0.00192712
0.0011639
0.000690064
0.000401738
0.000229718
0.000129051
7.1246e-05
3.86636e-05
2.063e-05
1.08259e-05
5.58857e-06
2.83869e-06
1.41912e-06
6.984e-07
3.38435e-07
1.61521e-07
7.59387e-08
3.51777e-08
1.60596e-08
7.22695e-09
3.20638e-09
1.40281e-09
6.05331e-10
