VARIABLEs = X,u
ZONE I=101
datapacking=block
0
0.01
0.02
0.03
0.04
0.05
0.06
0.07
0.08
0.09
0.1
0.11
0.12
0.13
0.14
0.15
0.16
0.17
0.18
0.19
0.2
0.21
0.22
0.23
0.24
0.25
0.26
0.27
0.28
0.29
0.3
0.31
0.32
0.33
0.34
0.35
0.36
0.37
0.38
0.39
0.4
0.41
0.42
0.43
0.44
0.45
0.46
0.47
0.48
0.49
0.5
0.51
0.52
0.53
0.54
0.55
0.56
0.57
0.58
0.59
0.6
0.61
0.62
0.63
0.64
0.65
0.66
0.67
0.68
0.69
0.7
0.71
0.72
0.73
0.74
0.75
0.76
0.77
0.78
0.79
0.8
0.81
0.82
0.83
0.84
0.85
0.86
0.87
0.88
0.89
0.9
0.91
0.92
0.93
0.94
0.95
0.96
0.97
0.98
0.99
1
0
9.12624e-14
2.836e-12
4.41033e-11
4.57675e-10
3.56573e-09
2.2249e-08
1.15827e-07
5.1751e-07
2.02601e-06
7.06101e-06
2.21842e-05
6.3474e-05
0.000166799
0.000405449
0.000917233
0.00194149
0.0038631
0.00725587
0.0129129
0.0218481
0.0352548
0.0544115
0.0805385
0.114621
0.157228
0.208357
0.267353
0.332902
0.403129
0.475773
0.548412
0.618702
0.684592
0.744489
0.797335
0.842629
0.880373
0.910976
0.935136
0.953718
0.967645
0.977807
0.984993
0.989842
0.9928
0.994089
0.993678
0.991249
0.986195
0.97763
0.964445
0.945419
0.919367
0.885327
0.842745
0.791628
0.732639
0.667094
0.596869
0.524226
0.451587
0.381298
0.315407
0.255511
0.202665
0.157371
0.119627
0.0890232
0.0648618
0.0462747
0.0323328
0.0221297
0.0148402
0.00975298
0.00628324
0.00396911
0.00245914
0.00149477
0.000891632
0.000522083
0.000300162
0.000169493
9.40264e-05
5.12583e-05
2.74669e-05
1.4471e-05
7.49801e-06
3.82171e-06
1.91664e-06
9.46021e-07
4.59664e-07
2.19918e-07
1.03624e-07
4.80985e-08
2.19974e-08
9.91454e-09
4.40477e-09
1.92935e-09
8.33342e-10
3.55011e-10
