VARIABLEs = X,u
ZONE I=101
datapacking=block
0
0.01
0.02
0.03
0.04
0.05
0.06
0.07
0.08
0.09
0.1
0.11
0.12
0.13
0.14
0.15
0.16
0.17
0.18
0.19
0.2
0.21
0.22
0.23
0.24
0.25
0.26
0.27
0.28
0.29
0.3
0.31
0.32
0.33
0.34
0.35
0.36
0.37
0.38
0.39
0.4
0.41
0.42
0.43
0.44
0.45
0.46
0.47
0.48
0.49
0.5
0.51
0.52
0.53
0.54
0.55
0.56
0.57
0.58
0.59
0.6
0.61
0.62
0.63
0.64
0.65
0.66
0.67
0.68
0.69
0.7
0.71
0.72
0.73
0.74
0.75
0.76
0.77
0.78
0.79
0.8
0.81
0.82
0.83
0.84
0.85
0.86
0.87
0.88
0.89
0.9
0.91
0.92
0.93
0.94
0.95
0.96
0.97
0.98
0.99
1
0
4.5263e-13
1.33395e-11
1.9676e-10
1.93689e-09
1.43165e-08
8.47616e-08
4.18764e-07
1.77595e-06
6.6007e-06
2.18448e-05
6.51873e-05
0.000177204
0.000442551
0.00102269
0.00220038
0.00443146
0.00839365
0.0150157
0.0254674
0.0410944
0.0632895
0.0933104
0.132069
0.17993
0.236566
0.300904
0.371179
0.445092
0.520055
0.593462
0.662947
0.726598
0.783085
0.831695
0.872297
0.905243
0.931233
0.951183
0.966091
0.976937
0.984607
0.989839
0.993189
0.994997
0.995362
0.994105
0.990745
0.984487
0.974251
0.958749
0.936625
0.906644
0.867907
0.820058
0.763427
0.699092
0.62882
0.554907
0.479944
0.406538
0.337053
0.273402
0.216915
0.168305
0.127703
0.0947574
0.0687664
0.0488152
0.0339026
0.0230414
0.0153281
0.00998373
0.00636858
0.00397985
0.00243722
0.00146305
0.000861174
0.000497193
0.000281638
0.000156575
8.54562e-05
4.58021e-05
2.41141e-05
1.24746e-05
6.34261e-06
3.17042e-06
1.55843e-06
7.53514e-07
3.58461e-07
1.67821e-07
7.73407e-08
3.5094e-08
1.56827e-08
6.90351e-09
2.99417e-09
1.27978e-09
5.3918e-10
2.23958e-10
9.17312e-11
3.70572e-11
