VARIABLEs = X,u
ZONE I=101
datapacking=block
0
0.01
0.02
0.03
0.04
0.05
0.06
0.07
0.08
0.09
0.1
0.11
0.12
0.13
0.14
0.15
0.16
0.17
0.18
0.19
0.2
0.21
0.22
0.23
0.24
0.25
0.26
0.27
0.28
0.29
0.3
0.31
0.32
0.33
0.34
0.35
0.36
0.37
0.38
0.39
0.4
0.41
0.42
0.43
0.44
0.45
0.46
0.47
0.48
0.49
0.5
0.51
0.52
0.53
0.54
0.55
0.56
0.57
0.58
0.59
0.6
0.61
0.62
0.63
0.64
0.65
0.66
0.67
0.68
0.69
0.7
0.71
0.72
0.73
0.74
0.75
0.76
0.77
0.78
0.79
0.8
0.81
0.82
0.83
0.84
0.85
0.86
0.87
0.88
0.89
0.9
0.91
0.92
0.93
0.94
0.95
0.96
0.97
0.98
0.99
1
0
2.76804e-26
1.65937e-24
4.97471e-23
9.94469e-22
1.49132e-20
1.78953e-19
1.78991e-18
1.53493e-17
1.15204e-16
7.68803e-16
4.61885e-15
2.52345e-14
1.26418e-13
5.84799e-13
2.51291e-12
1.0082e-11
3.79369e-11
1.34409e-10
4.49945e-10
1.42761e-09
4.30522e-09
1.23712e-08
3.39513e-08
8.91746e-08
2.24595e-07
5.43378e-07
1.2649e-06
2.83742e-06
6.14205e-06
1.28469e-05
2.59967e-05
5.09533e-05
9.68357e-05
0.00017863
0.000320152
0.000558008
0.000946656
0.00156451
0.00252086
0.00396315
0.00608386
0.00912595
0.0133857
0.0192118
0.0269986
0.0371747
0.0501838
0.0664604
0.0864005
0.11033
0.138472
0.170918
0.207608
0.248313
0.292635
0.340018
0.389769
0.441088
0.493111
0.544953
0.595748
0.644698
0.691096
0.734361
0.774043
0.80983
0.841535
0.869082
0.892481
0.911793
0.927107
0.938504
0.946037
0.94971
0.949472
0.945215
0.936786
0.924008
0.906705
0.884739
0.858041
0.826642
0.790704
0.750532
0.706583
0.659458
0.609883
0.558682
0.506735
0.45494
0.404166
0.355214
0.308783
0.265445
0.225628
0.189607
0.157516
0.129352
0.104998
0.0842432
