VARIABLEs = X,u
ZONE I=101
datapacking=block
0
0.01
0.02
0.03
0.04
0.05
0.06
0.07
0.08
0.09
0.1
0.11
0.12
0.13
0.14
0.15
0.16
0.17
0.18
0.19
0.2
0.21
0.22
0.23
0.24
0.25
0.26
0.27
0.28
0.29
0.3
0.31
0.32
0.33
0.34
0.35
0.36
0.37
0.38
0.39
0.4
0.41
0.42
0.43
0.44
0.45
0.46
0.47
0.48
0.49
0.5
0.51
0.52
0.53
0.54
0.55
0.56
0.57
0.58
0.59
0.6
0.61
0.62
0.63
0.64
0.65
0.66
0.67
0.68
0.69
0.7
0.71
0.72
0.73
0.74
0.75
0.76
0.77
0.78
0.79
0.8
0.81
0.82
0.83
0.84
0.85
0.86
0.87
0.88
0.89
0.9
0.91
0.92
0.93
0.94
0.95
0.96
0.97
0.98
0.99
1
0
0.367573
0.736066
0.919851
0.98096
0.996276
0.999378
0.999909
0.999988
0.999999
1
1
1
1
1
1
1
1
1
1
1
1
1
1
1
1
1
1
1
1
1
0.632427
0.263934
0.0801486
0.0190396
0.00372353
0.000622155
9.13283e-05
1.20344e-05
1.44784e-06
1.612e-07
1.67926e-08
1.6514e-09
1.54443e-10
1.38203e-11
1.1894e-12
9.88715e-14
7.96789e-15
6.24465e-16
4.77242e-17
3.56495e-18
2.60818e-19
1.87225e-20
1.32074e-21
9.16851e-23
6.2711e-24
4.23087e-25
2.81828e-26
1.85519e-27
1.20779e-28
7.78218e-30
4.96597e-31
3.1402e-32
1.96877e-33
1.22443e-34
7.55733e-36
4.63107e-37
2.81864e-38
1.70449e-39
1.02445e-40
6.12154e-42
3.63768e-43
2.15028e-44
1.26468e-45
7.40253e-47
4.31305e-48
2.50195e-49
1.44526e-50
8.31501e-52
4.76538e-53
2.72094e-54
1.54807e-55
8.77749e-57
4.96038e-58
2.79434e-59
1.56932e-60
8.78736e-62
4.90644e-63
2.73199e-64
1.51717e-65
8.40378e-67
4.64337e-68
2.55944e-69
1.40749e-70
7.72263e-72
4.22799e-73
2.30983e-74
1.25931e-75
6.85199e-77
3.72099e-78
2.01688e-79
