VARIABLEs = X,u
ZONE I=101
datapacking=block
0
0.01
0.02
0.03
0.04
0.05
0.06
0.07
0.08
0.09
0.1
0.11
0.12
0.13
0.14
0.15
0.16
0.17
0.18
0.19
0.2
0.21
0.22
0.23
0.24
0.25
0.26
0.27
0.28
0.29
0.3
0.31
0.32
0.33
0.34
0.35
0.36
0.37
0.38
0.39
0.4
0.41
0.42
0.43
0.44
0.45
0.46
0.47
0.48
0.49
0.5
0.51
0.52
0.53
0.54
0.55
0.56
0.57
0.58
0.59
0.6
0.61
0.62
0.63
0.64
0.65
0.66
0.67
0.68
0.69
0.7
0.71
0.72
0.73
0.74
0.75
0.76
0.77
0.78
0.79
0.8
0.81
0.82
0.83
0.84
0.85
0.86
0.87
0.88
0.89
0.9
0.91
0.92
0.93
0.94
0.95
0.96
0.97
0.98
0.99
1
0
1.10895e-05
0.000137826
0.000861719
0.00361709
0.0114801
0.0294254
0.0635451
0.119136
0.198372
0.298745
0.413163
0.531723
0.644331
0.743058
0.823434
0.884511
0.928027
0.957211
0.975699
0.986798
0.993129
0.996569
0.998354
0.99924
0.999662
0.999855
0.99994
0.999976
0.999991
0.999997
0.999988
0.999862
0.999138
0.996383
0.98852
0.970575
0.936455
0.880864
0.801628
0.701255
0.586837
0.468277
0.355669
0.256942
0.176566
0.115489
0.071973
0.0427889
0.0243006
0.0132021
0.00687131
0.00343102
0.00164589
0.000759554
0.000337647
0.000144761
5.99303e-05
2.39848e-05
9.28943e-06
3.48541e-06
1.26811e-06
4.47815e-07
1.53627e-07
5.12425e-08
1.66317e-08
5.25675e-09
1.61917e-09
4.86372e-10
1.42572e-10
4.08098e-11
1.14138e-11
3.12092e-12
8.34774e-13
2.18536e-13
5.60233e-14
1.4071e-14
3.46414e-15
8.36345e-16
1.981e-16
4.60555e-17
1.05136e-17
2.35761e-18
5.19526e-19
1.12543e-19
2.39752e-20
5.02446e-21
1.0362e-21
2.10363e-22
4.20534e-23
8.28078e-24
1.60661e-24
3.07213e-25
5.79138e-26
1.0766e-26
1.97411e-27
3.57142e-28
6.37638e-29
1.12376e-29
1.95542e-30
3.36028e-31
