VARIABLEs = X,u
ZONE I=101
datapacking=block
0
0.01
0.02
0.03
0.04
0.05
0.06
0.07
0.08
0.09
0.1
0.11
0.12
0.13
0.14
0.15
0.16
0.17
0.18
0.19
0.2
0.21
0.22
0.23
0.24
0.25
0.26
0.27
0.28
0.29
0.3
0.31
0.32
0.33
0.34
0.35
0.36
0.37
0.38
0.39
0.4
0.41
0.42
0.43
0.44
0.45
0.46
0.47
0.48
0.49
0.5
0.51
0.52
0.53
0.54
0.55
0.56
0.57
0.58
0.59
0.6
0.61
0.62
0.63
0.64
0.65
0.66
0.67
0.68
0.69
0.7
0.71
0.72
0.73
0.74
0.75
0.76
0.77
0.78
0.79
0.8
0.81
0.82
0.83
0.84
0.85
0.86
0.87
0.88
0.89
0.9
0.91
0.92
0.93
0.94
0.95
0.96
0.97
0.98
0.99
1
0
4.55652e-23
2.39349e-21
6.28804e-20
1.10162e-18
1.44791e-17
1.52292e-16
1.33529e-15
1.00388e-14
6.60632e-14
3.86594e-13
2.03692e-12
9.7609e-12
4.28962e-11
1.74099e-10
6.5647e-10
2.31156e-09
7.63516e-09
2.37501e-08
6.98181e-08
1.94574e-07
5.1551e-07
1.30176e-06
3.14029e-06
7.2523e-06
1.60654e-05
3.41976e-05
7.00664e-05
0.00013839
0.00026388
0.000486411
0.00086785
0.00150056
0.00251721
0.00410125
0.00649664
0.0100153
0.0150403
0.0220224
0.031468
0.0439186
0.0599193
0.0799804
0.104533
0.133883
0.16817
0.207334
0.251096
0.298953
0.350199
0.403953
0.459209
0.514896
0.569937
0.623311
0.674108
0.721568
0.765109
0.804335
0.839031
0.869144
0.894751
0.916016
0.933154
0.946383
0.955885
0.961775
0.964078
0.962719
0.957524
0.948241
0.934566
0.91619
0.89284
0.864337
0.830638
0.791878
0.74839
0.700715
0.649589
0.595913
0.540707
0.485051
0.430028
0.376663
0.325864
0.278391
0.234817
0.195525
0.160704
0.130369
0.104381
0.0824832
0.0643286
0.0495159
0.0376187
0.0282099
0.0208816
0.0152588
0.0110079
0.00784071
