VARIABLEs = X,u
ZONE I=101
datapacking=block
0
0.01
0.02
0.03
0.04
0.05
0.06
0.07
0.08
0.09
0.1
0.11
0.12
0.13
0.14
0.15
0.16
0.17
0.18
0.19
0.2
0.21
0.22
0.23
0.24
0.25
0.26
0.27
0.28
0.29
0.3
0.31
0.32
0.33
0.34
0.35
0.36
0.37
0.38
0.39
0.4
0.41
0.42
0.43
0.44
0.45
0.46
0.47
0.48
0.49
0.5
0.51
0.52
0.53
0.54
0.55
0.56
0.57
0.58
0.59
0.6
0.61
0.62
0.63
0.64
0.65
0.66
0.67
0.68
0.69
0.7
0.71
0.72
0.73
0.74
0.75
0.76
0.77
0.78
0.79
0.8
0.81
0.82
0.83
0.84
0.85
0.86
0.87
0.88
0.89
0.9
0.91
0.92
0.93
0.94
0.95
0.96
0.97
0.98
0.99
1
0
0.300893
0.662869
0.879692
0.966216
0.992185
0.998459
0.999734
0.999959
0.999994
0.999999
1
1
1
1
1
1
1
1
1
1
1
1
1
1
1
1
1
1
1
1
0.699107
0.337131
0.120308
0.0337839
0.00781511
0.001541
0.000265855
4.09568e-05
5.72707e-06
7.36566e-07
8.80822e-08
9.88291e-09
1.0483e-09
1.05794e-10
1.02132e-11
9.47554e-13
8.48231e-14
7.3517e-15
6.18762e-16
5.07058e-17
4.05494e-18
3.1709e-19
2.429e-20
1.82562e-21
1.34818e-22
9.79468e-24
7.00864e-25
4.94453e-26
3.44245e-27
2.36716e-28
1.60893e-29
1.08169e-30
7.19777e-32
4.7433e-33
3.09729e-34
2.00502e-35
1.28732e-36
8.2011e-38
5.18612e-39
3.25654e-40
2.03123e-41
1.25889e-42
7.75476e-44
4.74919e-45
2.89236e-46
1.75215e-47
1.05602e-48
6.33351e-50
3.78075e-51
2.24674e-52
1.32936e-53
7.83287e-55
4.5968e-56
2.68726e-57
1.56511e-58
9.08279e-60
5.25273e-61
3.02758e-62
1.7394e-63
9.96194e-65
5.68817e-66
3.23838e-67
1.83844e-68
1.04082e-69
5.87687e-71
3.30973e-72
1.8593e-73
1.04195e-74
5.82532e-76
3.24933e-77
