VARIABLEs = X,u
ZONE I=101
datapacking=block
0
0.01
0.02
0.03
0.04
0.05
0.06
0.07
0.08
0.09
0.1
0.11
0.12
0.13
0.14
0.15
0.16
0.17
0.18
0.19
0.2
0.21
0.22
0.23
0.24
0.25
0.26
0.27
0.28
0.29
0.3
0.31
0.32
0.33
0.34
0.35
0.36
0.37
0.38
0.39
0.4
0.41
0.42
0.43
0.44
0.45
0.46
0.47
0.48
0.49
0.5
0.51
0.52
0.53
0.54
0.55
0.56
0.57
0.58
0.59
0.6
0.61
0.62
0.63
0.64
0.65
0.66
0.67
0.68
0.69
0.7
0.71
0.72
0.73
0.74
0.75
0.76
0.77
0.78
0.79
0.8
0.81
0.82
0.83
0.84
0.85
0.86
0.87
0.88
0.89
0.9
0.91
0.92
0.93
0.94
0.95
0.96
0.97
0.98
0.99
1
0
0.000742113
0.00609872
0.0254174
0.0718384
0.155455
0.2759
0.420432
0.569061
0.702782
0.809721
0.886696
0.937074
0.967306
0.984059
0.992683
0.996829
0.998699
0.999493
0.999812
0.999934
0.999978
0.999993
0.999998
0.999999
1
1
1
1
1
1
0.999258
0.993901
0.974583
0.928162
0.844545
0.7241
0.579568
0.430939
0.297218
0.190279
0.113304
0.062926
0.032694
0.0159412
0.0073169
0.00317083
0.00130099
0.000506725
0.000187817
6.63988e-05
2.24373e-05
7.26163e-06
2.25503e-06
6.73097e-07
1.93425e-07
5.35934e-08
1.43381e-08
3.70878e-09
9.28691e-10
2.25385e-10
5.30729e-11
1.21387e-11
2.6993e-12
5.84143e-13
1.2313e-13
2.53017e-14
5.07258e-15
9.9296e-16
1.89922e-16
3.55191e-17
6.49948e-18
1.1644e-18
2.04359e-19
3.51568e-20
5.93181e-21
9.8211e-22
1.59643e-22
2.54901e-23
3.99971e-24
6.17048e-25
9.36335e-26
1.39814e-26
2.05517e-27
2.97507e-28
4.24289e-29
5.96344e-30
8.26335e-31
1.12924e-31
1.5224e-32
2.02545e-33
2.66009e-34
3.44971e-35
4.41878e-36
5.59214e-37
6.99399e-38
8.6468e-39
1.05701e-39
1.27791e-40
1.52836e-41
1.80863e-42
