VARIABLEs = X,u
ZONE I=101
datapacking=block
0
0.01
0.02
0.03
0.04
0.05
0.06
0.07
0.08
0.09
0.1
0.11
0.12
0.13
0.14
0.15
0.16
0.17
0.18
0.19
0.2
0.21
0.22
0.23
0.24
0.25
0.26
0.27
0.28
0.29
0.3
0.31
0.32
0.33
0.34
0.35
0.36
0.37
0.38
0.39
0.4
0.41
0.42
0.43
0.44
0.45
0.46
0.47
0.48
0.49
0.5
0.51
0.52
0.53
0.54
0.55
0.56
0.57
0.58
0.59
0.6
0.61
0.62
0.63
0.64
0.65
0.66
0.67
0.68
0.69
0.7
0.71
0.72
0.73
0.74
0.75
0.76
0.77
0.78
0.79
0.8
0.81
0.82
0.83
0.84
0.85
0.86
0.87
0.88
0.89
0.9
0.91
0.92
0.93
0.94
0.95
0.96
0.97
0.98
0.99
1
0
1.50629e-14
4.95265e-13
8.1484e-12
8.94498e-11
7.3712e-10
4.86415e-09
2.67761e-08
1.26482e-07
5.23408e-07
1.92782e-06
6.39951e-06
1.93417e-05
5.36742e-05
0.000137736
0.000328837
0.000734276
0.00154062
0.00304983
0.00571743
0.0101841
0.0172885
0.0280499
0.0436087
0.0651244
0.0936365
0.129907
0.174271
0.226523
0.285866
0.350937
0.419908
0.490654
0.560953
0.62869
0.692039
0.749592
0.800427
0.844116
0.880676
0.910485
0.93418
0.952551
0.966436
0.976648
0.9839
0.988756
0.991587
0.992541
0.991505
0.988098
0.981668
0.971328
0.956026
0.934665
0.906244
0.870026
0.825692
0.773457
0.714123
0.649058
0.58009
0.509345
0.439047
0.37131
0.307961
0.250408
0.199573
0.155884
0.119324
0.0895133
0.0658133
0.0474301
0.0335098
0.0232138
0.015771
0.0105101
0.00687204
0.0044096
0.00277749
0.00171773
0.00104331
0.000622497
0.000364952
0.00021029
0.000119122
6.63538e-05
3.63532e-05
1.95941e-05
1.03925e-05
5.42532e-06
2.7883e-06
1.41111e-06
7.03371e-07
3.45384e-07
1.67111e-07
7.96867e-08
3.74567e-08
1.73589e-08
7.93317e-09
3.57591e-09
