VARIABLEs = X,u
ZONE I=101
datapacking=block
0
0.01
0.02
0.03
0.04
0.05
0.06
0.07
0.08
0.09
0.1
0.11
0.12
0.13
0.14
0.15
0.16
0.17
0.18
0.19
0.2
0.21
0.22
0.23
0.24
0.25
0.26
0.27
0.28
0.29
0.3
0.31
0.32
0.33
0.34
0.35
0.36
0.37
0.38
0.39
0.4
0.41
0.42
0.43
0.44
0.45
0.46
0.47
0.48
0.49
0.5
0.51
0.52
0.53
0.54
0.55
0.56
0.57
0.58
0.59
0.6
0.61
0.62
0.63
0.64
0.65
0.66
0.67
0.68
0.69
0.7
0.71
0.72
0.73
0.74
0.75
0.76
0.77
0.78
0.79
0.8
0.81
0.82
0.83
0.84
0.85
0.86
0.87
0.88
0.89
0.9
0.91
0.92
0.93
0.94
0.95
0.96
0.97
0.98
0.99
1
0
0.1106
0.35453
0.622913
0.819528
0.927535
0.975039
0.992483
0.997989
0.999516
0.999894
0.999979
0.999996
0.999999
1
1
1
1
1
1
1
1
1
1
1
1
1
1
1
1
1
0.8894
0.64547
0.377087
0.180472
0.0724655
0.024961
0.00751702
0.00201079
0.000484144
0.000106097
2.13627e-05
3.98431e-06
6.93161e-07
1.13175e-07
1.74353e-08
2.54639e-09
3.54049e-10
4.70406e-11
5.99252e-12
7.34154e-13
8.67336e-14
9.90564e-15
1.09608e-15
1.17748e-16
1.23033e-17
1.25252e-18
1.24428e-19
1.20793e-20
1.14742e-21
1.0678e-22
9.74606e-24
8.73345e-25
7.6909e-26
6.66175e-27
5.68036e-28
4.7717e-29
3.95177e-30
3.22863e-31
2.6039e-32
2.07426e-33
1.63295e-34
1.27107e-35
9.78743e-37
7.45867e-38
5.62773e-39
4.20589e-40
3.11457e-41
2.28617e-42
1.66393e-43
1.2012e-44
8.60359e-46
6.11578e-47
4.31567e-48
3.024e-49
2.10453e-50
1.45503e-51
9.99596e-53
6.82504e-54
4.63234e-55
3.12602e-56
2.09778e-57
1.40015e-58
9.29641e-60
6.14108e-61
4.03673e-62
2.64079e-63
1.71956e-64
1.11464e-65
7.19357e-67
4.62273e-68
