VARIABLEs = X,u
ZONE I=101
datapacking=block
0
0.01
0.02
0.03
0.04
0.05
0.06
0.07
0.08
0.09
0.1
0.11
0.12
0.13
0.14
0.15
0.16
0.17
0.18
0.19
0.2
0.21
0.22
0.23
0.24
0.25
0.26
0.27
0.28
0.29
0.3
0.31
0.32
0.33
0.34
0.35
0.36
0.37
0.38
0.39
0.4
0.41
0.42
0.43
0.44
0.45
0.46
0.47
0.48
0.49
0.5
0.51
0.52
0.53
0.54
0.55
0.56
0.57
0.58
0.59
0.6
0.61
0.62
0.63
0.64
0.65
0.66
0.67
0.68
0.69
0.7
0.71
0.72
0.73
0.74
0.75
0.76
0.77
0.78
0.79
0.8
0.81
0.82
0.83
0.84
0.85
0.86
0.87
0.88
0.89
0.9
0.91
0.92
0.93
0.94
0.95
0.96
0.97
0.98
0.99
1
0
2.23892e-08
4.17426e-07
3.90147e-06
2.43811e-05
0.000114645
0.000432838
0.00136737
0.00371948
0.00889854
0.0190334
0.0368801
0.0654458
0.107353
0.164098
0.23544
0.319146
0.411217
0.506527
0.599707
0.686008
0.761943
0.825576
0.876479
0.915429
0.943995
0.964108
0.977726
0.986606
0.99219
0.995582
0.997573
0.998704
0.999324
0.999636
0.999719
0.999487
0.998595
0.996264
0.991094
0.980963
0.963119
0.934554
0.892647
0.835902
0.76456
0.680854
0.588783
0.493473
0.400293
0.313992
0.238057
0.174424
0.123521
0.0845706
0.0560053
0.0358925
0.0222744
0.0133943
0.0078097
0.00441826
0.002427
0.00129535
0.000672196
0.00033938
0.000166817
7.98785e-05
3.72839e-05
1.69736e-05
7.54109e-06
3.27149e-06
1.38657e-06
5.7444e-07
2.32742e-07
9.22657e-08
3.58051e-08
1.36076e-08
5.06693e-09
1.84932e-09
6.61854e-10
2.32362e-10
8.00543e-11
2.70758e-11
8.9931e-12
2.93439e-12
9.40919e-13
2.96586e-13
9.19288e-14
2.80275e-14
8.40769e-15
2.4823e-15
7.21498e-16
2.06508e-16
5.82202e-17
1.61716e-17
4.42677e-18
1.19447e-18
3.17775e-19
8.33722e-20
2.15761e-20
5.50898e-21
