VARIABLEs = X,u
ZONE I=101
datapacking=block
0
0.01
0.02
0.03
0.04
0.05
0.06
0.07
0.08
0.09
0.1
0.11
0.12
0.13
0.14
0.15
0.16
0.17
0.18
0.19
0.2
0.21
0.22
0.23
0.24
0.25
0.26
0.27
0.28
0.29
0.3
0.31
0.32
0.33
0.34
0.35
0.36
0.37
0.38
0.39
0.4
0.41
0.42
0.43
0.44
0.45
0.46
0.47
0.48
0.49
0.5
0.51
0.52
0.53
0.54
0.55
0.56
0.57
0.58
0.59
0.6
0.61
0.62
0.63
0.64
0.65
0.66
0.67
0.68
0.69
0.7
0.71
0.72
0.73
0.74
0.75
0.76
0.77
0.78
0.79
0.8
0.81
0.82
0.83
0.84
0.85
0.86
0.87
0.88
0.89
0.9
0.91
0.92
0.93
0.94
0.95
0.96
0.97
0.98
0.99
1
0
1.22649e-06
1.79486e-05
0.000131902
0.00064942
0.00241159
0.0072104
0.0180979
0.0392655
0.0752683
0.12969
0.203715
0.295241
0.398964
0.507461
0.61284
0.708366
0.789548
0.854485
0.903545
0.938662
0.962545
0.978017
0.987585
0.993247
0.996458
0.998207
0.999123
0.999585
0.99981
0.999916
0.999962
0.999967
0.999862
0.999348
0.997587
0.992789
0.981902
0.960734
0.924732
0.87031
0.796285
0.704759
0.601036
0.492539
0.38716
0.291634
0.210452
0.145515
0.0964551
0.0613379
0.0374549
0.0219835
0.0124149
0.00675331
0.00354223
0.00179342
0.000877364
0.000415151
0.000190187
8.44325e-05
3.63565e-05
1.51975e-05
6.17221e-06
2.43741e-06
9.36624e-07
3.50484e-07
1.27802e-07
4.54428e-08
1.57662e-08
5.34057e-09
1.76728e-09
5.71641e-10
1.80833e-10
5.5975e-11
1.69625e-11
5.03473e-12
1.46437e-12
4.17553e-13
1.16773e-13
3.20424e-14
8.63043e-15
2.28262e-15
5.93048e-16
1.51411e-16
3.80006e-17
9.37851e-18
2.27682e-18
5.43895e-19
1.27886e-19
2.96064e-20
6.75033e-21
1.51622e-21
3.35598e-22
7.32161e-23
1.57484e-23
3.34057e-24
6.98971e-25
1.44297e-25
2.93977e-26
5.91188e-27
