VARIABLEs = X,u
ZONE I=101
datapacking=block
0
0.01
0.02
0.03
0.04
0.05
0.06
0.07
0.08
0.09
0.1
0.11
0.12
0.13
0.14
0.15
0.16
0.17
0.18
0.19
0.2
0.21
0.22
0.23
0.24
0.25
0.26
0.27
0.28
0.29
0.3
0.31
0.32
0.33
0.34
0.35
0.36
0.37
0.38
0.39
0.4
0.41
0.42
0.43
0.44
0.45
0.46
0.47
0.48
0.49
0.5
0.51
0.52
0.53
0.54
0.55
0.56
0.57
0.58
0.59
0.6
0.61
0.62
0.63
0.64
0.65
0.66
0.67
0.68
0.69
0.7
0.71
0.72
0.73
0.74
0.75
0.76
0.77
0.78
0.79
0.8
0.81
0.82
0.83
0.84
0.85
0.86
0.87
0.88
0.89
0.9
0.91
0.92
0.93
0.94
0.95
0.96
0.97
0.98
0.99
1
0
1.01205e-18
4.3016e-17
9.14572e-16
1.29693e-14
1.38004e-13
1.17541e-12
8.34729e-12
5.08412e-11
2.71126e-10
1.28607e-09
5.49436e-09
2.13554e-08
7.6149e-08
2.50863e-07
7.68117e-07
2.19728e-06
5.89891e-06
1.49218e-05
3.56919e-05
8.09839e-05
0.000174805
0.000359884
0.00070837
0.00133597
0.00241908
0.00421344
0.00707163
0.0114555
0.0179392
0.0271972
0.0399755
0.0570433
0.0791272
0.106835
0.140575
0.180485
0.226383
0.277738
0.333687
0.393077
0.454542
0.516603
0.577774
0.636665
0.692073
0.743044
0.788914
0.829311
0.86414
0.893538
0.917825
0.937431
0.952841
0.964523
0.972879
0.978191
0.980587
0.98002
0.976262
0.968917
0.957459
0.941288
0.919803
0.892489
0.859004
0.819256
0.77346
0.722168
0.666258
0.606891
0.54544
0.483387
0.42222
0.363331
0.307925
0.256953
0.21108
0.170674
0.135824
0.10638
0.0820005
0.062209
0.046451
0.0341408
0.0247018
0.0175958
0.0123414
0.0085242
0.00579876
0.00388573
0.00256525
0.00166869
0.00106973
0.000675927
0.000421034
0.000258581
0.000156606
9.35449e-05
5.51191e-05
3.20422e-05
