VARIABLEs = X,u
ZONE I=101
datapacking=block
0
0.01
0.02
0.03
0.04
0.05
0.06
0.07
0.08
0.09
0.1
0.11
0.12
0.13
0.14
0.15
0.16
0.17
0.18
0.19
0.2
0.21
0.22
0.23
0.24
0.25
0.26
0.27
0.28
0.29
0.3
0.31
0.32
0.33
0.34
0.35
0.36
0.37
0.38
0.39
0.4
0.41
0.42
0.43
0.44
0.45
0.46
0.47
0.48
0.49
0.5
0.51
0.52
0.53
0.54
0.55
0.56
0.57
0.58
0.59
0.6
0.61
0.62
0.63
0.64
0.65
0.66
0.67
0.68
0.69
0.7
0.71
0.72
0.73
0.74
0.75
0.76
0.77
0.78
0.79
0.8
0.81
0.82
0.83
0.84
0.85
0.86
0.87
0.88
0.89
0.9
0.91
0.92
0.93
0.94
0.95
0.96
0.97
0.98
0.99
1
0
4.50226e-05
0.000496377
0.00275767
0.010307
0.0292022
0.0670229
0.130089
0.220206
0.332857
0.458013
0.583144
0.696871
0.79162
0.864489
0.916533
0.951231
0.972922
0.985688
0.992786
0.996526
0.998399
0.999293
0.9997
0.999878
0.999952
0.999982
0.999993
0.999998
0.999999
1
0.999955
0.999504
0.997242
0.989693
0.970798
0.932977
0.869911
0.779794
0.667143
0.541987
0.416856
0.303129
0.20838
0.135511
0.0834672
0.0487693
0.0270778
0.0143116
0.00721366
0.00347361
0.00160069
0.000707055
0.000299846
0.000122262
4.80014e-05
1.81704e-05
6.64011e-06
2.34538e-06
8.01623e-07
2.6541e-07
8.52118e-08
2.65545e-08
8.03957e-09
2.36681e-09
6.78101e-10
1.8922e-10
5.14651e-11
1.36534e-11
3.53553e-12
8.94203e-13
2.21034e-13
5.343e-14
1.26376e-14
2.92644e-15
6.63801e-16
1.47564e-16
3.2165e-17
6.87779e-18
1.44336e-18
2.97406e-19
6.01944e-20
1.19721e-20
2.34081e-21
4.50096e-22
8.51421e-23
1.58504e-23
2.90494e-24
5.24303e-25
9.32208e-26
1.63329e-26
2.82076e-27
4.80337e-28
8.06725e-29
1.33667e-29
2.18552e-30
3.52723e-31
5.6204e-32
8.84425e-33
1.37473e-33
2.11125e-34
