VARIABLEs = X,u
ZONE I=101
datapacking=block
0
0.01
0.02
0.03
0.04
0.05
0.06
0.07
0.08
0.09
0.1
0.11
0.12
0.13
0.14
0.15
0.16
0.17
0.18
0.19
0.2
0.21
0.22
0.23
0.24
0.25
0.26
0.27
0.28
0.29
0.3
0.31
0.32
0.33
0.34
0.35
0.36
0.37
0.38
0.39
0.4
0.41
0.42
0.43
0.44
0.45
0.46
0.47
0.48
0.49
0.5
0.51
0.52
0.53
0.54
0.55
0.56
0.57
0.58
0.59
0.6
0.61
0.62
0.63
0.64
0.65
0.66
0.67
0.68
0.69
0.7
0.71
0.72
0.73
0.74
0.75
0.76
0.77
0.78
0.79
0.8
0.81
0.82
0.83
0.84
0.85
0.86
0.87
0.88
0.89
0.9
0.91
0.92
0.93
0.94
0.95
0.96
0.97
0.98
0.99
1
0
1.12082e-21
5.52797e-20
1.36364e-18
2.24331e-17
2.76878e-16
2.73489e-15
2.25206e-14
1.5902e-13
9.82928e-13
5.40307e-12
2.67432e-11
1.20398e-10
4.97136e-10
1.89592e-09
6.7181e-09
2.22327e-08
6.90252e-08
2.01842e-07
5.57862e-07
1.4619e-06
3.64259e-06
8.65197e-06
1.96356e-05
4.26699e-05
8.8961e-05
0.000178264
0.000343911
0.000639769
0.0011493
0.00199652
0.00335822
0.00547613
0.00866715
0.0133291
0.0199396
0.0290447
0.0412374
0.0571227
0.0772739
0.10218
0.132194
0.16748
0.207975
0.253367
0.303091
0.356349
0.412152
0.469378
0.526838
0.583358
0.637838
0.689322
0.737035
0.780412
0.819103
0.85296
0.882013
0.906425
0.926449
0.942377
0.954493
0.963025
0.968114
0.969789
0.967951
0.962385
0.952779
0.938754
0.919922
0.895937
0.866559
0.831704
0.791498
0.746297
0.696698
0.643519
0.587767
0.530573
0.473132
0.416623
0.362148
0.310664
0.262942
0.219544
0.180807
0.146861
0.117642
0.0929348
0.0724015
0.055626
0.0421489
0.0314989
0.0232184
0.0168824
0.0121097
0.00856986
0.00598412
0.00412342
0.00280411
0.00188218
