VARIABLEs = X,u
ZONE I=101
datapacking=block
0
0.01
0.02
0.03
0.04
0.05
0.06
0.07
0.08
0.09
0.1
0.11
0.12
0.13
0.14
0.15
0.16
0.17
0.18
0.19
0.2
0.21
0.22
0.23
0.24
0.25
0.26
0.27
0.28
0.29
0.3
0.31
0.32
0.33
0.34
0.35
0.36
0.37
0.38
0.39
0.4
0.41
0.42
0.43
0.44
0.45
0.46
0.47
0.48
0.49
0.5
0.51
0.52
0.53
0.54
0.55
0.56
0.57
0.58
0.59
0.6
0.61
0.62
0.63
0.64
0.65
0.66
0.67
0.68
0.69
0.7
0.71
0.72
0.73
0.74
0.75
0.76
0.77
0.78
0.79
0.8
0.81
0.82
0.83
0.84
0.85
0.86
0.87
0.88
0.89
0.9
0.91
0.92
0.93
0.94
0.95
0.96
0.97
0.98
0.99
1
0
0.000100267
0.00102503
0.00528729
0.0183775
0.0485166
0.10401
0.189133
0.301021
0.429685
0.561183
0.682129
0.783256
0.860768
0.915617
0.951662
0.973775
0.986497
0.993388
0.996915
0.998626
0.999414
0.999761
0.999906
0.999965
0.999987
0.999996
0.999998
1
1
1
0.9999
0.998975
0.994713
0.981622
0.951483
0.89599
0.810867
0.698979
0.570315
0.438817
0.317871
0.216744
0.139232
0.0843831
0.0483383
0.0262249
0.0135027
0.00661156
0.0030849
0.00137427
0.000585593
0.0002391
9.37004e-05
3.5299e-05
1.28023e-05
4.47629e-06
1.51088e-06
4.92899e-07
1.55602e-07
4.75862e-08
1.41128e-08
4.06292e-09
1.1365e-09
3.09166e-10
8.18609e-11
2.11141e-11
5.30903e-12
1.30233e-12
3.11886e-13
7.29672e-14
1.66876e-14
3.73304e-15
8.17305e-16
1.75228e-16
3.68091e-17
7.57987e-18
1.53088e-18
3.03387e-19
5.90244e-20
1.12781e-20
2.11736e-21
3.90738e-22
7.09059e-23
1.26576e-23
2.22356e-24
3.84532e-25
6.54867e-26
1.09864e-26
1.81625e-27
2.95974e-28
4.75575e-29
7.53702e-30
1.17847e-30
1.81843e-31
2.7698e-32
4.1657e-33
6.18762e-34
9.07949e-35
1.31645e-35
1.8865e-36
