VARIABLEs = X,u
ZONE I=101
datapacking=block
0
0.01
0.02
0.03
0.04
0.05
0.06
0.07
0.08
0.09
0.1
0.11
0.12
0.13
0.14
0.15
0.16
0.17
0.18
0.19
0.2
0.21
0.22
0.23
0.24
0.25
0.26
0.27
0.28
0.29
0.3
0.31
0.32
0.33
0.34
0.35
0.36
0.37
0.38
0.39
0.4
0.41
0.42
0.43
0.44
0.45
0.46
0.47
0.48
0.49
0.5
0.51
0.52
0.53
0.54
0.55
0.56
0.57
0.58
0.59
0.6
0.61
0.62
0.63
0.64
0.65
0.66
0.67
0.68
0.69
0.7
0.71
0.72
0.73
0.74
0.75
0.76
0.77
0.78
0.79
0.8
0.81
0.82
0.83
0.84
0.85
0.86
0.87
0.88
0.89
0.9
0.91
0.92
0.93
0.94
0.95
0.96
0.97
0.98
0.99
1
0
1.84746e-20
8.59324e-19
1.99923e-17
3.10201e-16
3.61126e-15
3.36472e-14
2.61368e-13
1.74108e-12
1.01534e-11
5.26608e-11
2.45953e-10
1.04493e-09
4.07203e-09
1.46578e-08
4.90291e-08
1.53183e-07
4.49045e-07
1.23999e-06
3.23683e-06
8.01249e-06
1.88622e-05
4.23359e-05
9.08111e-05
0.000186558
0.000367784
0.000697065
0.00127231
0.00223999
0.00380961
0.0062677
0.00998869
0.0154395
0.0231745
0.0338179
0.0480321
0.066472
0.0897289
0.118267
0.152365
0.192059
0.237111
0.286998
0.340922
0.397854
0.456594
0.515853
0.574336
0.630825
0.684249
0.733743
0.778675
0.818658
0.853538
0.883361
0.908335
0.92877
0.945029
0.957471
0.966399
0.97202
0.974412
0.973513
0.969111
0.96087
0.948361
0.931113
0.908675
0.880693
0.846966
0.807517
0.762623
0.712837
0.658978
0.602086
0.54337
0.484126
0.425651
0.369167
0.315744
0.266247
0.221305
0.181299
0.146371
0.116452
0.0912974
0.0705331
0.0536984
0.0402888
0.0297914
0.0217126
0.0155988
0.0110477
0.00771435
0.00531161
0.00360665
0.0024154
0.00159565
0.00103993
0.000668732
0.000424362
