VARIABLEs = X,u
ZONE I=101
datapacking=block
0
0.01
0.02
0.03
0.04
0.05
0.06
0.07
0.08
0.09
0.1
0.11
0.12
0.13
0.14
0.15
0.16
0.17
0.18
0.19
0.2
0.21
0.22
0.23
0.24
0.25
0.26
0.27
0.28
0.29
0.3
0.31
0.32
0.33
0.34
0.35
0.36
0.37
0.38
0.39
0.4
0.41
0.42
0.43
0.44
0.45
0.46
0.47
0.48
0.49
0.5
0.51
0.52
0.53
0.54
0.55
0.56
0.57
0.58
0.59
0.6
0.61
0.62
0.63
0.64
0.65
0.66
0.67
0.68
0.69
0.7
0.71
0.72
0.73
0.74
0.75
0.76
0.77
0.78
0.79
0.8
0.81
0.82
0.83
0.84
0.85
0.86
0.87
0.88
0.89
0.9
0.91
0.92
0.93
0.94
0.95
0.96
0.97
0.98
0.99
1
0
6.80886e-25
3.8633e-23
1.09625e-21
2.07431e-20
2.94446e-19
3.34458e-18
3.16677e-17
2.57082e-16
1.8267e-15
1.15412e-14
6.56486e-14
3.39595e-13
1.61092e-12
7.05659e-12
2.87153e-11
1.09109e-10
3.88845e-10
1.3049e-09
4.13787e-09
1.24374e-08
3.55348e-08
9.67498e-08
2.51604e-07
6.26283e-07
1.49502e-06
3.42862e-06
7.56661e-06
1.60937e-05
3.30368e-05
6.55402e-05
0.000125813
0.00023397
0.00042198
0.000738883
0.00125731
0.00208116
0.00335396
0.00526713
0.0080671
0.0120597
0.0176106
0.0251393
0.0351072
0.0479975
0.0642876
0.0844165
0.108747
0.137532
0.170874
0.208708
0.250778
0.296643
0.345682
0.397124
0.450088
0.503627
0.556779
0.608619
0.658302
0.705104
0.748442
0.787888
0.823171
0.854158
0.880835
0.903274
0.921598
0.935948
0.946447
0.953171
0.956133
0.955271
0.950452
0.941484
0.928142
0.910199
0.887467
0.859838
0.82732
0.790066
0.748398
0.70281
0.653959
0.602642
0.549761
0.496274
0.443154
0.391328
0.341642
0.294817
0.251424
0.211873
0.176404
0.145101
0.117906
0.0946444
0.0750474
0.0587842
0.0454859
0.0347695
