VARIABLEs = X,u
ZONE I=101
datapacking=block
0
0.01
0.02
0.03
0.04
0.05
0.06
0.07
0.08
0.09
0.1
0.11
0.12
0.13
0.14
0.15
0.16
0.17
0.18
0.19
0.2
0.21
0.22
0.23
0.24
0.25
0.26
0.27
0.28
0.29
0.3
0.31
0.32
0.33
0.34
0.35
0.36
0.37
0.38
0.39
0.4
0.41
0.42
0.43
0.44
0.45
0.46
0.47
0.48
0.49
0.5
0.51
0.52
0.53
0.54
0.55
0.56
0.57
0.58
0.59
0.6
0.61
0.62
0.63
0.64
0.65
0.66
0.67
0.68
0.69
0.7
0.71
0.72
0.73
0.74
0.75
0.76
0.77
0.78
0.79
0.8
0.81
0.82
0.83
0.84
0.85
0.86
0.87
0.88
0.89
0.9
0.91
0.92
0.93
0.94
0.95
0.96
0.97
0.98
0.99
1
0
4.53836e-17
1.75608e-15
3.39936e-14
4.38943e-13
4.25353e-12
3.29964e-11
2.13456e-10
1.18449e-09
5.75586e-09
2.48834e-08
9.69062e-08
3.43421e-07
1.11679e-06
3.35615e-06
9.37676e-06
2.44829e-05
6.00137e-05
0.000138662
0.000303068
0.00062863
0.00124104
0.00233811
0.00421395
0.00728174
0.0120896
0.0193226
0.0297852
0.044358
0.0639303
0.0893096
0.121121
0.159707
0.205046
0.256706
0.313834
0.375203
0.439297
0.504426
0.568866
0.630988
0.689379
0.742924
0.790857
0.832767
0.868577
0.898487
0.922912
0.942404
0.95757
0.96901
0.977246
0.982674
0.985517
0.985798
0.983323
0.977685
0.968294
0.954429
0.935315
0.910228
0.8786
0.840128
0.794857
0.743239
0.686135
0.624779
0.560693
0.495568
0.431131
0.36901
0.31062
0.257075
0.209141
0.167229
0.131414
0.101489
0.0770275
0.0574577
0.042127
0.0303617
0.0215129
0.0149879
0.0102688
0.00691995
0.00458741
0.0029922
0.00192066
0.00121346
0.000754748
0.00046223
0.000278789
0.00016563
9.69454e-05
5.59141e-05
3.17836e-05
1.78094e-05
9.83876e-06
5.35985e-06
2.8798e-06
1.52631e-06
