VARIABLEs = X,u
ZONE I=101
datapacking=block
0
0.01
0.02
0.03
0.04
0.05
0.06
0.07
0.08
0.09
0.1
0.11
0.12
0.13
0.14
0.15
0.16
0.17
0.18
0.19
0.2
0.21
0.22
0.23
0.24
0.25
0.26
0.27
0.28
0.29
0.3
0.31
0.32
0.33
0.34
0.35
0.36
0.37
0.38
0.39
0.4
0.41
0.42
0.43
0.44
0.45
0.46
0.47
0.48
0.49
0.5
0.51
0.52
0.53
0.54
0.55
0.56
0.57
0.58
0.59
0.6
0.61
0.62
0.63
0.64
0.65
0.66
0.67
0.68
0.69
0.7
0.71
0.72
0.73
0.74
0.75
0.76
0.77
0.78
0.79
0.8
0.81
0.82
0.83
0.84
0.85
0.86
0.87
0.88
0.89
0.9
0.91
0.92
0.93
0.94
0.95
0.96
0.97
0.98
0.99
1
0
9.15057e-18
3.68752e-16
7.4337e-15
9.99571e-14
1.00862e-12
8.14688e-12
5.48721e-11
3.17001e-10
1.60359e-09
7.21623e-09
2.92502e-08
1.07879e-07
3.65062e-07
1.14149e-06
3.31787e-06
9.01123e-06
2.29729e-05
5.51944e-05
0.00012542
0.000270409
0.000554766
0.00108587
0.00203268
0.00364708
0.00628498
0.0104226
0.0166626
0.0257245
0.0384135
0.0555683
0.0779867
0.106338
0.14107
0.182328
0.229897
0.283174
0.341185
0.402643
0.466038
0.529755
0.592193
0.651886
0.707596
0.758379
0.803619
0.843023
0.876592
0.904569
0.927374
0.94553
0.959595
0.970094
0.977464
0.982001
0.98383
0.982877
0.978867
0.971339
0.959688
0.943222
0.921255
0.893194
0.858645
0.817501
0.770001
0.716767
0.658781
0.597338
0.533951
0.470239
0.407804
0.348112
0.292403
0.241619
0.196378
0.156968
0.123385
0.0953755
0.0725004
0.0541994
0.0398504
0.0288201
0.0205038
0.0143517
0.00988477
0.00670021
0.00447031
0.0029362
0.00189892
0.00120941
0.00075869
0.00046887
0.000285507
0.000171329
0.000101338
5.90901e-05
3.39731e-05
1.92622e-05
1.07722e-05
5.94287e-06
