VARIABLEs = X,u
ZONE I=101
datapacking=block
0
0.01
0.02
0.03
0.04
0.05
0.06
0.07
0.08
0.09
0.1
0.11
0.12
0.13
0.14
0.15
0.16
0.17
0.18
0.19
0.2
0.21
0.22
0.23
0.24
0.25
0.26
0.27
0.28
0.29
0.3
0.31
0.32
0.33
0.34
0.35
0.36
0.37
0.38
0.39
0.4
0.41
0.42
0.43
0.44
0.45
0.46
0.47
0.48
0.49
0.5
0.51
0.52
0.53
0.54
0.55
0.56
0.57
0.58
0.59
0.6
0.61
0.62
0.63
0.64
0.65
0.66
0.67
0.68
0.69
0.7
0.71
0.72
0.73
0.74
0.75
0.76
0.77
0.78
0.79
0.8
0.81
0.82
0.83
0.84
0.85
0.86
0.87
0.88
0.89
0.9
0.91
0.92
0.93
0.94
0.95
0.96
0.97
0.98
0.99
1
0
3.34564e-10
7.64633e-09
8.7526e-08
6.69179e-07
3.84505e-06
1.77147e-05
6.81813e-05
0.000225551
0.000654862
0.00169575
0.00396673
0.00847048
0.0166568
0.0303908
0.0517838
0.0828827
0.125262
0.179612
0.245438
0.320963
0.403281
0.488727
0.573388
0.653622
0.726493
0.79003
0.843299
0.886307
0.919792
0.944965
0.963259
0.976127
0.984895
0.99069
0.994404
0.996706
0.99806
0.99873
0.998777
0.998002
0.995876
0.99145
0.983303
0.96959
0.948207
0.917113
0.874736
0.820387
0.754562
0.679036
0.596719
0.511273
0.426612
0.346378
0.273507
0.20997
0.156701
0.113693
0.080208
0.0550352
0.0367407
0.0238731
0.0151046
0.00930982
0.00559256
0.00327585
0.00187192
0.00104403
0.000568592
0.000302524
0.000157322
7.99989e-05
3.97958e-05
1.93748e-05
9.23563e-06
4.31223e-06
1.97295e-06
8.84871e-07
3.89184e-07
1.67919e-07
7.10997e-08
2.95536e-08
1.20635e-08
4.8372e-09
1.90595e-09
7.38179e-10
2.81106e-10
1.05284e-10
3.87937e-11
1.40665e-11
5.02054e-12
1.76428e-12
6.10582e-13
2.08155e-13
6.99201e-14
2.31465e-14
7.55332e-15
2.43026e-15
7.71123e-16
2.41346e-16
