VARIABLEs = X,u
ZONE I=101
datapacking=block
0
0.01
0.02
0.03
0.04
0.05
0.06
0.07
0.08
0.09
0.1
0.11
0.12
0.13
0.14
0.15
0.16
0.17
0.18
0.19
0.2
0.21
0.22
0.23
0.24
0.25
0.26
0.27
0.28
0.29
0.3
0.31
0.32
0.33
0.34
0.35
0.36
0.37
0.38
0.39
0.4
0.41
0.42
0.43
0.44
0.45
0.46
0.47
0.48
0.49
0.5
0.51
0.52
0.53
0.54
0.55
0.56
0.57
0.58
0.59
0.6
0.61
0.62
0.63
0.64
0.65
0.66
0.67
0.68
0.69
0.7
0.71
0.72
0.73
0.74
0.75
0.76
0.77
0.78
0.79
0.8
0.81
0.82
0.83
0.84
0.85
0.86
0.87
0.88
0.89
0.9
0.91
0.92
0.93
0.94
0.95
0.96
0.97
0.98
0.99
1
0
2.74968e-16
1.01435e-14
1.87208e-13
2.30489e-12
2.12979e-11
1.57556e-10
9.7206e-10
5.14486e-09
2.38481e-08
9.83569e-08
3.65468e-07
1.23591e-06
3.83579e-06
1.10032e-05
2.93495e-05
7.31755e-05
0.000171316
0.000378141
0.000789763
0.0015658
0.00295561
0.00532598
0.00918472
0.0151929
0.0241576
0.0369978
0.0546811
0.078131
0.108116
0.145135
0.189312
0.24033
0.297405
0.359321
0.424512
0.491189
0.55749
0.621637
0.682066
0.737533
0.787174
0.830515
0.867456
0.898206
0.923214
0.94308
0.958478
0.970077
0.978471
0.98413
0.987349
0.988214
0.986584
0.982082
0.974116
0.961927
0.94466
0.921471
0.891648
0.854727
0.810608
0.759625
0.70257
0.640665
0.575481
0.508807
0.442508
0.378362
0.317933
0.262466
0.212826
0.169483
0.13254
0.101783
0.0767571
0.0568468
0.0413503
0.0295452
0.0207392
0.0143042
0.00969556
0.00645955
0.0042309
0.00272489
0.00172599
0.00107545
0.000659308
0.000397766
0.000236208
0.000138095
7.95003e-05
4.50765e-05
2.51774e-05
1.38559e-05
7.51461e-06
4.01707e-06
2.11702e-06
1.1001e-06
5.63786e-07
2.84999e-07
