VARIABLEs = X,u
ZONE I=101
datapacking=block
0
0.01
0.02
0.03
0.04
0.05
0.06
0.07
0.08
0.09
0.1
0.11
0.12
0.13
0.14
0.15
0.16
0.17
0.18
0.19
0.2
0.21
0.22
0.23
0.24
0.25
0.26
0.27
0.28
0.29
0.3
0.31
0.32
0.33
0.34
0.35
0.36
0.37
0.38
0.39
0.4
0.41
0.42
0.43
0.44
0.45
0.46
0.47
0.48
0.49
0.5
0.51
0.52
0.53
0.54
0.55
0.56
0.57
0.58
0.59
0.6
0.61
0.62
0.63
0.64
0.65
0.66
0.67
0.68
0.69
0.7
0.71
0.72
0.73
0.74
0.75
0.76
0.77
0.78
0.79
0.8
0.81
0.82
0.83
0.84
0.85
0.86
0.87
0.88
0.89
0.9
0.91
0.92
0.93
0.94
0.95
0.96
0.97
0.98
0.99
1
0
2.48615e-15
8.62301e-14
1.49644e-12
1.73258e-11
1.50568e-10
1.04769e-09
6.08062e-09
3.02792e-08
1.32071e-07
5.12642e-07
1.79305e-06
5.70887e-06
1.66853e-05
4.50838e-05
0.000113302
0.000266238
0.000587637
0.00122329
0.00241052
0.00451109
0.00804157
0.0136924
0.0223254
0.0349402
0.0526045
0.0763489
0.107037
0.14523
0.191063
0.244166
0.303641
0.368101
0.435781
0.504687
0.572777
0.638139
0.699138
0.754529
0.803503
0.845695
0.881133
0.910173
0.933398
0.951527
0.965326
0.975528
0.982772
0.987546
0.990147
0.990645
0.988861
0.984362
0.976473
0.96433
0.94696
0.923396
0.892815
0.854686
0.80889
0.755808
0.696345
0.631891
0.564215
0.495311
0.427222
0.361861
0.300861
0.245471
0.196496
0.154305
0.118865
0.0898212
0.0665856
0.0484282
0.0345612
0.0242057
0.0166402
0.0112304
0.00744249
0.00484412
0.00309729
0.00194588
0.00120148
0.000729258
0.000435221
0.000255448
0.000147488
8.37861e-05
4.6843e-05
2.57792e-05
1.39682e-05
7.4534e-06
3.91741e-06
2.02846e-06
1.035e-06
5.20495e-07
2.58031e-07
1.26123e-07
6.07943e-08
2.89041e-08
