VARIABLEs = X,u
ZONE I=101
datapacking=block
0
0.01
0.02
0.03
0.04
0.05
0.06
0.07
0.08
0.09
0.1
0.11
0.12
0.13
0.14
0.15
0.16
0.17
0.18
0.19
0.2
0.21
0.22
0.23
0.24
0.25
0.26
0.27
0.28
0.29
0.3
0.31
0.32
0.33
0.34
0.35
0.36
0.37
0.38
0.39
0.4
0.41
0.42
0.43
0.44
0.45
0.46
0.47
0.48
0.49
0.5
0.51
0.52
0.53
0.54
0.55
0.56
0.57
0.58
0.59
0.6
0.61
0.62
0.63
0.64
0.65
0.66
0.67
0.68
0.69
0.7
0.71
0.72
0.73
0.74
0.75
0.76
0.77
0.78
0.79
0.8
0.81
0.82
0.83
0.84
0.85
0.86
0.87
0.88
0.89
0.9
0.91
0.92
0.93
0.94
0.95
0.96
0.97
0.98
0.99
1
0
7.46075e-12
1.98935e-10
2.65546e-09
2.36623e-08
1.58367e-07
8.49277e-07
3.80188e-06
1.46156e-05
4.92644e-05
0.000147935
0.000400788
0.00098977
0.00224724
0.00472512
0.00925863
0.0169994
0.0293892
0.0480522
0.0746009
0.110377
0.156175
0.212008
0.276976
0.349287
0.426413
0.505384
0.583133
0.656843
0.724228
0.783708
0.834461
0.876372
0.9099
0.93591
0.955496
0.969823
0.980011
0.987053
0.991772
0.994794
0.99654
0.9972
0.996704
0.99468
0.990411
0.982821
0.970515
0.951898
0.925373
0.88961
0.843818
0.787989
0.723022
0.650713
0.573587
0.494616
0.416867
0.343157
0.275772
0.216292
0.165539
0.123628
0.0901003
0.0640897
0.0445036
0.0301758
0.0199851
0.0129322
0.00817919
0.00505785
0.00305913
0.00181035
0.00104862
0.000594739
0.0003304
0.000179852
9.59635e-05
5.02067e-05
2.5765e-05
1.29734e-05
6.41179e-06
3.11129e-06
1.48277e-06
6.94242e-07
3.19433e-07
1.44479e-07
6.42557e-08
2.81071e-08
1.20958e-08
5.12248e-09
2.13532e-09
8.76378e-10
3.54216e-10
1.41025e-10
5.53189e-11
2.13845e-11
8.14825e-12
3.061e-12
1.13393e-12
4.14302e-13
