VARIABLEs = X,u
ZONE I=101
datapacking=block
0
0.01
0.02
0.03
0.04
0.05
0.06
0.07
0.08
0.09
0.1
0.11
0.12
0.13
0.14
0.15
0.16
0.17
0.18
0.19
0.2
0.21
0.22
0.23
0.24
0.25
0.26
0.27
0.28
0.29
0.3
0.31
0.32
0.33
0.34
0.35
0.36
0.37
0.38
0.39
0.4
0.41
0.42
0.43
0.44
0.45
0.46
0.47
0.48
0.49
0.5
0.51
0.52
0.53
0.54
0.55
0.56
0.57
0.58
0.59
0.6
0.61
0.62
0.63
0.64
0.65
0.66
0.67
0.68
0.69
0.7
0.71
0.72
0.73
0.74
0.75
0.76
0.77
0.78
0.79
0.8
0.81
0.82
0.83
0.84
0.85
0.86
0.87
0.88
0.89
0.9
0.91
0.92
0.93
0.94
0.95
0.96
0.97
0.98
0.99
1
0
1.36556e-17
5.44821e-16
1.08739e-14
1.44764e-13
1.44627e-12
1.15662e-11
7.71325e-11
4.41204e-10
2.2099e-09
9.8469e-09
3.95218e-08
1.44336e-07
4.83665e-07
1.49762e-06
4.31079e-06
1.15948e-05
2.92747e-05
6.96603e-05
0.00015678
0.000334811
0.000680404
0.00131928
0.00244659
0.00434913
0.00742606
0.012203
0.0193336
0.029583
0.0437883
0.0627968
0.0873838
0.11816
0.155477
0.199355
0.249427
0.304935
0.364757
0.427487
0.491534
0.555249
0.617048
0.675527
0.729548
0.778288
0.821265
0.858314
0.889553
0.915316
0.936087
0.952427
0.9649
0.974014
0.980166
0.983593
0.984346
0.982272
0.977015
0.968042
0.95469
0.936243
0.91202
0.881475
0.844302
0.800514
0.750496
0.695021
0.635218
0.572499
0.508458
0.444747
0.38295
0.324471
0.270451
0.22171
0.178731
0.141674
0.110418
0.0846144
0.0637561
0.0472387
0.03442
0.0246665
0.0173877
0.0120581
0.00822762
0.00552464
0.00365121
0.00237546
0.00152164
0.00095985
0.000596352
0.000364994
0.000220106
0.000130802
7.66155e-05
4.42394e-05
2.51867e-05
1.41409e-05
7.83066e-06
4.27771e-06
