VARIABLEs = X,u
ZONE I=101
datapacking=block
0
0.01
0.02
0.03
0.04
0.05
0.06
0.07
0.08
0.09
0.1
0.11
0.12
0.13
0.14
0.15
0.16
0.17
0.18
0.19
0.2
0.21
0.22
0.23
0.24
0.25
0.26
0.27
0.28
0.29
0.3
0.31
0.32
0.33
0.34
0.35
0.36
0.37
0.38
0.39
0.4
0.41
0.42
0.43
0.44
0.45
0.46
0.47
0.48
0.49
0.5
0.51
0.52
0.53
0.54
0.55
0.56
0.57
0.58
0.59
0.6
0.61
0.62
0.63
0.64
0.65
0.66
0.67
0.68
0.69
0.7
0.71
0.72
0.73
0.74
0.75
0.76
0.77
0.78
0.79
0.8
0.81
0.82
0.83
0.84
0.85
0.86
0.87
0.88
0.89
0.9
0.91
0.92
0.93
0.94
0.95
0.96
0.97
0.98
0.99
1
0
0.00670989
0.0403434
0.124554
0.265003
0.440581
0.616107
0.762305
0.86668
0.931895
0.96813
0.986259
0.994513
0.99796
0.999291
0.999768
0.999929
0.999979
0.999994
0.999998
1
1
1
1
1
1
1
1
1
1
1
0.99329
0.959657
0.875446
0.734997
0.559419
0.383893
0.237695
0.13332
0.0681046
0.0318704
0.0137406
0.00548738
0.00204
0.000709211
0.000231526
7.12425e-05
2.07341e-05
5.72526e-06
1.50422e-06
3.7703e-07
9.03712e-08
2.07607e-08
4.58035e-09
9.72363e-10
1.98974e-10
3.93114e-11
7.51029e-12
1.38942e-12
2.49251e-13
4.34117e-14
7.34956e-15
1.21083e-15
1.94324e-16
3.04107e-17
4.64501e-18
6.93096e-19
1.01114e-19
1.44341e-20
2.01768e-21
2.76386e-22
3.71259e-23
4.89348e-24
6.333e-25
8.0521e-26
1.00638e-26
1.2371e-27
1.49644e-28
1.78213e-29
2.09052e-30
2.41656e-31
2.75396e-32
3.09539e-33
3.43277e-34
3.75761e-35
4.0614e-36
4.336e-37
4.57404e-38
4.76925e-39
4.91672e-40
5.01311e-41
5.05675e-42
5.04765e-43
4.98745e-44
4.87923e-45
4.72734e-46
4.53712e-47
4.31463e-48
4.06633e-49
3.79885e-50
3.51872e-51
