VARIABLEs = X,u
ZONE I=101
datapacking=block
0
0.01
0.02
0.03
0.04
0.05
0.06
0.07
0.08
0.09
0.1
0.11
0.12
0.13
0.14
0.15
0.16
0.17
0.18
0.19
0.2
0.21
0.22
0.23
0.24
0.25
0.26
0.27
0.28
0.29
0.3
0.31
0.32
0.33
0.34
0.35
0.36
0.37
0.38
0.39
0.4
0.41
0.42
0.43
0.44
0.45
0.46
0.47
0.48
0.49
0.5
0.51
0.52
0.53
0.54
0.55
0.56
0.57
0.58
0.59
0.6
0.61
0.62
0.63
0.64
0.65
0.66
0.67
0.68
0.69
0.7
0.71
0.72
0.73
0.74
0.75
0.76
0.77
0.78
0.79
0.8
0.81
0.82
0.83
0.84
0.85
0.86
0.87
0.88
0.89
0.9
0.91
0.92
0.93
0.94
0.95
0.96
0.97
0.98
0.99
1
0
5.56628e-23
2.91274e-21
7.623e-20
1.33041e-18
1.74195e-17
1.82522e-16
1.59426e-15
1.19402e-14
7.82778e-14
4.56335e-13
2.39527e-12
1.14347e-11
5.0062e-11
2.02416e-10
7.60366e-10
2.66733e-09
8.77717e-09
2.72001e-08
7.96608e-08
2.21175e-07
5.83804e-07
1.46873e-06
3.52996e-06
8.12207e-06
1.79258e-05
3.80176e-05
7.76079e-05
0.000152727
0.00029016
0.000532919
0.000947411
0.00163227
0.00272843
0.00442969
0.00699231
0.010742
0.0160761
0.0234586
0.0334072
0.0464696
0.0631912
0.0840746
0.109534
0.139849
0.175127
0.215264
0.259939
0.308606
0.360515
0.414752
0.470289
0.526041
0.580931
0.633951
0.684215
0.730993
0.773738
0.812093
0.845879
0.875075
0.899782
0.920183
0.9365
0.948951
0.957711
0.962881
0.964467
0.962374
0.956408
0.946302
0.931743
0.91242
0.88807
0.858533
0.823795
0.784025
0.739598
0.691097
0.639296
0.585129
0.529636
0.473913
0.419038
0.366024
0.315757
0.268964
0.226181
0.187752
0.153829
0.124391
0.0992704
0.078185
0.060772
0.0466196
0.0352969
0.0263773
0.0194569
0.0141678
0.0101847
0.00722851
