VARIABLEs = X,u
ZONE I=101
datapacking=block
0
0.01
0.02
0.03
0.04
0.05
0.06
0.07
0.08
0.09
0.1
0.11
0.12
0.13
0.14
0.15
0.16
0.17
0.18
0.19
0.2
0.21
0.22
0.23
0.24
0.25
0.26
0.27
0.28
0.29
0.3
0.31
0.32
0.33
0.34
0.35
0.36
0.37
0.38
0.39
0.4
0.41
0.42
0.43
0.44
0.45
0.46
0.47
0.48
0.49
0.5
0.51
0.52
0.53
0.54
0.55
0.56
0.57
0.58
0.59
0.6
0.61
0.62
0.63
0.64
0.65
0.66
0.67
0.68
0.69
0.7
0.71
0.72
0.73
0.74
0.75
0.76
0.77
0.78
0.79
0.8
0.81
0.82
0.83
0.84
0.85
0.86
0.87
0.88
0.89
0.9
0.91
0.92
0.93
0.94
0.95
0.96
0.97
0.98
0.99
1
0
0.0222999
0.107252
0.268853
0.473591
0.668012
0.815671
0.909131
0.959856
0.983965
0.99416
0.998047
0.999396
0.999826
0.999953
0.999988
0.999997
0.999999
1
1
1
1
1
1
1
1
1
1
1
1
1
0.9777
0.892748
0.731147
0.526409
0.331988
0.184329
0.0908688
0.0401435
0.0160354
0.0058395
0.00195299
0.000603819
0.000173591
4.66469e-05
1.17708e-05
2.80086e-06
6.30814e-07
1.34931e-07
2.74954e-08
5.35258e-09
9.98018e-10
1.78652e-10
3.07688e-11
5.10878e-12
8.19278e-13
1.27116e-13
1.91123e-14
2.78881e-15
3.95475e-16
5.45727e-17
7.33697e-18
9.62136e-19
1.23197e-19
1.54184e-20
1.88786e-21
2.26349e-22
2.65966e-23
3.06521e-24
3.46743e-25
3.85278e-26
4.20779e-27
4.51984e-28
4.77797e-29
4.97353e-30
5.10063e-31
5.15638e-32
5.14096e-33
5.05736e-34
4.9111e-35
4.70971e-36
4.46217e-37
4.17834e-38
3.86837e-39
3.5422e-40
3.20912e-41
2.87745e-42
2.5543e-43
2.24548e-44
1.95543e-45
1.68729e-46
1.443e-47
1.22343e-48
1.02857e-49
8.57692e-51
7.09526e-52
5.82422e-53
4.74492e-54
3.83732e-55
3.08118e-56
2.45684e-57
