VARIABLEs = X,u
ZONE I=101
datapacking=block
0
0.01
0.02
0.03
0.04
0.05
0.06
0.07
0.08
0.09
0.1
0.11
0.12
0.13
0.14
0.15
0.16
0.17
0.18
0.19
0.2
0.21
0.22
0.23
0.24
0.25
0.26
0.27
0.28
0.29
0.3
0.31
0.32
0.33
0.34
0.35
0.36
0.37
0.38
0.39
0.4
0.41
0.42
0.43
0.44
0.45
0.46
0.47
0.48
0.49
0.5
0.51
0.52
0.53
0.54
0.55
0.56
0.57
0.58
0.59
0.6
0.61
0.62
0.63
0.64
0.65
0.66
0.67
0.68
0.69
0.7
0.71
0.72
0.73
0.74
0.75
0.76
0.77
0.78
0.79
0.8
0.81
0.82
0.83
0.84
0.85
0.86
0.87
0.88
0.89
0.9
0.91
0.92
0.93
0.94
0.95
0.96
0.97
0.98
0.99
1
0
9.07778e-06
0.000114644
0.000728197
0.00310459
0.0100052
0.0260307
0.0570356
0.108439
0.182995
0.279097
0.39057
0.508108
0.621706
0.723047
0.806999
0.871912
0.91897
0.951083
0.971782
0.984425
0.991763
0.99582
0.997962
0.999044
0.999568
0.999812
0.999921
0.999968
0.999987
0.999995
0.999989
0.999885
0.999272
0.996895
0.989995
0.973969
0.942964
0.891561
0.817005
0.720903
0.60943
0.491892
0.378294
0.276953
0.193001
0.128088
0.0810297
0.0489171
0.0282176
0.0155746
0.00823683
0.00417978
0.00203794
0.00095598
0.000432002
0.000188293
7.9251e-05
3.22468e-05
1.26983e-05
4.84422e-06
1.79202e-06
6.43436e-07
2.24437e-07
7.61159e-08
2.51186e-08
8.0721e-09
2.52793e-09
7.72033e-10
2.30084e-10
6.69567e-11
1.90381e-11
5.29213e-12
1.43899e-12
3.82946e-13
9.9792e-14
2.5477e-14
6.37532e-15
1.56443e-15
3.76622e-16
8.89884e-17
2.06452e-17
4.70472e-18
1.05353e-18
2.31907e-19
5.01991e-20
1.06891e-20
2.23972e-21
4.61951e-22
9.38174e-23
1.87667e-23
3.69863e-24
7.18393e-25
1.37554e-25
2.59713e-26
4.83654e-27
8.88603e-28
1.61109e-28
2.8832e-29
5.09419e-30
8.88829e-31
