VARIABLEs = X,u
ZONE I=101
datapacking=block
0
0.01
0.02
0.03
0.04
0.05
0.06
0.07
0.08
0.09
0.1
0.11
0.12
0.13
0.14
0.15
0.16
0.17
0.18
0.19
0.2
0.21
0.22
0.23
0.24
0.25
0.26
0.27
0.28
0.29
0.3
0.31
0.32
0.33
0.34
0.35
0.36
0.37
0.38
0.39
0.4
0.41
0.42
0.43
0.44
0.45
0.46
0.47
0.48
0.49
0.5
0.51
0.52
0.53
0.54
0.55
0.56
0.57
0.58
0.59
0.6
0.61
0.62
0.63
0.64
0.65
0.66
0.67
0.68
0.69
0.7
0.71
0.72
0.73
0.74
0.75
0.76
0.77
0.78
0.79
0.8
0.81
0.82
0.83
0.84
0.85
0.86
0.87
0.88
0.89
0.9
0.91
0.92
0.93
0.94
0.95
0.96
0.97
0.98
0.99
1
0
0.00110747
0.00865716
0.0343715
0.0927238
0.191984
0.327006
0.480017
0.628612
0.754871
0.850233
0.915064
0.955142
0.977861
0.989755
0.99554
0.998167
0.999287
0.999737
0.999908
0.999969
0.99999
0.999997
0.999999
1
1
1
1
1
1
1
0.998893
0.991343
0.965629
0.907276
0.808016
0.672994
0.519983
0.371388
0.245129
0.149767
0.0849359
0.0448577
0.0221386
0.0102451
0.00446035
0.00183257
0.000712634
0.000263008
9.23566e-05
3.09306e-05
9.90098e-06
3.03543e-06
8.92963e-07
2.52513e-07
6.87517e-08
1.80509e-08
4.57675e-09
1.12212e-09
2.66378e-10
6.12986e-11
1.36894e-11
2.97001e-12
6.26628e-13
1.28692e-13
2.57496e-14
5.02389e-15
9.5656e-16
1.77878e-16
3.23287e-17
5.74667e-18
9.99758e-19
1.70335e-19
2.84384e-20
4.65537e-21
7.47644e-22
1.17858e-22
1.82461e-23
2.77552e-24
4.15035e-25
6.10368e-26
8.8319e-27
1.25793e-27
1.7643e-28
2.43766e-29
3.31913e-30
4.45534e-31
5.89788e-32
7.70223e-33
9.92624e-34
1.26281e-34
1.58638e-35
1.96843e-36
2.41324e-37
2.92395e-38
3.50222e-39
4.14795e-40
4.859e-41
5.63105e-42
6.45749e-43
7.3294e-44
