VARIABLEs = X,u
ZONE I=101
datapacking=block
0
0.01
0.02
0.03
0.04
0.05
0.06
0.07
0.08
0.09
0.1
0.11
0.12
0.13
0.14
0.15
0.16
0.17
0.18
0.19
0.2
0.21
0.22
0.23
0.24
0.25
0.26
0.27
0.28
0.29
0.3
0.31
0.32
0.33
0.34
0.35
0.36
0.37
0.38
0.39
0.4
0.41
0.42
0.43
0.44
0.45
0.46
0.47
0.48
0.49
0.5
0.51
0.52
0.53
0.54
0.55
0.56
0.57
0.58
0.59
0.6
0.61
0.62
0.63
0.64
0.65
0.66
0.67
0.68
0.69
0.7
0.71
0.72
0.73
0.74
0.75
0.76
0.77
0.78
0.79
0.8
0.81
0.82
0.83
0.84
0.85
0.86
0.87
0.88
0.89
0.9
0.91
0.92
0.93
0.94
0.95
0.96
0.97
0.98
0.99
1
0
9.17496e-22
4.54356e-20
1.12536e-18
1.85883e-17
2.30355e-16
2.28457e-15
1.88885e-14
1.33913e-13
8.31083e-13
4.58682e-12
2.27946e-11
1.03034e-10
4.27149e-10
1.63555e-09
5.81869e-09
1.93332e-08
6.02627e-08
1.7692e-07
4.90924e-07
1.29158e-06
3.23093e-06
7.70442e-06
1.75538e-05
3.82952e-05
8.01516e-05
0.000161235
0.00031226
0.000583123
0.00105154
0.00183365
0.00309591
0.00506732
0.00804994
0.0124256
0.0186557
0.0272728
0.0388597
0.0540186
0.0733281
0.0972935
0.126293
0.160528
0.19998
0.244387
0.293233
0.345769
0.401044
0.457963
0.515353
0.572037
0.626903
0.678967
0.727418
0.77165
0.811271
0.846092
0.876107
0.90145
0.922356
0.939109
0.951993
0.961247
0.967027
0.969385
0.968248
0.963424
0.95462
0.941471
0.923593
0.900632
0.872327
0.838566
0.799432
0.755237
0.706529
0.654082
0.598864
0.541981
0.484613
0.427942
0.373082
0.321019
0.272561
0.228309
0.188647
0.153746
0.123581
0.0979669
0.0765921
0.0590569
0.044911
0.0336862
0.0249226
0.0181891
0.0130961
0.00930299
0.00652077
0.00451041
0.00307908
0.00207474
