VARIABLEs = X,u
ZONE I=101
datapacking=block
0
0.01
0.02
0.03
0.04
0.05
0.06
0.07
0.08
0.09
0.1
0.11
0.12
0.13
0.14
0.15
0.16
0.17
0.18
0.19
0.2
0.21
0.22
0.23
0.24
0.25
0.26
0.27
0.28
0.29
0.3
0.31
0.32
0.33
0.34
0.35
0.36
0.37
0.38
0.39
0.4
0.41
0.42
0.43
0.44
0.45
0.46
0.47
0.48
0.49
0.5
0.51
0.52
0.53
0.54
0.55
0.56
0.57
0.58
0.59
0.6
0.61
0.62
0.63
0.64
0.65
0.66
0.67
0.68
0.69
0.7
0.71
0.72
0.73
0.74
0.75
0.76
0.77
0.78
0.79
0.8
0.81
0.82
0.83
0.84
0.85
0.86
0.87
0.88
0.89
0.9
0.91
0.92
0.93
0.94
0.95
0.96
0.97
0.98
0.99
1
0
7.43101e-06
9.53368e-05
0.00061506
0.00266277
0.00871159
0.0230014
0.0511256
0.0985585
0.168542
0.260309
0.368592
0.484736
0.598922
0.702547
0.789869
0.858551
0.9092
0.944357
0.967409
0.981731
0.990185
0.99494
0.997493
0.998805
0.999451
0.999757
0.999896
0.999957
0.999983
0.999993
0.99999
0.999904
0.999385
0.997337
0.991288
0.976999
0.948874
0.901442
0.831458
0.739691
0.631408
0.515264
0.401078
0.297453
0.210131
0.141449
0.0908
0.0556427
0.032591
0.0182694
0.00981467
0.00505991
0.00250672
0.0011949
0.000548746
0.00024308
0.000103985
4.30051e-05
1.7213e-05
6.67457e-06
2.50979e-06
9.16004e-07
3.24777e-07
1.1196e-07
3.7556e-08
1.22677e-08
3.90505e-09
1.2122e-09
3.67195e-10
1.08609e-10
3.13868e-11
8.86736e-12
2.45047e-12
6.62742e-13
1.75511e-13
4.55351e-14
1.15791e-14
2.88727e-15
7.06283e-16
1.69564e-16
3.99693e-17
9.2541e-18
2.10533e-18
4.70809e-19
1.0353e-19
2.23938e-20
4.76629e-21
9.98532e-22
2.05973e-22
4.18461e-23
8.37578e-24
1.65213e-24
3.21244e-25
6.159e-26
1.16462e-26
2.17256e-27
3.9992e-28
7.26603e-29
1.3033e-29
2.3084e-30
