VARIABLEs = X,u
ZONE I=101
datapacking=block
0
0.01
0.02
0.03
0.04
0.05
0.06
0.07
0.08
0.09
0.1
0.11
0.12
0.13
0.14
0.15
0.16
0.17
0.18
0.19
0.2
0.21
0.22
0.23
0.24
0.25
0.26
0.27
0.28
0.29
0.3
0.31
0.32
0.33
0.34
0.35
0.36
0.37
0.38
0.39
0.4
0.41
0.42
0.43
0.44
0.45
0.46
0.47
0.48
0.49
0.5
0.51
0.52
0.53
0.54
0.55
0.56
0.57
0.58
0.59
0.6
0.61
0.62
0.63
0.64
0.65
0.66
0.67
0.68
0.69
0.7
0.71
0.72
0.73
0.74
0.75
0.76
0.77
0.78
0.79
0.8
0.81
0.82
0.83
0.84
0.85
0.86
0.87
0.88
0.89
0.9
0.91
0.92
0.93
0.94
0.95
0.96
0.97
0.98
0.99
1
0
1.3547e-05
0.000165653
0.0010192
0.00421105
0.0131597
0.0332238
0.0707018
0.130692
0.214696
0.319238
0.436316
0.555503
0.666719
0.762514
0.839136
0.89634
0.936382
0.962766
0.979189
0.988875
0.994303
0.997202
0.99868
0.999401
0.999738
0.99989
0.999955
0.999982
0.999993
0.999998
0.999986
0.999834
0.998981
0.995789
0.98684
0.966776
0.929298
0.869308
0.785304
0.680762
0.563684
0.444497
0.333281
0.237486
0.160864
0.10366
0.0636182
0.0372338
0.0208114
0.0111253
0.00569663
0.00279803
0.00132018
0.000599176
0.000261934
0.000110431
4.49546e-05
1.76905e-05
6.73689e-06
2.48533e-06
8.8908e-07
3.08701e-07
1.04127e-07
3.41493e-08
1.08981e-08
3.38688e-09
1.02577e-09
3.02978e-10
8.73314e-11
2.45815e-11
6.76069e-12
1.81792e-12
4.78196e-13
1.23117e-13
3.10412e-14
7.66805e-15
1.8568e-15
4.40938e-16
1.02735e-16
2.34951e-17
5.27628e-18
1.16398e-18
2.52348e-19
5.37835e-20
1.12733e-20
2.32465e-21
4.71753e-22
9.4246e-23
1.85413e-23
3.59317e-24
6.86128e-25
1.29136e-25
2.39622e-26
4.38488e-27
7.91511e-28
1.40972e-28
2.47798e-29
4.29983e-30
7.36713e-31
1.24663e-31
