VARIABLEs = X,u
ZONE I=101
datapacking=block
0
0.01
0.02
0.03
0.04
0.05
0.06
0.07
0.08
0.09
0.1
0.11
0.12
0.13
0.14
0.15
0.16
0.17
0.18
0.19
0.2
0.21
0.22
0.23
0.24
0.25
0.26
0.27
0.28
0.29
0.3
0.31
0.32
0.33
0.34
0.35
0.36
0.37
0.38
0.39
0.4
0.41
0.42
0.43
0.44
0.45
0.46
0.47
0.48
0.49
0.5
0.51
0.52
0.53
0.54
0.55
0.56
0.57
0.58
0.59
0.6
0.61
0.62
0.63
0.64
0.65
0.66
0.67
0.68
0.69
0.7
0.71
0.72
0.73
0.74
0.75
0.76
0.77
0.78
0.79
0.8
0.81
0.82
0.83
0.84
0.85
0.86
0.87
0.88
0.89
0.9
0.91
0.92
0.93
0.94
0.95
0.96
0.97
0.98
0.99
1
0
5.50732e-07
8.50114e-06
6.58677e-05
0.000341732
0.00133637
0.00420452
0.011095
0.0252808
0.05083
0.091725
0.150628
0.227746
0.320289
0.42279
0.528205
0.629387
0.720434
0.797545
0.859225
0.90597
0.939627
0.962709
0.977821
0.987287
0.99297
0.996246
0.998063
0.999033
0.999532
0.999781
0.9999
0.999947
0.999915
0.99965
0.99866
0.995794
0.988904
0.974719
0.94917
0.908275
0.849372
0.772254
0.679711
0.57721
0.471795
0.370613
0.279566
0.202455
0.140775
0.0940303
0.0603733
0.0372911
0.0221786
0.0127128
0.00702986
0.00375379
0.00193744
0.000967464
0.000467829
0.000219267
9.96937e-05
4.40082e-05
1.88763e-05
7.87323e-06
3.19567e-06
1.26315e-06
4.86545e-07
1.82749e-07
6.69761e-08
2.39652e-08
8.377e-09
2.8621e-09
9.56316e-10
3.12652e-10
1.00064e-10
3.13662e-11
9.63404e-12
2.90075e-12
8.56548e-13
2.48148e-13
7.05606e-14
1.97001e-14
5.40249e-15
1.45576e-15
3.85577e-16
1.00415e-16
2.57215e-17
6.48242e-18
1.60789e-18
3.92627e-19
9.44134e-20
2.23633e-20
5.21923e-21
1.20049e-21
2.72207e-22
6.0861e-23
1.34209e-23
2.91963e-24
6.26727e-25
1.32778e-25
