VARIABLEs = X,u
ZONE I=101
datapacking=block
0
0.01
0.02
0.03
0.04
0.05
0.06
0.07
0.08
0.09
0.1
0.11
0.12
0.13
0.14
0.15
0.16
0.17
0.18
0.19
0.2
0.21
0.22
0.23
0.24
0.25
0.26
0.27
0.28
0.29
0.3
0.31
0.32
0.33
0.34
0.35
0.36
0.37
0.38
0.39
0.4
0.41
0.42
0.43
0.44
0.45
0.46
0.47
0.48
0.49
0.5
0.51
0.52
0.53
0.54
0.55
0.56
0.57
0.58
0.59
0.6
0.61
0.62
0.63
0.64
0.65
0.66
0.67
0.68
0.69
0.7
0.71
0.72
0.73
0.74
0.75
0.76
0.77
0.78
0.79
0.8
0.81
0.82
0.83
0.84
0.85
0.86
0.87
0.88
0.89
0.9
0.91
0.92
0.93
0.94
0.95
0.96
0.97
0.98
0.99
1
0
1.50029e-08
2.85732e-07
2.72772e-06
1.74084e-05
8.35851e-05
0.000322175
0.00103885
0.0028837
0.00703828
0.0153533
0.0303288
0.0548443
0.0916283
0.142569
0.208071
0.286675
0.3751
0.468717
0.562323
0.65099
0.730779
0.799162
0.855106
0.898886
0.931722
0.955365
0.971737
0.982655
0.989677
0.994037
0.996655
0.998177
0.999031
0.999484
0.999666
0.999555
0.998903
0.997089
0.992949
0.984641
0.969669
0.945155
0.908371
0.85743
0.791929
0.713325
0.6249
0.531283
0.437677
0.34901
0.269221
0.200838
0.144894
0.101114
0.0682785
0.0446346
0.0282627
0.0173449
0.0103234
0.00596282
0.00334461
0.00182303
0.000966232
0.000498299
0.000250204
0.000122395
5.83659e-05
2.71478e-05
1.23236e-05
5.46265e-06
2.36573e-06
1.00148e-06
4.14625e-07
1.67961e-07
6.66046e-08
2.58664e-08
9.84219e-09
3.67073e-09
1.34244e-09
4.816e-10
1.69548e-10
5.85963e-11
1.98872e-11
6.63061e-12
2.17246e-12
6.99692e-13
2.21593e-13
6.90285e-14
2.11569e-14
6.38192e-15
1.89515e-15
5.54176e-16
1.59615e-16
4.52933e-17
1.26659e-17
3.49123e-18
9.48782e-19
2.54272e-19
6.72153e-20
1.75295e-20
