VARIABLEs = X,u
ZONE I=101
datapacking=block
0
0.01
0.02
0.03
0.04
0.05
0.06
0.07
0.08
0.09
0.1
0.11
0.12
0.13
0.14
0.15
0.16
0.17
0.18
0.19
0.2
0.21
0.22
0.23
0.24
0.25
0.26
0.27
0.28
0.29
0.3
0.31
0.32
0.33
0.34
0.35
0.36
0.37
0.38
0.39
0.4
0.41
0.42
0.43
0.44
0.45
0.46
0.47
0.48
0.49
0.5
0.51
0.52
0.53
0.54
0.55
0.56
0.57
0.58
0.59
0.6
0.61
0.62
0.63
0.64
0.65
0.66
0.67
0.68
0.69
0.7
0.71
0.72
0.73
0.74
0.75
0.76
0.77
0.78
0.79
0.8
0.81
0.82
0.83
0.84
0.85
0.86
0.87
0.88
0.89
0.9
0.91
0.92
0.93
0.94
0.95
0.96
0.97
0.98
0.99
1
0
1.36193e-13
4.17761e-12
6.41303e-11
6.56949e-10
5.05265e-09
3.11237e-08
1.59962e-07
7.05621e-07
2.72747e-06
9.38582e-06
2.91179e-05
8.22721e-05
0.000213511
0.000512587
0.00114539
0.00239495
0.00470794
0.00873721
0.0153658
0.0256959
0.0409885
0.0625483
0.0915603
0.128901
0.174958
0.22949
0.291573
0.35963
0.431573
0.504999
0.57744
0.646604
0.710575
0.767951
0.817898
0.860138
0.894867
0.922651
0.944293
0.960714
0.972854
0.98158
0.987638
0.991601
0.993836
0.994474
0.993376
0.990113
0.983957
0.973912
0.958789
0.937328
0.908372
0.871062
0.825023
0.7705
0.708422
0.640367
0.568425
0.495
0.422559
0.353396
0.289425
0.232049
0.182102
0.139862
0.105132
0.0773481
0.0557046
0.0392761
0.0271174
0.0183376
0.0121484
0.00788662
0.00501846
0.00313097
0.00191575
0.00114993
0.000677336
0.000391612
0.000222306
0.00012394
6.78826e-05
3.65349e-05
1.93275e-05
1.00526e-05
5.14198e-06
2.58725e-06
1.28088e-06
6.24097e-07
2.99342e-07
1.41371e-07
6.57544e-08
3.01273e-08
1.36007e-08
6.05089e-09
2.65354e-09
1.14727e-09
4.89137e-10
2.05684e-10
