VARIABLEs = X,u
ZONE I=101
datapacking=block
0
0.01
0.02
0.03
0.04
0.05
0.06
0.07
0.08
0.09
0.1
0.11
0.12
0.13
0.14
0.15
0.16
0.17
0.18
0.19
0.2
0.21
0.22
0.23
0.24
0.25
0.26
0.27
0.28
0.29
0.3
0.31
0.32
0.33
0.34
0.35
0.36
0.37
0.38
0.39
0.4
0.41
0.42
0.43
0.44
0.45
0.46
0.47
0.48
0.49
0.5
0.51
0.52
0.53
0.54
0.55
0.56
0.57
0.58
0.59
0.6
0.61
0.62
0.63
0.64
0.65
0.66
0.67
0.68
0.69
0.7
0.71
0.72
0.73
0.74
0.75
0.76
0.77
0.78
0.79
0.8
0.81
0.82
0.83
0.84
0.85
0.86
0.87
0.88
0.89
0.9
0.91
0.92
0.93
0.94
0.95
0.96
0.97
0.98
0.99
1
0
5.55148e-19
2.39298e-17
5.15969e-16
7.42016e-15
8.00705e-14
6.91582e-13
4.98046e-12
3.07609e-11
1.66342e-10
8.00087e-10
3.4659e-09
1.36591e-08
4.93835e-08
1.64946e-07
5.12043e-07
1.48498e-06
4.04152e-06
1.03636e-05
2.51278e-05
5.77905e-05
0.000126432
0.000263804
0.000526218
0.00100567
0.0018451
0.00325595
0.00553587
0.00908358
0.0144066
0.0221177
0.0329154
0.0475468
0.0667531
0.0911997
0.121401
0.157643
0.199927
0.247925
0.300974
0.358103
0.418085
0.479527
0.540965
0.600971
0.658246
0.711699
0.7605
0.804103
0.842245
0.874918
0.902322
0.92481
0.942822
0.956826
0.967252
0.974445
0.978619
0.979828
0.97795
0.972692
0.963612
0.950164
0.931759
0.907848
0.877998
0.841982
0.799843
0.751936
0.698943
0.641848
0.581887
0.520457
0.459025
0.399023
0.34175
0.288298
0.239495
0.195886
0.157729
0.125024
0.0975513
0.0749264
0.0566516
0.0421687
0.0309031
0.0222992
0.0158452
0.0110887
0.00764354
0.00519036
0.00347257
0.00228939
0.00148753
0.000952712
0.000601547
0.000374506
0.00022993
0.000139236
8.3174e-05
4.90203e-05
