VARIABLEs = X,u
ZONE I=101
datapacking=block
0
0.01
0.02
0.03
0.04
0.05
0.06
0.07
0.08
0.09
0.1
0.11
0.12
0.13
0.14
0.15
0.16
0.17
0.18
0.19
0.2
0.21
0.22
0.23
0.24
0.25
0.26
0.27
0.28
0.29
0.3
0.31
0.32
0.33
0.34
0.35
0.36
0.37
0.38
0.39
0.4
0.41
0.42
0.43
0.44
0.45
0.46
0.47
0.48
0.49
0.5
0.51
0.52
0.53
0.54
0.55
0.56
0.57
0.58
0.59
0.6
0.61
0.62
0.63
0.64
0.65
0.66
0.67
0.68
0.69
0.7
0.71
0.72
0.73
0.74
0.75
0.76
0.77
0.78
0.79
0.8
0.81
0.82
0.83
0.84
0.85
0.86
0.87
0.88
0.89
0.9
0.91
0.92
0.93
0.94
0.95
0.96
0.97
0.98
0.99
1
0
3.71013e-15
1.27195e-13
2.18188e-12
2.49706e-11
2.14508e-10
1.47546e-09
8.46529e-09
4.16723e-08
1.79694e-07
6.89569e-07
2.38457e-06
7.50654e-06
2.16928e-05
5.79585e-05
0.000144037
0.000334711
0.000730644
0.00150437
0.00293226
0.00542852
0.00957403
0.0161302
0.0260269
0.0403159
0.060086
0.0863443
0.119877
0.161113
0.210008
0.265984
0.32793
0.394268
0.46309
0.532325
0.599925
0.664044
0.723172
0.776223
0.822571
0.862025
0.894769
0.921281
0.942229
0.958379
0.970507
0.979329
0.98544
0.989264
0.991016
0.990676
0.987963
0.98234
0.973039
0.959123
0.939583
0.913464
0.880013
0.838825
0.789958
0.733997
0.67206
0.605727
0.536907
0.467674
0.400074
0.335955
0.276828
0.223776
0.177428
0.137974
0.105228
0.0787112
0.0577492
0.0415633
0.0293489
0.0203358
0.0138294
0.00923212
0.00605131
0.00389531
0.00246308
0.00153023
0.000934286
0.000560723
0.000330875
0.000192012
0.000109607
6.156e-05
3.40254e-05
1.85119e-05
9.91603e-06
5.23066e-06
2.71769e-06
1.3911e-06
7.01651e-07
3.48799e-07
1.70926e-07
8.25851e-08
3.93495e-08
1.84927e-08
