VARIABLEs = X,u
ZONE I=101
datapacking=block
0
0.01
0.02
0.03
0.04
0.05
0.06
0.07
0.08
0.09
0.1
0.11
0.12
0.13
0.14
0.15
0.16
0.17
0.18
0.19
0.2
0.21
0.22
0.23
0.24
0.25
0.26
0.27
0.28
0.29
0.3
0.31
0.32
0.33
0.34
0.35
0.36
0.37
0.38
0.39
0.4
0.41
0.42
0.43
0.44
0.45
0.46
0.47
0.48
0.49
0.5
0.51
0.52
0.53
0.54
0.55
0.56
0.57
0.58
0.59
0.6
0.61
0.62
0.63
0.64
0.65
0.66
0.67
0.68
0.69
0.7
0.71
0.72
0.73
0.74
0.75
0.76
0.77
0.78
0.79
0.8
0.81
0.82
0.83
0.84
0.85
0.86
0.87
0.88
0.89
0.9
0.91
0.92
0.93
0.94
0.95
0.96
0.97
0.98
0.99
1
0
1.84992e-22
9.45778e-21
2.41835e-19
4.12373e-18
5.27547e-17
5.40094e-16
4.60948e-15
3.37328e-14
2.16089e-13
1.23097e-12
6.31385e-12
2.94547e-11
1.26021e-10
4.97962e-10
1.82813e-09
6.26772e-09
2.01583e-08
6.10595e-08
1.74796e-07
4.74404e-07
1.22413e-06
3.01077e-06
7.07466e-06
1.59159e-05
3.43483e-05
7.12371e-05
0.00014222
0.000273741
0.00050872
0.00091404
0.00158985
0.00268028
0.00438463
0.00696773
0.0107674
0.0161967
0.0237388
0.0339325
0.047347
0.0645469
0.0860485
0.112272
0.143491
0.179793
0.221046
0.266882
0.316703
0.369702
0.424907
0.481236
0.537562
0.59278
0.645869
0.695946
0.742301
0.78442
0.821987
0.854871
0.883098
0.906812
0.926237
0.941622
0.953206
0.96117
0.965611
0.966522
0.963783
0.957175
0.946398
0.931109
0.910973
0.885712
0.855161
0.819317
0.778374
0.732744
0.68306
0.630149
0.575
0.518706
0.462402
0.407196
0.354111
0.304031
0.25766
0.215506
0.177869
0.144854
0.116393
0.0922737
0.0721735
0.0556972
0.0424091
0.0318621
0.0236213
0.0172815
0.0124778
0.00889225
0.00625525
0.00434389
