VARIABLEs = X,u
ZONE I=101
datapacking=block
0
0.01
0.02
0.03
0.04
0.05
0.06
0.07
0.08
0.09
0.1
0.11
0.12
0.13
0.14
0.15
0.16
0.17
0.18
0.19
0.2
0.21
0.22
0.23
0.24
0.25
0.26
0.27
0.28
0.29
0.3
0.31
0.32
0.33
0.34
0.35
0.36
0.37
0.38
0.39
0.4
0.41
0.42
0.43
0.44
0.45
0.46
0.47
0.48
0.49
0.5
0.51
0.52
0.53
0.54
0.55
0.56
0.57
0.58
0.59
0.6
0.61
0.62
0.63
0.64
0.65
0.66
0.67
0.68
0.69
0.7
0.71
0.72
0.73
0.74
0.75
0.76
0.77
0.78
0.79
0.8
0.81
0.82
0.83
0.84
0.85
0.86
0.87
0.88
0.89
0.9
0.91
0.92
0.93
0.94
0.95
0.96
0.97
0.98
0.99
1
0
3.69043e-07
5.84457e-06
4.64513e-05
0.000247149
0.000990887
0.00319519
0.00863813
0.0201555
0.0414757
0.0765509
0.128477
0.198351
0.284533
0.382643
0.486347
0.588654
0.683271
0.76563
0.833338
0.886074
0.925098
0.952603
0.97111
0.983023
0.990373
0.994728
0.997208
0.99857
0.99929
0.999659
0.99984
0.999922
0.999922
0.999739
0.999003
0.996803
0.991361
0.979844
0.958524
0.923449
0.871523
0.801649
0.715467
0.617357
0.513653
0.411346
0.316729
0.23437
0.166662
0.113926
0.0749017
0.0473967
0.0288897
0.0169767
0.0096267
0.00527248
0.0027917
0.00143032
0.000709742
0.000341387
0.000159309
7.21826e-05
3.17811e-05
1.36075e-05
5.66991e-06
2.30075e-06
9.09803e-07
3.50827e-07
1.32001e-07
4.84904e-08
1.74013e-08
6.10368e-09
2.09371e-09
7.02716e-10
2.30884e-10
7.42953e-11
2.34252e-11
7.24016e-12
2.19453e-12
6.52587e-13
1.90464e-13
5.45792e-14
1.53619e-14
4.24831e-15
1.15476e-15
3.08618e-16
8.11218e-17
2.09788e-17
5.33925e-18
1.33772e-18
3.30033e-19
8.02006e-20
1.92019e-20
4.53072e-21
1.0538e-21
2.41671e-22
5.46601e-23
1.21954e-23
2.68473e-24
5.83282e-25
