VARIABLEs = X,u
ZONE I=101
datapacking=block
0
0.01
0.02
0.03
0.04
0.05
0.06
0.07
0.08
0.09
0.1
0.11
0.12
0.13
0.14
0.15
0.16
0.17
0.18
0.19
0.2
0.21
0.22
0.23
0.24
0.25
0.26
0.27
0.28
0.29
0.3
0.31
0.32
0.33
0.34
0.35
0.36
0.37
0.38
0.39
0.4
0.41
0.42
0.43
0.44
0.45
0.46
0.47
0.48
0.49
0.5
0.51
0.52
0.53
0.54
0.55
0.56
0.57
0.58
0.59
0.6
0.61
0.62
0.63
0.64
0.65
0.66
0.67
0.68
0.69
0.7
0.71
0.72
0.73
0.74
0.75
0.76
0.77
0.78
0.79
0.8
0.81
0.82
0.83
0.84
0.85
0.86
0.87
0.88
0.89
0.9
0.91
0.92
0.93
0.94
0.95
0.96
0.97
0.98
0.99
1
0
1.11042e-07
1.89217e-06
1.61725e-05
9.24787e-05
0.0003982
0.00137785
0.00399321
0.00997668
0.0219523
0.0432539
0.0773498
0.126956
0.193108
0.274528
0.367576
0.466817
0.566045
0.659421
0.74241
0.812285
0.86818
0.910764
0.941736
0.963285
0.977655
0.986855
0.992519
0.995879
0.9978
0.998861
0.999428
0.999719
0.999851
0.999846
0.999574
0.99861
0.996002
0.990021
0.978047
0.956746
0.92265
0.873043
0.806892
0.725472
0.632424
0.533183
0.433955
0.340579
0.25759
0.187715
0.13182
0.0892355
0.0582635
0.0367148
0.0223454
0.0131454
0.00748072
0.00412147
0.00220014
0.0011389
0.000572139
0.000279143
0.000132369
6.1051e-05
2.74062e-05
1.19825e-05
5.1059e-06
2.12174e-06
8.6034e-07
3.4061e-07
1.31734e-07
4.97993e-08
1.84103e-08
6.65925e-09
2.35791e-09
8.17647e-10
2.77803e-10
9.25184e-11
3.02147e-11
9.68017e-12
3.04362e-12
9.39516e-13
2.84826e-13
8.48344e-14
2.48328e-14
7.14638e-15
2.02251e-15
5.63081e-16
1.54262e-16
4.15987e-17
1.10448e-17
2.88807e-18
7.43955e-19
1.88837e-19
4.72429e-20
1.16521e-20
2.83391e-21
6.7981e-22
1.60881e-22
3.75692e-23
