VARIABLEs = X,u
ZONE I=101
datapacking=block
0
0.01
0.02
0.03
0.04
0.05
0.06
0.07
0.08
0.09
0.1
0.11
0.12
0.13
0.14
0.15
0.16
0.17
0.18
0.19
0.2
0.21
0.22
0.23
0.24
0.25
0.26
0.27
0.28
0.29
0.3
0.31
0.32
0.33
0.34
0.35
0.36
0.37
0.38
0.39
0.4
0.41
0.42
0.43
0.44
0.45
0.46
0.47
0.48
0.49
0.5
0.51
0.52
0.53
0.54
0.55
0.56
0.57
0.58
0.59
0.6
0.61
0.62
0.63
0.64
0.65
0.66
0.67
0.68
0.69
0.7
0.71
0.72
0.73
0.74
0.75
0.76
0.77
0.78
0.79
0.8
0.81
0.82
0.83
0.84
0.85
0.86
0.87
0.88
0.89
0.9
0.91
0.92
0.93
0.94
0.95
0.96
0.97
0.98
0.99
1
0
3.04114e-17
1.18894e-15
2.32533e-14
3.03362e-13
2.97004e-12
2.32773e-11
1.52132e-10
8.52866e-10
4.18686e-09
1.82855e-08
7.19378e-08
2.57531e-07
8.45975e-07
2.56802e-06
7.24712e-06
1.91124e-05
4.73175e-05
0.000110415
0.00024372
0.000510506
0.0010177
0.00193597
0.0035228
0.00614558
0.0102998
0.016616
0.0258498
0.0388481
0.0564916
0.0796134
0.108904
0.14481
0.18745
0.236552
0.291429
0.351008
0.413894
0.478476
0.543054
0.605972
0.66574
0.721131
0.771244
0.815526
0.853766
0.886049
0.912699
0.934206
0.951151
0.964129
0.973689
0.980274
0.984171
0.98548
0.984095
0.979692
0.971757
0.959625
0.942549
0.919793
0.890735
0.854973
0.812421
0.763374
0.708528
0.648968
0.586093
0.521517
0.456942
0.394026
0.334259
0.278868
0.228755
0.184471
0.146227
0.113932
0.0872535
0.0656831
0.0486055
0.0353604
0.0252929
0.0177904
0.0123067
0.008374
0.00560572
0.00369243
0.0023936
0.00152731
0.00095944
0.000593479
0.000361551
0.000216966
0.000128277
7.47352e-05
4.29138e-05
2.42908e-05
1.35563e-05
7.46046e-06
4.04944e-06
2.16822e-06
