VARIABLEs = X,u
ZONE I=101
datapacking=block
0
0.01
0.02
0.03
0.04
0.05
0.06
0.07
0.08
0.09
0.1
0.11
0.12
0.13
0.14
0.15
0.16
0.17
0.18
0.19
0.2
0.21
0.22
0.23
0.24
0.25
0.26
0.27
0.28
0.29
0.3
0.31
0.32
0.33
0.34
0.35
0.36
0.37
0.38
0.39
0.4
0.41
0.42
0.43
0.44
0.45
0.46
0.47
0.48
0.49
0.5
0.51
0.52
0.53
0.54
0.55
0.56
0.57
0.58
0.59
0.6
0.61
0.62
0.63
0.64
0.65
0.66
0.67
0.68
0.69
0.7
0.71
0.72
0.73
0.74
0.75
0.76
0.77
0.78
0.79
0.8
0.81
0.82
0.83
0.84
0.85
0.86
0.87
0.88
0.89
0.9
0.91
0.92
0.93
0.94
0.95
0.96
0.97
0.98
0.99
1
0
9.1384e-16
3.26119e-14
5.82284e-13
6.93591e-12
6.20093e-11
4.43861e-10
2.64989e-09
1.35725e-08
6.08875e-08
2.43054e-07
8.74201e-07
2.86192e-06
8.59973e-06
2.38871e-05
6.17045e-05
0.000149012
0.000337959
0.000722788
0.00146297
0.0028116
0.00514583
0.00899331
0.0150464
0.024155
0.0372896
0.0554712
0.0796702
0.110684
0.14901
0.194739
0.24748
0.306345
0.36999
0.436717
0.504617
0.571737
0.636242
0.696558
0.751474
0.800192
0.84233
0.877889
0.907178
0.930736
0.949236
0.963404
0.973939
0.981449
0.986402
0.989074
0.989524
0.987565
0.98277
0.974482
0.961874
0.944024
0.92003
0.889141
0.850889
0.805204
0.752488
0.693638
0.630001
0.563278
0.49538
0.428262
0.363757
0.303441
0.248525
0.199808
0.157669
0.122108
0.0928131
0.0692401
0.0507021
0.0364472
0.0257235
0.0178277
0.0121349
0.00811397
0.00533057
0.00344148
0.00218394
0.00136255
0.000835943
0.000504435
0.000299456
0.000174926
0.000100569
5.69186e-05
3.17187e-05
1.74076e-05
9.41056e-06
5.01223e-06
2.63071e-06
1.3609e-06
6.94023e-07
3.48979e-07
1.73054e-07
8.46449e-08
