VARIABLEs = X,u
ZONE I=101
datapacking=block
0
0.01
0.02
0.03
0.04
0.05
0.06
0.07
0.08
0.09
0.1
0.11
0.12
0.13
0.14
0.15
0.16
0.17
0.18
0.19
0.2
0.21
0.22
0.23
0.24
0.25
0.26
0.27
0.28
0.29
0.3
0.31
0.32
0.33
0.34
0.35
0.36
0.37
0.38
0.39
0.4
0.41
0.42
0.43
0.44
0.45
0.46
0.47
0.48
0.49
0.5
0.51
0.52
0.53
0.54
0.55
0.56
0.57
0.58
0.59
0.6
0.61
0.62
0.63
0.64
0.65
0.66
0.67
0.68
0.69
0.7
0.71
0.72
0.73
0.74
0.75
0.76
0.77
0.78
0.79
0.8
0.81
0.82
0.83
0.84
0.85
0.86
0.87
0.88
0.89
0.9
0.91
0.92
0.93
0.94
0.95
0.96
0.97
0.98
0.99
1
0
5.57369e-25
3.17365e-23
9.03737e-22
1.71607e-20
2.44454e-19
2.78651e-18
2.64767e-17
2.15697e-16
1.53803e-15
9.75154e-15
5.56634e-14
2.88953e-13
1.37549e-12
6.04641e-12
2.46906e-11
9.41437e-11
3.36683e-10
1.13379e-09
3.60777e-09
1.08817e-08
3.11978e-08
8.52355e-08
2.22426e-07
5.55562e-07
1.33076e-06
3.06237e-06
6.78144e-06
1.44729e-05
2.98106e-05
5.93403e-05
0.000114296
0.000213267
0.000385928
0.000678008
0.00115755
0.00192235
0.00310817
0.00489702
0.00752448
0.0112846
0.016531
0.0236724
0.0331617
0.0454771
0.0610969
0.0804668
0.103965
0.131863
0.164296
0.201231
0.242449
0.287547
0.335938
0.386885
0.439527
0.492932
0.546142
0.598226
0.648323
0.695687
0.739706
0.779922
0.816032
0.847875
0.875414
0.898701
0.917851
0.932999
0.94427
0.95175
0.955465
0.955367
0.951337
0.943195
0.930723
0.913696
0.891918
0.865266
0.833725
0.797422
0.756643
0.711849
0.663663
0.612855
0.560304
0.506958
0.453784
0.401718
0.351621
0.304238
0.260171
0.219859
0.183579
0.151445
0.123428
0.0993757
0.0790405
0.062104
0.0482054
0.036965
