VARIABLEs = X,u
ZONE I=101
datapacking=block
0
0.01
0.02
0.03
0.04
0.05
0.06
0.07
0.08
0.09
0.1
0.11
0.12
0.13
0.14
0.15
0.16
0.17
0.18
0.19
0.2
0.21
0.22
0.23
0.24
0.25
0.26
0.27
0.28
0.29
0.3
0.31
0.32
0.33
0.34
0.35
0.36
0.37
0.38
0.39
0.4
0.41
0.42
0.43
0.44
0.45
0.46
0.47
0.48
0.49
0.5
0.51
0.52
0.53
0.54
0.55
0.56
0.57
0.58
0.59
0.6
0.61
0.62
0.63
0.64
0.65
0.66
0.67
0.68
0.69
0.7
0.71
0.72
0.73
0.74
0.75
0.76
0.77
0.78
0.79
0.8
0.81
0.82
0.83
0.84
0.85
0.86
0.87
0.88
0.89
0.9
0.91
0.92
0.93
0.94
0.95
0.96
0.97
0.98
0.99
1
0
5.01275e-16
1.81904e-14
3.30254e-13
3.99995e-12
3.63608e-11
2.64628e-10
1.60625e-09
8.36427e-09
3.81469e-08
1.54803e-07
5.65993e-07
1.88347e-06
5.75255e-06
1.624e-05
4.26339e-05
0.000104626
0.000241118
0.000523937
0.00107736
0.00210322
0.00390962
0.00693878
0.0117872
0.0192097
0.0300988
0.0454338
0.0661983
0.0932723
0.127311
0.168629
0.217109
0.272158
0.33271
0.397295
0.464157
0.531396
0.597136
0.659673
0.717599
0.769877
0.815879
0.855372
0.888467
0.915551
0.937202
0.954097
0.966938
0.976376
0.982952
0.987049
0.988851
0.988312
0.985151
0.978849
0.968691
0.953824
0.933354
0.906462
0.872534
0.831282
0.78284
0.727814
0.667275
0.602696
0.535839
0.468602
0.402863
0.340326
0.282401
0.230123
0.18412
0.144626
0.111528
0.0844323
0.0627554
0.0457981
0.0328207
0.0231001
0.0159704
0.0108474
0.00723977
0.00474896
0.0030622
0.00194142
0.00121045
0.000742343
0.000447907
0.000265942
0.000155415
8.94121e-05
5.0651e-05
2.8259e-05
1.55307e-05
8.40959e-06
4.48742e-06
2.36015e-06
1.22373e-06
6.25627e-07
3.15436e-07
1.56873e-07
