VARIABLEs = X,u
ZONE I=101
datapacking=block
0
0.01
0.02
0.03
0.04
0.05
0.06
0.07
0.08
0.09
0.1
0.11
0.12
0.13
0.14
0.15
0.16
0.17
0.18
0.19
0.2
0.21
0.22
0.23
0.24
0.25
0.26
0.27
0.28
0.29
0.3
0.31
0.32
0.33
0.34
0.35
0.36
0.37
0.38
0.39
0.4
0.41
0.42
0.43
0.44
0.45
0.46
0.47
0.48
0.49
0.5
0.51
0.52
0.53
0.54
0.55
0.56
0.57
0.58
0.59
0.6
0.61
0.62
0.63
0.64
0.65
0.66
0.67
0.68
0.69
0.7
0.71
0.72
0.73
0.74
0.75
0.76
0.77
0.78
0.79
0.8
0.81
0.82
0.83
0.84
0.85
0.86
0.87
0.88
0.89
0.9
0.91
0.92
0.93
0.94
0.95
0.96
0.97
0.98
0.99
1
0
1.51031e-18
6.35881e-17
1.33922e-15
1.88123e-14
1.98296e-13
1.67306e-12
1.177e-11
7.10167e-11
3.75176e-10
1.76303e-09
7.46182e-09
2.87329e-08
1.01505e-07
3.31302e-07
1.00505e-06
2.8486e-06
7.57733e-06
1.89923e-05
4.50147e-05
0.000101211
0.000216493
0.000441709
0.000861667
0.00161067
0.00289078
0.00499099
0.00830401
0.0133364
0.0207071
0.0311299
0.0453768
0.0642221
0.08837
0.118374
0.154557
0.196944
0.245219
0.298711
0.356424
0.417095
0.479279
0.541459
0.602155
0.660024
0.713944
0.763068
0.806847
0.845028
0.877625
0.904865
0.927134
0.944904
0.958674
0.968903
0.97596
0.980075
0.981313
0.979556
0.974501
0.965688
0.952541
0.934436
0.910777
0.881092
0.845113
0.802855
0.754661
0.701218
0.643534
0.582881
0.520708
0.458534
0.397841
0.339973
0.286053
0.236929
0.193145
0.154953
0.12233
0.0950333
0.0726496
0.0546541
0.0404642
0.029486
0.0211496
0.0149341
0.0103826
0.00710781
0.00479221
0.00318251
0.00208212
0.00134218
0.000852621
0.000533839
0.000329492
0.000200507
0.000120319
7.12085e-05
4.15709e-05
2.3943e-05
