VARIABLEs = X,u
ZONE I=101
datapacking=block
0
0.01
0.02
0.03
0.04
0.05
0.06
0.07
0.08
0.09
0.1
0.11
0.12
0.13
0.14
0.15
0.16
0.17
0.18
0.19
0.2
0.21
0.22
0.23
0.24
0.25
0.26
0.27
0.28
0.29
0.3
0.31
0.32
0.33
0.34
0.35
0.36
0.37
0.38
0.39
0.4
0.41
0.42
0.43
0.44
0.45
0.46
0.47
0.48
0.49
0.5
0.51
0.52
0.53
0.54
0.55
0.56
0.57
0.58
0.59
0.6
0.61
0.62
0.63
0.64
0.65
0.66
0.67
0.68
0.69
0.7
0.71
0.72
0.73
0.74
0.75
0.76
0.77
0.78
0.79
0.8
0.81
0.82
0.83
0.84
0.85
0.86
0.87
0.88
0.89
0.9
0.91
0.92
0.93
0.94
0.95
0.96
0.97
0.98
0.99
1
0
0.00819684
0.0476403
0.142443
0.294224
0.476365
0.651157
0.790915
0.886702
0.944161
0.974813
0.98954
0.995978
0.998561
0.999518
0.999849
0.999955
0.999987
0.999997
0.999999
1
1
1
1
1
1
1
1
1
1
1
0.991803
0.95236
0.857557
0.705776
0.523635
0.348843
0.209085
0.113298
0.0558393
0.0251872
0.0104603
0.00402223
0.00143935
0.000481584
0.000151292
4.47988e-05
1.25469e-05
3.33427e-06
8.43177e-07
2.03443e-07
4.69493e-08
1.03861e-08
2.20703e-09
4.51371e-10
8.90019e-11
1.69482e-11
3.12161e-12
5.56915e-13
9.63701e-14
1.61953e-14
2.64632e-15
4.20914e-16
6.52376e-17
9.86253e-18
1.45571e-18
2.09962e-19
2.96179e-20
4.08942e-21
5.53087e-22
7.33266e-23
9.53596e-24
1.21726e-24
1.52613e-25
1.88036e-26
2.27814e-27
2.71546e-28
3.18606e-29
3.68149e-30
4.1914e-31
4.70385e-32
5.20591e-33
5.68416e-34
6.1254e-35
6.51729e-36
6.84891e-37
7.11131e-38
7.2979e-39
7.40468e-40
7.43035e-41
7.37627e-42
7.24626e-43
7.04628e-44
6.78407e-45
6.46871e-46
6.1101e-47
5.71855e-48
5.30433e-49
4.87728e-50
4.44653e-51
4.02022e-52
