VARIABLEs = X,u
ZONE I=101
datapacking=block
0
0.01
0.02
0.03
0.04
0.05
0.06
0.07
0.08
0.09
0.1
0.11
0.12
0.13
0.14
0.15
0.16
0.17
0.18
0.19
0.2
0.21
0.22
0.23
0.24
0.25
0.26
0.27
0.28
0.29
0.3
0.31
0.32
0.33
0.34
0.35
0.36
0.37
0.38
0.39
0.4
0.41
0.42
0.43
0.44
0.45
0.46
0.47
0.48
0.49
0.5
0.51
0.52
0.53
0.54
0.55
0.56
0.57
0.58
0.59
0.6
0.61
0.62
0.63
0.64
0.65
0.66
0.67
0.68
0.69
0.7
0.71
0.72
0.73
0.74
0.75
0.76
0.77
0.78
0.79
0.8
0.81
0.82
0.83
0.84
0.85
0.86
0.87
0.88
0.89
0.9
0.91
0.92
0.93
0.94
0.95
0.96
0.97
0.98
0.99
1
0
1.6704e-19
7.40125e-18
1.64034e-16
2.42468e-15
2.68925e-14
2.3873e-13
1.76694e-12
1.12156e-11
6.23277e-11
3.08071e-10
1.37134e-09
5.5532e-09
2.06287e-08
7.07902e-08
2.25761e-07
6.7258e-07
1.88026e-06
4.95215e-06
1.23313e-05
2.91232e-05
6.54211e-05
0.000140143
0.000286963
0.000562887
0.00105981
0.00191888
0.00334685
0.00563243
0.00915987
0.014416
0.0219865
0.0325385
0.0467858
0.0654393
0.0891424
0.118401
0.153512
0.194508
0.241115
0.292739
0.348492
0.407234
0.467651
0.528347
0.587935
0.645136
0.698851
0.748219
0.792643
0.831798
0.865605
0.894197
0.917867
0.937004
0.952038
0.963379
0.971364
0.976213
0.978001
0.976638
0.97187
0.963304
0.950441
0.932737
0.909675
0.880843
0.846011
0.805195
0.758704
0.707151
0.651442
0.592727
0.532326
0.47164
0.412058
0.35486
0.301145
0.251775
0.207344
0.168173
0.134329
0.105662
0.0818462
0.0624332
0.0469019
0.0347017
0.0252891
0.0181543
0.0128391
0.00894651
0.00614312
0.00415717
0.00277294
0.00182339
0.00118216
0.000755774
0.000476534
0.000296378
0.000181849
0.000110092
