VARIABLEs = X,u
ZONE I=101
datapacking=block
0
0.01
0.02
0.03
0.04
0.05
0.06
0.07
0.08
0.09
0.1
0.11
0.12
0.13
0.14
0.15
0.16
0.17
0.18
0.19
0.2
0.21
0.22
0.23
0.24
0.25
0.26
0.27
0.28
0.29
0.3
0.31
0.32
0.33
0.34
0.35
0.36
0.37
0.38
0.39
0.4
0.41
0.42
0.43
0.44
0.45
0.46
0.47
0.48
0.49
0.5
0.51
0.52
0.53
0.54
0.55
0.56
0.57
0.58
0.59
0.6
0.61
0.62
0.63
0.64
0.65
0.66
0.67
0.68
0.69
0.7
0.71
0.72
0.73
0.74
0.75
0.76
0.77
0.78
0.79
0.8
0.81
0.82
0.83
0.84
0.85
0.86
0.87
0.88
0.89
0.9
0.91
0.92
0.93
0.94
0.95
0.96
0.97
0.98
0.99
1
0
4.51426e-09
9.14053e-08
9.27432e-07
6.28869e-06
3.20681e-05
0.000131214
0.000448905
0.00132128
0.00341701
0.00789145
0.0164879
0.0315003
0.0555293
0.0910278
0.13972
0.202051
0.27685
0.361326
0.451426
0.542464
0.629849
0.709734
0.779443
0.83763
0.884176
0.919923
0.946323
0.965099
0.977976
0.986505
0.991966
0.99535
0.997381
0.998559
0.999202
0.999471
0.999349
0.998579
0.996535
0.992086
0.983502
0.968495
0.944469
0.908971
0.86028
0.797948
0.723149
0.638674
0.548574
0.457536
0.370151
0.290266
0.220557
0.16237
0.115824
0.0800767
0.053677
0.0349013
0.0220237
0.0134949
0.00803398
0.00464977
0.00261775
0.00143444
0.000765498
0.00039808
0.000201839
9.98373e-05
4.82021e-05
2.27276e-05
1.04708e-05
4.71581e-06
2.07728e-06
8.95361e-07
3.77799e-07
1.56125e-07
6.32144e-08
2.50882e-08
9.7635e-09
3.72726e-09
1.39631e-09
5.13501e-10
1.85445e-10
6.57889e-11
2.29348e-11
7.85918e-12
2.64811e-12
8.77603e-13
2.86148e-13
9.18194e-14
2.90034e-14
9.02085e-15
2.76339e-15
8.33955e-16
2.48001e-16
7.26905e-17
2.10046e-17
5.98498e-18
1.68196e-18
4.663e-19
