VARIABLEs = X,u
ZONE I=101
datapacking=block
0
0.01
0.02
0.03
0.04
0.05
0.06
0.07
0.08
0.09
0.1
0.11
0.12
0.13
0.14
0.15
0.16
0.17
0.18
0.19
0.2
0.21
0.22
0.23
0.24
0.25
0.26
0.27
0.28
0.29
0.3
0.31
0.32
0.33
0.34
0.35
0.36
0.37
0.38
0.39
0.4
0.41
0.42
0.43
0.44
0.45
0.46
0.47
0.48
0.49
0.5
0.51
0.52
0.53
0.54
0.55
0.56
0.57
0.58
0.59
0.6
0.61
0.62
0.63
0.64
0.65
0.66
0.67
0.68
0.69
0.7
0.71
0.72
0.73
0.74
0.75
0.76
0.77
0.78
0.79
0.8
0.81
0.82
0.83
0.84
0.85
0.86
0.87
0.88
0.89
0.9
0.91
0.92
0.93
0.94
0.95
0.96
0.97
0.98
0.99
1
0
3.69535e-09
7.55648e-08
7.74265e-07
5.30158e-06
2.72979e-05
0.000112776
0.000389529
0.00115741
0.00302136
0.00704245
0.0148485
0.0286228
0.0508999
0.0841538
0.130243
0.189857
0.262142
0.344629
0.433524
0.524282
0.612306
0.693613
0.765302
0.825764
0.874634
0.912557
0.940854
0.961188
0.97528
0.98471
0.990811
0.99463
0.996947
0.998306
0.999063
0.999409
0.999366
0.99872
0.996919
0.992929
0.985138
0.971371
0.949097
0.915845
0.869757
0.810143
0.737858
0.655371
0.566476
0.475718
0.387694
0.306387
0.234698
0.174236
0.125366
0.0874433
0.059146
0.0388115
0.0247197
0.01529
0.00918947
0.00536966
0.00305231
0.00168885
0.000910092
0.000477926
0.000244715
0.000122243
5.96057e-05
2.83841e-05
1.32071e-05
6.00757e-06
2.67275e-06
1.16355e-06
4.95879e-07
2.06975e-07
8.4644e-08
3.39301e-08
1.3337e-08
5.14255e-09
1.94585e-09
7.22776e-10
2.63641e-10
9.4468e-11
3.32628e-11
1.15126e-11
3.91795e-12
1.31144e-12
4.31879e-13
1.39967e-13
4.46536e-14
1.40271e-14
4.33983e-15
1.32275e-15
3.97274e-16
1.17601e-16
3.43195e-17
9.87587e-18
2.80292e-18
7.84763e-19
