VARIABLEs = X,u
ZONE I=101
datapacking=block
0
0.01
0.02
0.03
0.04
0.05
0.06
0.07
0.08
0.09
0.1
0.11
0.12
0.13
0.14
0.15
0.16
0.17
0.18
0.19
0.2
0.21
0.22
0.23
0.24
0.25
0.26
0.27
0.28
0.29
0.3
0.31
0.32
0.33
0.34
0.35
0.36
0.37
0.38
0.39
0.4
0.41
0.42
0.43
0.44
0.45
0.46
0.47
0.48
0.49
0.5
0.51
0.52
0.53
0.54
0.55
0.56
0.57
0.58
0.59
0.6
0.61
0.62
0.63
0.64
0.65
0.66
0.67
0.68
0.69
0.7
0.71
0.72
0.73
0.74
0.75
0.76
0.77
0.78
0.79
0.8
0.81
0.82
0.83
0.84
0.85
0.86
0.87
0.88
0.89
0.9
0.91
0.92
0.93
0.94
0.95
0.96
0.97
0.98
0.99
1
0
4.12531e-24
2.26623e-22
6.22626e-21
1.1407e-19
1.5678e-18
1.72435e-17
1.58091e-16
1.24274e-15
8.55081e-15
5.23159e-14
2.88179e-13
1.44367e-12
6.6323e-12
2.81375e-11
1.10897e-10
4.08131e-10
1.40887e-09
4.57979e-09
1.40683e-08
4.09651e-08
1.13392e-07
2.99124e-07
7.53737e-07
1.81805e-06
4.20579e-06
9.34804e-06
1.9996e-05
4.12267e-05
8.20443e-05
0.00015781
0.000293752
0.000529786
0.000926786
0.00157427
0.00259916
0.00417506
0.0065308
0.009957
0.0148088
0.0215031
0.0305082
0.0423263
0.0574663
0.0764104
0.0995754
0.127272
0.159665
0.196746
0.238307
0.283939
0.333038
0.384831
0.438415
0.492804
0.546988
0.599985
0.650891
0.698927
0.743461
0.78403
0.820338
0.852243
0.879737
0.902907
0.921904
0.936901
0.948055
0.955478
0.95921
0.95921
0.955351
0.947432
0.935207
0.918411
0.896808
0.870233
0.838633
0.802108
0.760929
0.715558
0.666634
0.614958
0.561451
0.50711
0.452955
0.399974
0.349069
0.30102
0.25645
0.215808
0.179366
0.147226
0.119336
0.0955185
0.0754966
0.058924
0.0454141
0.034565
0.0259807
0.0192867
