VARIABLEs = X,u
ZONE I=101
datapacking=block
0
0.01
0.02
0.03
0.04
0.05
0.06
0.07
0.08
0.09
0.1
0.11
0.12
0.13
0.14
0.15
0.16
0.17
0.18
0.19
0.2
0.21
0.22
0.23
0.24
0.25
0.26
0.27
0.28
0.29
0.3
0.31
0.32
0.33
0.34
0.35
0.36
0.37
0.38
0.39
0.4
0.41
0.42
0.43
0.44
0.45
0.46
0.47
0.48
0.49
0.5
0.51
0.52
0.53
0.54
0.55
0.56
0.57
0.58
0.59
0.6
0.61
0.62
0.63
0.64
0.65
0.66
0.67
0.68
0.69
0.7
0.71
0.72
0.73
0.74
0.75
0.76
0.77
0.78
0.79
0.8
0.81
0.82
0.83
0.84
0.85
0.86
0.87
0.88
0.89
0.9
0.91
0.92
0.93
0.94
0.95
0.96
0.97
0.98
0.99
1
0
6.1563e-24
3.35726e-22
9.15648e-21
1.6653e-19
2.27215e-18
2.48084e-17
2.25793e-16
1.76204e-15
1.20358e-14
7.31035e-14
3.99767e-13
1.98818e-12
9.06773e-12
3.81918e-11
1.49437e-10
5.46007e-10
1.87126e-09
6.03916e-09
1.84181e-08
5.32474e-08
1.46337e-07
3.83277e-07
9.58915e-07
2.29653e-06
5.27508e-06
1.1642e-05
2.47275e-05
5.06243e-05
0.000100042
0.000191089
0.000353232
0.000632664
0.00109916
0.00185432
0.00304075
0.00485146
0.00753807
0.0114164
0.0168676
0.0243328
0.0343004
0.0472841
0.0637936
0.0842977
0.109184
0.138716
0.173
0.211953
0.255288
0.302513
0.352948
0.405755
0.459981
0.514613
0.568634
0.621078
0.671077
0.717903
0.760987
0.799935
0.834517
0.864652
0.890381
0.91183
0.929171
0.942581
0.952211
0.95815
0.960409
0.958911
0.953497
0.943938
0.929969
0.911324
0.88778
0.859204
0.825591
0.787104
0.744089
0.697079
0.646788
0.594076
0.539912
0.485318
0.43132
0.378886
0.328883
0.282038
0.238907
0.199871
0.165128
0.134714
0.108519
0.0863152
0.0677883
0.052567
0.0402508
0.0304338
0.0227238
0.0167562
