VARIABLEs = X,u
ZONE I=101
datapacking=block
0
0.01
0.02
0.03
0.04
0.05
0.06
0.07
0.08
0.09
0.1
0.11
0.12
0.13
0.14
0.15
0.16
0.17
0.18
0.19
0.2
0.21
0.22
0.23
0.24
0.25
0.26
0.27
0.28
0.29
0.3
0.31
0.32
0.33
0.34
0.35
0.36
0.37
0.38
0.39
0.4
0.41
0.42
0.43
0.44
0.45
0.46
0.47
0.48
0.49
0.5
0.51
0.52
0.53
0.54
0.55
0.56
0.57
0.58
0.59
0.6
0.61
0.62
0.63
0.64
0.65
0.66
0.67
0.68
0.69
0.7
0.71
0.72
0.73
0.74
0.75
0.76
0.77
0.78
0.79
0.8
0.81
0.82
0.83
0.84
0.85
0.86
0.87
0.88
0.89
0.9
0.91
0.92
0.93
0.94
0.95
0.96
0.97
0.98
0.99
1
0
6.79076e-21
3.22672e-19
7.66868e-18
1.21547e-16
1.44543e-15
1.37567e-14
1.09154e-13
7.42695e-13
4.42385e-12
2.34346e-11
1.11787e-10
4.85046e-10
1.9304e-09
7.09623e-09
2.42392e-08
7.73322e-08
2.31476e-07
6.52642e-07
1.73938e-06
4.39576e-06
1.05638e-05
2.4203e-05
5.29901e-05
0.000111104
0.000223525
0.000432296
0.000805058
0.00144595
0.00250843
0.004209
0.00684007
0.0107793
0.0164925
0.0245273
0.0354942
0.0500353
0.0687792
0.092287
0.120993
0.155147
0.194767
0.239604
0.289139
0.342588
0.398951
0.457065
0.515681
0.573545
0.629477
0.682437
0.731578
0.776276
0.816142
0.851011
0.880909
0.906018
0.926624
0.943061
0.955661
0.964707
0.970387
0.972771
0.971791
0.967243
0.958804
0.946068
0.928594
0.905966
0.87786
0.84411
0.804758
0.760096
0.710675
0.657297
0.600979
0.542893
0.484294
0.426439
0.370512
0.317554
0.268409
0.223698
0.183804
0.148878
0.118867
0.0935493
0.072571
0.0554932
0.0418301
0.0310839
0.0227726
0.0164496
0.0117167
0.0082302
0.00570183
0.00389646
0.00262681
0.00174721
0.00114676
0.000742792
