VARIABLEs = X,u
ZONE I=101
datapacking=block
0
0.01
0.02
0.03
0.04
0.05
0.06
0.07
0.08
0.09
0.1
0.11
0.12
0.13
0.14
0.15
0.16
0.17
0.18
0.19
0.2
0.21
0.22
0.23
0.24
0.25
0.26
0.27
0.28
0.29
0.3
0.31
0.32
0.33
0.34
0.35
0.36
0.37
0.38
0.39
0.4
0.41
0.42
0.43
0.44
0.45
0.46
0.47
0.48
0.49
0.5
0.51
0.52
0.53
0.54
0.55
0.56
0.57
0.58
0.59
0.6
0.61
0.62
0.63
0.64
0.65
0.66
0.67
0.68
0.69
0.7
0.71
0.72
0.73
0.74
0.75
0.76
0.77
0.78
0.79
0.8
0.81
0.82
0.83
0.84
0.85
0.86
0.87
0.88
0.89
0.9
0.91
0.92
0.93
0.94
0.95
0.96
0.97
0.98
0.99
1
0
0.00368062
0.0243438
0.0822938
0.190562
0.342183
0.511978
0.670395
0.79707
0.885707
0.940849
0.971735
0.98747
0.994824
0.997999
0.999273
0.999751
0.999919
0.999975
0.999993
0.999998
0.999999
1
1
1
1
1
1
1
1
1
0.996319
0.975656
0.917706
0.809438
0.657817
0.488022
0.329605
0.20293
0.114293
0.0591511
0.0282652
0.0125298
0.00517594
0.00200086
0.000726621
0.000248779
8.05665e-05
2.47532e-05
7.23507e-06
2.01691e-06
5.37501e-07
1.37232e-07
3.36342e-08
7.92798e-09
1.80031e-09
3.94488e-10
8.35356e-11
1.71187e-11
3.39941e-12
6.54948e-13
1.2257e-13
2.23057e-14
3.95135e-15
6.82027e-16
1.14811e-16
1.88659e-17
3.02859e-18
4.75353e-19
7.30015e-20
1.09774e-20
1.61738e-21
2.33644e-22
3.31128e-23
4.60673e-24
6.29494e-25
8.45333e-26
1.11616e-26
1.44978e-27
1.85338e-28
2.33297e-29
2.89286e-30
3.53511e-31
4.25901e-32
5.06075e-33
5.93314e-34
6.8655e-35
7.84385e-36
8.85114e-37
9.86784e-38
1.08726e-38
1.18429e-39
1.27563e-40
1.35911e-41
1.43272e-42
1.49472e-43
1.54368e-44
1.57854e-45
1.59868e-46
1.60387e-47
1.59431e-48
