VARIABLEs = X,u
ZONE I=101
datapacking=block
0
0.01
0.02
0.03
0.04
0.05
0.06
0.07
0.08
0.09
0.1
0.11
0.12
0.13
0.14
0.15
0.16
0.17
0.18
0.19
0.2
0.21
0.22
0.23
0.24
0.25
0.26
0.27
0.28
0.29
0.3
0.31
0.32
0.33
0.34
0.35
0.36
0.37
0.38
0.39
0.4
0.41
0.42
0.43
0.44
0.45
0.46
0.47
0.48
0.49
0.5
0.51
0.52
0.53
0.54
0.55
0.56
0.57
0.58
0.59
0.6
0.61
0.62
0.63
0.64
0.65
0.66
0.67
0.68
0.69
0.7
0.71
0.72
0.73
0.74
0.75
0.76
0.77
0.78
0.79
0.8
0.81
0.82
0.83
0.84
0.85
0.86
0.87
0.88
0.89
0.9
0.91
0.92
0.93
0.94
0.95
0.96
0.97
0.98
0.99
1
0
2.04601e-23
1.09115e-21
2.91036e-20
5.1765e-19
6.90735e-18
7.37581e-17
6.56549e-16
5.01101e-15
3.34771e-14
1.98876e-13
1.06373e-12
5.17455e-12
2.30843e-11
9.51052e-11
3.64016e-10
1.30107e-09
4.36206e-09
1.37723e-08
4.10926e-08
1.16231e-07
3.12538e-07
8.00956e-07
1.96085e-06
4.59547e-06
1.03301e-05
2.23126e-05
4.63855e-05
9.29548e-05
0.000179822
0.000336262
0.000608596
0.00106737
0.00181602
0.00300067
0.00482002
0.00753418
0.0114707
0.0170254
0.0246573
0.0348738
0.048208
0.0651864
0.0862898
0.11191
0.142306
0.177565
0.217578
0.262017
0.310344
0.361825
0.415569
0.470575
0.52579
0.580167
0.632726
0.6826
0.729075
0.771611
0.809846
0.843595
0.872819
0.897602
0.918105
0.93453
0.947074
0.955896
0.961084
0.962639
0.960466
0.954379
0.944126
0.929413
0.909952
0.885507
0.855941
0.821258
0.781642
0.737472
0.689326
0.637964
0.584297
0.52934
0.474156
0.419797
0.367244
0.317366
0.270871
0.228292
0.189972
0.156068
0.126571
0.10133
0.0800783
0.0624689
0.0481056
0.0365699
0.0274454
0.0203356
0.014877
0.0107468
