VARIABLEs = X,u
ZONE I=101
datapacking=block
0
0.01
0.02
0.03
0.04
0.05
0.06
0.07
0.08
0.09
0.1
0.11
0.12
0.13
0.14
0.15
0.16
0.17
0.18
0.19
0.2
0.21
0.22
0.23
0.24
0.25
0.26
0.27
0.28
0.29
0.3
0.31
0.32
0.33
0.34
0.35
0.36
0.37
0.38
0.39
0.4
0.41
0.42
0.43
0.44
0.45
0.46
0.47
0.48
0.49
0.5
0.51
0.52
0.53
0.54
0.55
0.56
0.57
0.58
0.59
0.6
0.61
0.62
0.63
0.64
0.65
0.66
0.67
0.68
0.69
0.7
0.71
0.72
0.73
0.74
0.75
0.76
0.77
0.78
0.79
0.8
0.81
0.82
0.83
0.84
0.85
0.86
0.87
0.88
0.89
0.9
0.91
0.92
0.93
0.94
0.95
0.96
0.97
0.98
0.99
1
0
0.0406535
0.171071
0.379934
0.602692
0.780768
0.894644
0.955352
0.983116
0.994242
0.998213
0.999491
0.999866
0.999967
0.999992
0.999998
1
1
1
1
1
1
1
1
1
1
1
1
1
1
1
0.959347
0.828929
0.620066
0.397308
0.219232
0.105356
0.0446483
0.0168836
0.00575759
0.0017872
0.000509094
0.000134032
3.28186e-05
7.51504e-06
1.61722e-06
3.28499e-07
6.32304e-08
1.15739e-08
2.02107e-09
3.37672e-10
5.41213e-11
8.34168e-12
1.23913e-12
1.77764e-13
2.46748e-14
3.31975e-15
4.33611e-16
5.50666e-17
6.80886e-18
8.20772e-19
9.65738e-20
1.11039e-20
1.2489e-21
1.37547e-22
1.48472e-23
1.57214e-24
1.63435e-25
1.66932e-26
1.67646e-27
1.65653e-28
1.61155e-29
1.5445e-30
1.45909e-31
1.35946e-32
1.24987e-33
1.13445e-34
1.01704e-35
9.00966e-37
7.89006e-38
6.83324e-39
5.85479e-40
4.96469e-41
4.1679e-42
3.46521e-43
2.85407e-44
2.32944e-45
1.88458e-46
1.51172e-47
1.20264e-48
9.49099e-50
7.43203e-51
5.77591e-52
4.456e-53
3.41328e-54
2.59651e-55
1.96192e-56
1.47274e-57
1.09851e-58
8.14305e-60
5.99993e-61
