VARIABLEs = X,u
ZONE I=101
datapacking=block
0
0.01
0.02
0.03
0.04
0.05
0.06
0.07
0.08
0.09
0.1
0.11
0.12
0.13
0.14
0.15
0.16
0.17
0.18
0.19
0.2
0.21
0.22
0.23
0.24
0.25
0.26
0.27
0.28
0.29
0.3
0.31
0.32
0.33
0.34
0.35
0.36
0.37
0.38
0.39
0.4
0.41
0.42
0.43
0.44
0.45
0.46
0.47
0.48
0.49
0.5
0.51
0.52
0.53
0.54
0.55
0.56
0.57
0.58
0.59
0.6
0.61
0.62
0.63
0.64
0.65
0.66
0.67
0.68
0.69
0.7
0.71
0.72
0.73
0.74
0.75
0.76
0.77
0.78
0.79
0.8
0.81
0.82
0.83
0.84
0.85
0.86
0.87
0.88
0.89
0.9
0.91
0.92
0.93
0.94
0.95
0.96
0.97
0.98
0.99
1
0
0.000122486
0.00122763
0.00621045
0.0211807
0.054898
0.115629
0.206756
0.32393
0.455738
0.587518
0.706087
0.803071
0.875794
0.926135
0.958501
0.977927
0.988861
0.994655
0.997557
0.998934
0.999555
0.999822
0.999932
0.999975
0.999991
0.999997
0.999999
1
1
1
0.999878
0.998772
0.99379
0.978819
0.945102
0.884371
0.793244
0.67607
0.544262
0.412482
0.293913
0.196929
0.124206
0.0738648
0.0414993
0.0220734
0.0111393
0.00534473
0.00244326
0.00106623
0.000445021
0.000177965
6.83035e-05
2.51996e-05
8.95027e-06
3.06465e-06
1.01299e-06
3.23629e-07
1.00052e-07
2.99655e-08
8.70351e-09
2.45401e-09
6.72326e-10
1.79141e-10
4.64612e-11
1.17387e-11
2.89146e-12
6.94872e-13
1.63037e-13
3.73723e-14
8.37486e-15
1.83584e-15
3.93891e-16
8.27649e-17
1.70404e-17
3.43953e-18
6.80965e-19
1.32301e-19
2.52354e-20
4.72785e-21
8.70376e-22
1.57514e-22
2.80331e-23
4.90831e-24
8.45785e-25
1.43487e-25
2.39738e-26
3.94622e-27
6.40153e-28
1.02372e-28
1.61438e-29
2.51122e-30
3.85425e-31
5.8384e-32
8.73095e-33
1.2893e-33
1.88055e-34
2.70993e-35
3.85902e-36
5.43178e-37
