VARIABLEs = X,u
ZONE I=101
datapacking=block
0
0.01
0.02
0.03
0.04
0.05
0.06
0.07
0.08
0.09
0.1
0.11
0.12
0.13
0.14
0.15
0.16
0.17
0.18
0.19
0.2
0.21
0.22
0.23
0.24
0.25
0.26
0.27
0.28
0.29
0.3
0.31
0.32
0.33
0.34
0.35
0.36
0.37
0.38
0.39
0.4
0.41
0.42
0.43
0.44
0.45
0.46
0.47
0.48
0.49
0.5
0.51
0.52
0.53
0.54
0.55
0.56
0.57
0.58
0.59
0.6
0.61
0.62
0.63
0.64
0.65
0.66
0.67
0.68
0.69
0.7
0.71
0.72
0.73
0.74
0.75
0.76
0.77
0.78
0.79
0.8
0.81
0.82
0.83
0.84
0.85
0.86
0.87
0.88
0.89
0.9
0.91
0.92
0.93
0.94
0.95
0.96
0.97
0.98
0.99
1
0
1.11933e-19
5.00444e-18
1.11916e-16
1.66924e-15
1.86809e-14
1.67328e-13
1.24961e-12
8.00322e-12
4.4875e-11
2.23795e-10
1.00511e-09
4.10652e-09
1.53906e-08
5.32849e-08
1.71442e-07
5.15276e-07
1.45322e-06
3.86112e-06
9.6989e-06
2.31063e-05
5.23571e-05
0.00011313
0.000233649
0.000462245
0.000877748
0.00160273
0.00281898
0.00478373
0.00784413
0.0124466
0.0191371
0.0285489
0.0413747
0.0583226
0.080058
0.107136
0.139932
0.17858
0.222924
0.272497
0.32653
0.383988
0.443633
0.504106
0.564026
0.622078
0.677098
0.728134
0.774485
0.815718
0.851656
0.882342
0.908002
0.928982
0.945692
0.958543
0.967898
0.97402
0.97704
0.976932
0.973508
0.966431
0.955248
0.939438
0.918477
0.891919
0.859467
0.821043
0.776843
0.727361
0.673384
0.615961
0.556337
0.495877
0.435964
0.377915
0.322897
0.271861
0.225504
0.184258
0.148292
0.117545
0.0917641
0.0705554
0.0534306
0.0398543
0.0292831
0.0211961
0.0151159
0.0106218
0.00735536
0.00502001
0.00337721
0.00223988
0.00146475
0.000944583
0.000600778
0.00037692
0.000233297
0.000142481
