VARIABLEs = X,u
ZONE I=101
datapacking=block
0
0.01
0.02
0.03
0.04
0.05
0.06
0.07
0.08
0.09
0.1
0.11
0.12
0.13
0.14
0.15
0.16
0.17
0.18
0.19
0.2
0.21
0.22
0.23
0.24
0.25
0.26
0.27
0.28
0.29
0.3
0.31
0.32
0.33
0.34
0.35
0.36
0.37
0.38
0.39
0.4
0.41
0.42
0.43
0.44
0.45
0.46
0.47
0.48
0.49
0.5
0.51
0.52
0.53
0.54
0.55
0.56
0.57
0.58
0.59
0.6
0.61
0.62
0.63
0.64
0.65
0.66
0.67
0.68
0.69
0.7
0.71
0.72
0.73
0.74
0.75
0.76
0.77
0.78
0.79
0.8
0.81
0.82
0.83
0.84
0.85
0.86
0.87
0.88
0.89
0.9
0.91
0.92
0.93
0.94
0.95
0.96
0.97
0.98
0.99
1
0
1.01745e-26
6.20137e-25
1.89022e-23
3.84178e-22
5.85738e-21
7.14595e-20
7.26668e-19
6.33535e-18
4.8342e-17
3.27976e-16
2.0032e-15
1.11261e-14
5.66641e-14
2.66472e-13
1.16402e-12
4.74747e-12
1.81593e-11
6.54003e-11
2.22545e-10
7.17737e-10
2.20007e-09
6.42581e-09
1.79241e-08
4.7849e-08
1.22482e-07
3.0116e-07
7.12462e-07
1.62413e-06
3.57263e-06
7.59333e-06
1.56131e-05
3.10928e-05
6.00366e-05
0.000112514
0.000204855
0.000362698
0.000624999
0.00104909
0.0017167
0.00274069
0.00427197
0.00650595
0.0096874
0.0141127
0.0201281
0.028123
0.0385177
0.0517446
0.0682244
0.0883379
0.112395
0.140603
0.173044
0.209647
0.250181
0.294252
0.341312
0.390682
0.441582
0.493167
0.544575
0.594962
0.643544
0.689632
0.732651
0.772154
0.807826
0.839473
0.86701
0.89043
0.90978
0.925135
0.936562
0.944104
0.947761
0.947478
0.943153
0.93464
0.921775
0.904398
0.882387
0.855689
0.824351
0.788542
0.748574
0.704901
0.658117
0.608936
0.558164
0.506662
0.455304
0.40494
0.356353
0.310229
0.267128
0.227473
0.191543
0.159474
0.131271
0.106828
