VARIABLEs = X,u
ZONE I=101
datapacking=block
0
0.01
0.02
0.03
0.04
0.05
0.06
0.07
0.08
0.09
0.1
0.11
0.12
0.13
0.14
0.15
0.16
0.17
0.18
0.19
0.2
0.21
0.22
0.23
0.24
0.25
0.26
0.27
0.28
0.29
0.3
0.31
0.32
0.33
0.34
0.35
0.36
0.37
0.38
0.39
0.4
0.41
0.42
0.43
0.44
0.45
0.46
0.47
0.48
0.49
0.5
0.51
0.52
0.53
0.54
0.55
0.56
0.57
0.58
0.59
0.6
0.61
0.62
0.63
0.64
0.65
0.66
0.67
0.68
0.69
0.7
0.71
0.72
0.73
0.74
0.75
0.76
0.77
0.78
0.79
0.8
0.81
0.82
0.83
0.84
0.85
0.86
0.87
0.88
0.89
0.9
0.91
0.92
0.93
0.94
0.95
0.96
0.97
0.98
0.99
1
0
5.52935e-13
1.61848e-11
2.37107e-10
2.31826e-09
1.70196e-08
1.00087e-07
4.9116e-07
2.06904e-06
7.63884e-06
2.51129e-05
7.44454e-05
0.000201044
0.000498818
0.00114527
0.0024483
0.00489944
0.00922175
0.0163947
0.0276362
0.0443254
0.067862
0.099473
0.139997
0.189684
0.248069
0.313924
0.385349
0.459944
0.535065
0.608108
0.676762
0.739209
0.794237
0.841258
0.880257
0.911679
0.936293
0.955054
0.968973
0.979026
0.986078
0.990838
0.993822
0.995329
0.995407
0.993821
0.99003
0.983176
0.972122
0.955541
0.932066
0.900489
0.859983
0.810305
0.751926
0.686073
0.614649
0.540055
0.464934
0.391892
0.323238
0.260791
0.205763
0.158742
0.119743
0.0883209
0.0637062
0.0449444
0.0310194
0.0209487
0.0138471
0.00896107
0.00567919
0.00352589
0.00214506
0.00127918
0.000747959
0.000428959
0.000241366
0.000133288
7.22587e-05
3.84682e-05
2.01165e-05
1.03363e-05
5.21988e-06
2.59154e-06
1.26524e-06
6.07605e-07
2.87085e-07
1.33491e-07
6.11011e-08
2.75364e-08
1.22216e-08
5.34325e-09
2.30166e-09
9.77073e-10
4.08841e-10
1.68661e-10
6.86107e-11
2.7528e-11
