VARIABLEs = X,u
ZONE I=101
datapacking=block
0
0.01
0.02
0.03
0.04
0.05
0.06
0.07
0.08
0.09
0.1
0.11
0.12
0.13
0.14
0.15
0.16
0.17
0.18
0.19
0.2
0.21
0.22
0.23
0.24
0.25
0.26
0.27
0.28
0.29
0.3
0.31
0.32
0.33
0.34
0.35
0.36
0.37
0.38
0.39
0.4
0.41
0.42
0.43
0.44
0.45
0.46
0.47
0.48
0.49
0.5
0.51
0.52
0.53
0.54
0.55
0.56
0.57
0.58
0.59
0.6
0.61
0.62
0.63
0.64
0.65
0.66
0.67
0.68
0.69
0.7
0.71
0.72
0.73
0.74
0.75
0.76
0.77
0.78
0.79
0.8
0.81
0.82
0.83
0.84
0.85
0.86
0.87
0.88
0.89
0.9
0.91
0.92
0.93
0.94
0.95
0.96
0.97
0.98
0.99
1
0
1.00534e-08
1.95499e-07
1.90541e-06
1.24136e-05
6.08351e-05
0.000239294
0.000787277
0.00222926
0.00554885
0.0123406
0.0248447
0.0457701
0.077866
0.123304
0.183029
0.256295
0.340549
0.431735
0.524936
0.615183
0.698198
0.770926
0.831746
0.880399
0.917699
0.945154
0.964586
0.977832
0.986539
0.992066
0.995458
0.997473
0.998631
0.999268
0.99957
0.999576
0.999123
0.997728
0.994431
0.98765
0.975151
0.954228
0.922133
0.876696
0.816971
0.743705
0.659451
0.568265
0.475064
0.384817
0.301802
0.229074
0.168254
0.119601
0.0823006
0.0548461
0.0354141
0.0221684
0.0134611
0.00793389
0.00454177
0.00252683
0.00136715
0.00071981
0.000369022
0.000184324
8.97563e-05
4.26333e-05
1.97641e-05
8.94719e-06
3.95734e-06
1.71099e-06
7.23492e-07
2.99341e-07
1.2124e-07
4.80913e-08
1.86901e-08
7.11973e-09
2.65947e-09
9.74485e-10
3.50402e-10
1.23688e-10
4.28756e-11
1.46003e-11
4.88571e-12
1.60711e-12
5.19814e-13
1.65374e-13
5.17643e-14
1.59463e-14
4.83586e-15
1.44407e-15
4.24735e-16
1.23075e-16
3.5144e-17
9.89157e-18
2.74481e-18
7.51088e-19
2.0272e-19
5.39784e-20
