VARIABLEs = X,u
ZONE I=101
datapacking=block
0
0.01
0.02
0.03
0.04
0.05
0.06
0.07
0.08
0.09
0.1
0.11
0.12
0.13
0.14
0.15
0.16
0.17
0.18
0.19
0.2
0.21
0.22
0.23
0.24
0.25
0.26
0.27
0.28
0.29
0.3
0.31
0.32
0.33
0.34
0.35
0.36
0.37
0.38
0.39
0.4
0.41
0.42
0.43
0.44
0.45
0.46
0.47
0.48
0.49
0.5
0.51
0.52
0.53
0.54
0.55
0.56
0.57
0.58
0.59
0.6
0.61
0.62
0.63
0.64
0.65
0.66
0.67
0.68
0.69
0.7
0.71
0.72
0.73
0.74
0.75
0.76
0.77
0.78
0.79
0.8
0.81
0.82
0.83
0.84
0.85
0.86
0.87
0.88
0.89
0.9
0.91
0.92
0.93
0.94
0.95
0.96
0.97
0.98
0.99
1
0
5.01942e-18
2.05293e-16
4.20023e-15
5.73193e-14
5.86984e-13
4.81164e-12
3.28887e-11
1.92814e-10
9.89786e-10
4.51977e-09
1.859e-08
6.95693e-08
2.3887e-07
7.57813e-07
2.23474e-06
6.15756e-06
1.59248e-05
3.88116e-05
8.94572e-05
0.000195623
0.000407031
0.000807935
0.00153359
0.00278987
0.00487406
0.00819327
0.0132758
0.0207697
0.0314241
0.0460489
0.0654538
0.0903698
0.121361
0.158741
0.202498
0.252255
0.307264
0.366434
0.428403
0.491641
0.554558
0.61563
0.673499
0.727058
0.775502
0.818342
0.855402
0.886769
0.912746
0.933781
0.950399
0.963133
0.972462
0.978757
0.98224
0.98295
0.980732
0.975239
0.965958
0.95226
0.93347
0.908955
0.878222
0.841005
0.79735
0.747655
0.692683
0.633536
0.571579
0.50835
0.445437
0.384367
0.326499
0.27294
0.224496
0.181651
0.144582
0.113192
0.0871646
0.0660231
0.0491935
0.0360587
0.0260043
0.0184529
0.0128861
0.00885691
0.00599248
0.00399176
0.00261833
0.00169145
0.00107632
0.000674751
0.000416814
0.000253752
0.000152272
9.00843e-05
5.25495e-05
3.02309e-05
1.71542e-05
9.6028e-06
