VARIABLEs = X,u
ZONE I=101
datapacking=block
0
0.01
0.02
0.03
0.04
0.05
0.06
0.07
0.08
0.09
0.1
0.11
0.12
0.13
0.14
0.15
0.16
0.17
0.18
0.19
0.2
0.21
0.22
0.23
0.24
0.25
0.26
0.27
0.28
0.29
0.3
0.31
0.32
0.33
0.34
0.35
0.36
0.37
0.38
0.39
0.4
0.41
0.42
0.43
0.44
0.45
0.46
0.47
0.48
0.49
0.5
0.51
0.52
0.53
0.54
0.55
0.56
0.57
0.58
0.59
0.6
0.61
0.62
0.63
0.64
0.65
0.66
0.67
0.68
0.69
0.7
0.71
0.72
0.73
0.74
0.75
0.76
0.77
0.78
0.79
0.8
0.81
0.82
0.83
0.84
0.85
0.86
0.87
0.88
0.89
0.9
0.91
0.92
0.93
0.94
0.95
0.96
0.97
0.98
0.99
1
0
4.11434e-20
1.88074e-18
4.30019e-17
6.55733e-16
7.50256e-15
6.87028e-14
5.2452e-13
3.43416e-12
1.96841e-11
1.00347e-10
4.60673e-10
1.92382e-09
7.3695e-09
2.60771e-08
8.57482e-08
2.63376e-07
7.59052e-07
2.06079e-06
5.28922e-06
1.28741e-05
2.9802e-05
6.57801e-05
0.000138767
0.000280384
0.000543704
0.0010137
0.0018203
0.00315321
0.0052771
0.00854452
0.0134034
0.0203955
0.0301426
0.0433182
0.0606036
0.0826322
0.109925
0.142826
0.181442
0.225604
0.274843
0.328405
0.38528
0.444269
0.504059
0.563314
0.620763
0.675274
0.725919
0.77201
0.813111
0.849032
0.879799
0.90561
0.926782
0.943694
0.956733
0.966234
0.972442
0.975474
0.975298
0.971731
0.964449
0.953018
0.93695
0.915756
0.889027
0.856503
0.818133
0.774132
0.724994
0.671496
0.614661
0.555696
0.49592
0.436673
0.37923
0.32472
0.274073
0.227976
0.186859
0.150902
0.120062
0.0941097
0.0726747
0.0552921
0.0414472
0.0306131
0.0222811
0.0159817
0.0112982
0.0078732
0.00540873
0.00366352
0.00244691
0.00161179
0.00104721
0.000671202
0.000424449
0.000264857
