VARIABLEs = X,u
ZONE I=101
datapacking=block
0
0.01
0.02
0.03
0.04
0.05
0.06
0.07
0.08
0.09
0.1
0.11
0.12
0.13
0.14
0.15
0.16
0.17
0.18
0.19
0.2
0.21
0.22
0.23
0.24
0.25
0.26
0.27
0.28
0.29
0.3
0.31
0.32
0.33
0.34
0.35
0.36
0.37
0.38
0.39
0.4
0.41
0.42
0.43
0.44
0.45
0.46
0.47
0.48
0.49
0.5
0.51
0.52
0.53
0.54
0.55
0.56
0.57
0.58
0.59
0.6
0.61
0.62
0.63
0.64
0.65
0.66
0.67
0.68
0.69
0.7
0.71
0.72
0.73
0.74
0.75
0.76
0.77
0.78
0.79
0.8
0.81
0.82
0.83
0.84
0.85
0.86
0.87
0.88
0.89
0.9
0.91
0.92
0.93
0.94
0.95
0.96
0.97
0.98
0.99
1
0
4.08162e-08
7.3643e-07
6.66222e-06
4.03066e-05
0.000183535
0.000671207
0.00205461
0.00541765
0.0125699
0.0260882
0.0490803
0.0846255
0.134992
0.200864
0.280852
0.371503
0.467809
0.564103
0.655034
0.736382
0.805518
0.86148
0.904722
0.936684
0.959326
0.974726
0.984799
0.991144
0.994999
0.99726
0.998543
0.999247
0.999615
0.999775
0.999729
0.999288
0.997927
0.994574
0.987427
0.97391
0.950919
0.915374
0.865008
0.799136
0.719148
0.628497
0.532191
0.435897
0.344966
0.263618
0.194482
0.13852
0.0952784
0.0633164
0.0406741
0.025274
0.0152013
0.00885619
0.00500139
0.00273987
0.00145706
0.000752751
0.000378052
0.000184705
8.78461e-05
4.0697e-05
1.83769e-05
8.09312e-06
3.47813e-06
1.45951e-06
5.98327e-07
2.39755e-07
9.39538e-08
3.6024e-08
1.35209e-08
4.96992e-09
1.78986e-09
6.31827e-10
2.18707e-10
7.42655e-11
2.47477e-11
8.09598e-12
2.60102e-12
8.20939e-13
2.54633e-13
7.76418e-14
2.32805e-14
6.86649e-15
1.99276e-15
5.69211e-16
1.60071e-16
4.43295e-17
1.20927e-17
3.25027e-18
8.60964e-19
2.24816e-19
5.78823e-20
1.46975e-20
3.68139e-21
9.09805e-22
