VARIABLEs = X,u
ZONE I=101
datapacking=block
0
0.01
0.02
0.03
0.04
0.05
0.06
0.07
0.08
0.09
0.1
0.11
0.12
0.13
0.14
0.15
0.16
0.17
0.18
0.19
0.2
0.21
0.22
0.23
0.24
0.25
0.26
0.27
0.28
0.29
0.3
0.31
0.32
0.33
0.34
0.35
0.36
0.37
0.38
0.39
0.4
0.41
0.42
0.43
0.44
0.45
0.46
0.47
0.48
0.49
0.5
0.51
0.52
0.53
0.54
0.55
0.56
0.57
0.58
0.59
0.6
0.61
0.62
0.63
0.64
0.65
0.66
0.67
0.68
0.69
0.7
0.71
0.72
0.73
0.74
0.75
0.76
0.77
0.78
0.79
0.8
0.81
0.82
0.83
0.84
0.85
0.86
0.87
0.88
0.89
0.9
0.91
0.92
0.93
0.94
0.95
0.96
0.97
0.98
0.99
1
0
4.10887e-18
1.68876e-16
3.47206e-15
4.7614e-14
4.89977e-13
4.03605e-12
2.77217e-11
1.63312e-10
8.42413e-10
3.86544e-09
1.59756e-08
6.00738e-08
2.07259e-07
6.60684e-07
1.95764e-06
5.41977e-06
1.40834e-05
3.44861e-05
7.9862e-05
0.00017546
0.000366782
0.000731421
0.00139476
0.00254892
0.00447334
0.00755353
0.0122938
0.0193182
0.0293553
0.0432021
0.0616672
0.0854957
0.115284
0.151392
0.193874
0.242424
0.296369
0.354685
0.416068
0.479021
0.541971
0.603381
0.661863
0.716262
0.765712
0.809663
0.847875
0.880381
0.907442
0.929475
0.946987
0.960508
0.970528
0.977437
0.981487
0.982752
0.981117
0.976272
0.967739
0.954912
0.937127
0.913745
0.884245
0.848319
0.805952
0.757472
0.703571
0.64528
0.583912
0.520968
0.458023
0.396615
0.338135
0.283736
0.234286
0.190331
0.152111
0.119584
0.0924778
0.0703498
0.0526465
0.0387604
0.0280777
0.0200141
0.01404
0.00969418
0.00658923
0.00440963
0.00290592
0.00188603
0.00120579
0.000759487
0.000471381
0.000288337
0.000173851
0.000103342
6.05722e-05
3.50137e-05
1.99637e-05
1.12294e-05
