VARIABLEs = X,u
ZONE I=101
datapacking=block
0
0.01
0.02
0.03
0.04
0.05
0.06
0.07
0.08
0.09
0.1
0.11
0.12
0.13
0.14
0.15
0.16
0.17
0.18
0.19
0.2
0.21
0.22
0.23
0.24
0.25
0.26
0.27
0.28
0.29
0.3
0.31
0.32
0.33
0.34
0.35
0.36
0.37
0.38
0.39
0.4
0.41
0.42
0.43
0.44
0.45
0.46
0.47
0.48
0.49
0.5
0.51
0.52
0.53
0.54
0.55
0.56
0.57
0.58
0.59
0.6
0.61
0.62
0.63
0.64
0.65
0.66
0.67
0.68
0.69
0.7
0.71
0.72
0.73
0.74
0.75
0.76
0.77
0.78
0.79
0.8
0.81
0.82
0.83
0.84
0.85
0.86
0.87
0.88
0.89
0.9
0.91
0.92
0.93
0.94
0.95
0.96
0.97
0.98
0.99
1
0
7.4906e-18
3.0336e-16
6.14585e-15
8.30503e-14
8.42176e-13
6.83615e-12
4.62714e-11
2.68633e-10
1.36561e-09
6.17551e-09
2.51545e-08
9.32276e-08
3.17021e-07
9.96097e-07
2.90932e-06
7.93984e-06
2.03391e-05
4.91008e-05
0.000112106
0.000242853
0.000500588
0.000984426
0.00185138
0.00333718
0.00577735
0.00962436
0.0154558
0.0239675
0.035947
0.0522254
0.0736071
0.100785
0.13425
0.174207
0.22051
0.272634
0.329679
0.390422
0.4534
0.51702
0.579682
0.639894
0.696376
0.748125
0.794461
0.835026
0.869761
0.898862
0.922709
0.941805
0.956699
0.967922
0.975926
0.981037
0.98341
0.983012
0.979608
0.972775
0.961936
0.94642
0.925539
0.898685
0.865426
0.825598
0.779374
0.727298
0.670282
0.609555
0.546587
0.482973
0.420314
0.360103
0.303623
0.251873
0.205536
0.164966
0.130218
0.101089
0.0771788
0.0579519
0.0428002
0.0310935
0.0222222
0.0156262
0.0108126
0.00736338
0.00493588
0.00325734
0.00211662
0.0013545
0.000853778
0.000530172
0.000324392
0.000195606
0.000116258
6.812e-05
3.93556e-05
2.2423e-05
1.26011e-05
6.98595e-06
