VARIABLEs = X,u
ZONE I=101
datapacking=block
0
0.01
0.02
0.03
0.04
0.05
0.06
0.07
0.08
0.09
0.1
0.11
0.12
0.13
0.14
0.15
0.16
0.17
0.18
0.19
0.2
0.21
0.22
0.23
0.24
0.25
0.26
0.27
0.28
0.29
0.3
0.31
0.32
0.33
0.34
0.35
0.36
0.37
0.38
0.39
0.4
0.41
0.42
0.43
0.44
0.45
0.46
0.47
0.48
0.49
0.5
0.51
0.52
0.53
0.54
0.55
0.56
0.57
0.58
0.59
0.6
0.61
0.62
0.63
0.64
0.65
0.66
0.67
0.68
0.69
0.7
0.71
0.72
0.73
0.74
0.75
0.76
0.77
0.78
0.79
0.8
0.81
0.82
0.83
0.84
0.85
0.86
0.87
0.88
0.89
0.9
0.91
0.92
0.93
0.94
0.95
0.96
0.97
0.98
0.99
1
0
1.85238e-24
1.03246e-22
2.87798e-21
5.34955e-20
7.45969e-19
8.32403e-18
7.74267e-17
6.17495e-16
4.31046e-15
2.67552e-14
1.49517e-13
7.59875e-13
3.54142e-12
1.52416e-11
6.09381e-11
2.27502e-10
7.96644e-10
2.62686e-09
8.18502e-09
2.41752e-08
6.78741e-08
1.81604e-07
4.64123e-07
1.13538e-06
2.66376e-06
6.00428e-06
1.30244e-05
2.72301e-05
5.49483e-05
0.000107165
0.000202249
0.0003698
0.000655811
0.00112922
0.00188973
0.00307653
0.00487702
0.00753466
0.0113541
0.0167025
0.0240042
0.0337294
0.0463737
0.0624306
0.0823572
0.106536
0.135237
0.168579
0.206506
0.248768
0.294917
0.344322
0.396196
0.449634
0.503661
0.557292
0.609576
0.659649
0.70677
0.750348
0.789956
0.825325
0.856333
0.882981
0.905359
0.923609
0.937888
0.948335
0.955039
0.958018
0.957213
0.952484
0.943629
0.930408
0.912573
0.889918
0.862312
0.829746
0.792363
0.750477
0.704585
0.655352
0.603594
0.550232
0.496251
0.442649
0.390378
0.340304
0.293163
0.249537
0.209837
0.174303
0.14301
0.115889
0.0927506
0.0733143
0.0572345
0.04413
0.033607
0.0252793
