VARIABLEs = X,u
ZONE I=101
datapacking=block
0
0.01
0.02
0.03
0.04
0.05
0.06
0.07
0.08
0.09
0.1
0.11
0.12
0.13
0.14
0.15
0.16
0.17
0.18
0.19
0.2
0.21
0.22
0.23
0.24
0.25
0.26
0.27
0.28
0.29
0.3
0.31
0.32
0.33
0.34
0.35
0.36
0.37
0.38
0.39
0.4
0.41
0.42
0.43
0.44
0.45
0.46
0.47
0.48
0.49
0.5
0.51
0.52
0.53
0.54
0.55
0.56
0.57
0.58
0.59
0.6
0.61
0.62
0.63
0.64
0.65
0.66
0.67
0.68
0.69
0.7
0.71
0.72
0.73
0.74
0.75
0.76
0.77
0.78
0.79
0.8
0.81
0.82
0.83
0.84
0.85
0.86
0.87
0.88
0.89
0.9
0.91
0.92
0.93
0.94
0.95
0.96
0.97
0.98
0.99
1
0
1.11487e-13
3.44212e-12
5.31846e-11
5.48368e-10
4.24493e-09
2.63176e-08
1.36134e-07
6.04376e-07
2.3511e-06
8.14234e-06
2.54209e-05
7.22804e-05
0.000188761
0.000455999
0.00102527
0.00215696
0.00426596
0.00796473
0.0140908
0.0237023
0.0380274
0.0583597
0.0859052
0.121598
0.16592
0.218754
0.279308
0.346141
0.417265
0.490347
0.562936
0.632709
0.69768
0.756346
0.807761
0.851536
0.887771
0.916955
0.93984
0.957324
0.970339
0.979765
0.986372
0.990765
0.993354
0.994314
0.993561
0.990723
0.985131
0.975845
0.961714
0.941495
0.914015
0.878358
0.834057
0.781234
0.720685
0.653856
0.582733
0.509652
0.437064
0.367291
0.30232
0.243654
0.192239
0.148464
0.112229
0.0830447
0.0601573
0.0426675
0.0296359
0.0201625
0.0134393
0.00877854
0.00562078
0.00352872
0.00217271
0.00131243
0.000777961
0.000452659
0.000258605
0.000145103
7.9985e-05
4.33262e-05
2.30684e-05
1.2076e-05
6.21703e-06
3.14849e-06
1.56888e-06
7.69397e-07
3.7144e-07
1.76565e-07
8.26599e-08
3.81205e-08
1.73216e-08
7.75672e-09
3.42386e-09
1.49001e-09
6.39422e-10
2.7064e-10
