VARIABLEs = X,u
ZONE I=101
datapacking=block
0
0.01
0.02
0.03
0.04
0.05
0.06
0.07
0.08
0.09
0.1
0.11
0.12
0.13
0.14
0.15
0.16
0.17
0.18
0.19
0.2
0.21
0.22
0.23
0.24
0.25
0.26
0.27
0.28
0.29
0.3
0.31
0.32
0.33
0.34
0.35
0.36
0.37
0.38
0.39
0.4
0.41
0.42
0.43
0.44
0.45
0.46
0.47
0.48
0.49
0.5
0.51
0.52
0.53
0.54
0.55
0.56
0.57
0.58
0.59
0.6
0.61
0.62
0.63
0.64
0.65
0.66
0.67
0.68
0.69
0.7
0.71
0.72
0.73
0.74
0.75
0.76
0.77
0.78
0.79
0.8
0.81
0.82
0.83
0.84
0.85
0.86
0.87
0.88
0.89
0.9
0.91
0.92
0.93
0.94
0.95
0.96
0.97
0.98
0.99
1
0
1.83033e-06
2.60512e-05
0.000186249
0.00089237
0.00322595
0.00939376
0.0229751
0.0486025
0.0909067
0.15297
0.234904
0.333224
0.441367
0.551158
0.654655
0.745715
0.820827
0.879142
0.921905
0.951617
0.97123
0.983563
0.990967
0.99522
0.997562
0.998799
0.999429
0.999737
0.999883
0.99995
0.999977
0.999965
0.99981
0.999106
0.996774
0.990606
0.977025
0.951398
0.909093
0.84703
0.765096
0.666776
0.558633
0.448842
0.345345
0.254285
0.179173
0.120858
0.0780946
0.0483834
0.0287698
0.0164367
0.00903258
0.00477989
0.00243847
0.00120056
0.000571056
0.000262694
0.000116984
5.04804e-05
2.11269e-05
8.58309e-06
3.38776e-06
1.30014e-06
4.85523e-07
1.76559e-07
6.25654e-08
2.16191e-08
7.28919e-09
2.39953e-09
7.71682e-10
2.42583e-10
7.45811e-11
2.24374e-11
6.60862e-12
1.90657e-12
5.39017e-13
1.49401e-13
4.06158e-14
1.08345e-14
2.83704e-15
7.29524e-16
1.84285e-16
4.57486e-17
1.11648e-17
2.67956e-18
6.32631e-19
1.46979e-19
3.36131e-20
7.56906e-21
1.67873e-21
3.66815e-22
7.89878e-23
1.67662e-23
3.50898e-24
7.24284e-25
1.47477e-25
2.96299e-26
5.87523e-27
1.15002e-27
