VARIABLEs = X,u
ZONE I=101
datapacking=block
0
0.01
0.02
0.03
0.04
0.05
0.06
0.07
0.08
0.09
0.1
0.11
0.12
0.13
0.14
0.15
0.16
0.17
0.18
0.19
0.2
0.21
0.22
0.23
0.24
0.25
0.26
0.27
0.28
0.29
0.3
0.31
0.32
0.33
0.34
0.35
0.36
0.37
0.38
0.39
0.4
0.41
0.42
0.43
0.44
0.45
0.46
0.47
0.48
0.49
0.5
0.51
0.52
0.53
0.54
0.55
0.56
0.57
0.58
0.59
0.6
0.61
0.62
0.63
0.64
0.65
0.66
0.67
0.68
0.69
0.7
0.71
0.72
0.73
0.74
0.75
0.76
0.77
0.78
0.79
0.8
0.81
0.82
0.83
0.84
0.85
0.86
0.87
0.88
0.89
0.9
0.91
0.92
0.93
0.94
0.95
0.96
0.97
0.98
0.99
1
0
0.000407076
0.00359023
0.0160277
0.0484071
0.111599
0.210221
0.338445
0.481306
0.62056
0.741206
0.835282
0.901975
0.945325
0.971341
0.985844
0.993393
0.997079
0.998773
0.99951
0.999813
0.999932
0.999976
0.999992
0.999997
0.999999
1
1
1
1
1
0.999593
0.99641
0.983972
0.951593
0.888401
0.789779
0.661555
0.518694
0.37944
0.258794
0.164718
0.0980246
0.0546749
0.0286591
0.0141562
0.00660709
0.00292137
0.00122673
0.000490354
0.000186992
6.81683e-05
2.38024e-05
7.97481e-06
2.5681e-06
7.9612e-07
2.37938e-07
6.86545e-08
1.91497e-08
5.16979e-09
1.3524e-09
3.4319e-10
8.45682e-11
2.02557e-11
4.72015e-12
1.07106e-12
2.36857e-13
5.10876e-14
1.07555e-14
2.21177e-15
4.44576e-16
8.74043e-17
1.68179e-17
3.16902e-18
5.85115e-19
1.05916e-19
1.88066e-20
3.27727e-21
5.60761e-22
9.42565e-23
1.55707e-23
2.52904e-24
4.04051e-25
6.35221e-26
9.83083e-27
1.49829e-27
2.24955e-28
3.32848e-29
4.85501e-30
6.98346e-31
9.90888e-32
1.38735e-32
1.91725e-33
2.61597e-34
3.52505e-35
4.69239e-36
6.17207e-37
8.02391e-38
1.03125e-38
1.31061e-39
1.64744e-40
