VARIABLEs = X,u
ZONE I=101
datapacking=block
0
0.01
0.02
0.03
0.04
0.05
0.06
0.07
0.08
0.09
0.1
0.11
0.12
0.13
0.14
0.15
0.16
0.17
0.18
0.19
0.2
0.21
0.22
0.23
0.24
0.25
0.26
0.27
0.28
0.29
0.3
0.31
0.32
0.33
0.34
0.35
0.36
0.37
0.38
0.39
0.4
0.41
0.42
0.43
0.44
0.45
0.46
0.47
0.48
0.49
0.5
0.51
0.52
0.53
0.54
0.55
0.56
0.57
0.58
0.59
0.6
0.61
0.62
0.63
0.64
0.65
0.66
0.67
0.68
0.69
0.7
0.71
0.72
0.73
0.74
0.75
0.76
0.77
0.78
0.79
0.8
0.81
0.82
0.83
0.84
0.85
0.86
0.87
0.88
0.89
0.9
0.91
0.92
0.93
0.94
0.95
0.96
0.97
0.98
0.99
1
0
0.00033323
0.00300575
0.0137159
0.0423145
0.0995608
0.191198
0.3134
0.453048
0.592664
0.716728
0.815948
0.888091
0.936183
0.965782
0.982704
0.991737
0.996259
0.998392
0.999342
0.999743
0.999904
0.999966
0.999988
0.999996
0.999999
1
1
1
1
1
0.999667
0.996994
0.986284
0.957686
0.900439
0.808802
0.6866
0.546952
0.407336
0.283272
0.184052
0.111909
0.0638173
0.0342177
0.0172957
0.00826294
0.00374056
0.00160841
0.00065843
0.000257166
9.60257e-05
3.43446e-05
1.17869e-05
3.88805e-06
1.23463e-06
3.77965e-07
1.11705e-07
3.19127e-08
8.82373e-09
2.36395e-09
6.1432e-10
1.55012e-10
3.80165e-11
9.07016e-12
2.10704e-12
4.76988e-13
1.05308e-13
2.26913e-14
4.77544e-15
9.82249e-16
1.97591e-16
3.88975e-17
7.49797e-18
1.41607e-18
2.62167e-19
4.76055e-20
8.48282e-21
1.48402e-21
2.55008e-22
4.30609e-23
7.14847e-24
1.16715e-24
1.87497e-25
2.96475e-26
4.61604e-27
7.07938e-28
1.06984e-28
1.59361e-29
2.34061e-30
3.39077e-31
4.8464e-32
6.83633e-33
9.5199e-34
1.30908e-34
1.77806e-35
2.38605e-36
3.16431e-37
4.14811e-38
5.37647e-39
6.89158e-40
