VARIABLEs = X,u
ZONE I=101
datapacking=block
0
0.01
0.02
0.03
0.04
0.05
0.06
0.07
0.08
0.09
0.1
0.11
0.12
0.13
0.14
0.15
0.16
0.17
0.18
0.19
0.2
0.21
0.22
0.23
0.24
0.25
0.26
0.27
0.28
0.29
0.3
0.31
0.32
0.33
0.34
0.35
0.36
0.37
0.38
0.39
0.4
0.41
0.42
0.43
0.44
0.45
0.46
0.47
0.48
0.49
0.5
0.51
0.52
0.53
0.54
0.55
0.56
0.57
0.58
0.59
0.6
0.61
0.62
0.63
0.64
0.65
0.66
0.67
0.68
0.69
0.7
0.71
0.72
0.73
0.74
0.75
0.76
0.77
0.78
0.79
0.8
0.81
0.82
0.83
0.84
0.85
0.86
0.87
0.88
0.89
0.9
0.91
0.92
0.93
0.94
0.95
0.96
0.97
0.98
0.99
1
0
5.02611e-20
2.28745e-18
5.20718e-17
7.90563e-16
9.00564e-15
8.21066e-14
6.24118e-13
4.06843e-12
2.32182e-11
1.17849e-10
5.38672e-10
2.2398e-09
8.54282e-09
3.00985e-08
9.85452e-08
3.01382e-07
8.64861e-07
2.33801e-06
5.97518e-06
1.4482e-05
3.33822e-05
7.33717e-05
0.000154132
0.000310129
0.000598884
0.00111197
0.00198855
0.00343061
0.0057181
0.00922141
0.0144077
0.0218374
0.0321481
0.0460229
0.0641438
0.0871338
0.11549
0.149519
0.18928
0.234546
0.284792
0.339202
0.39672
0.456107
0.516031
0.575153
0.632214
0.686116
0.735969
0.781136
0.821231
0.856113
0.88585
0.910673
0.930924
0.946992
0.959263
0.968064
0.973618
0.976017
0.975199
0.97095
0.962917
0.950649
0.933642
0.911414
0.88357
0.849881
0.810343
0.765219
0.715064
0.660711
0.603228
0.543862
0.483951
0.424837
0.367779
0.313879
0.264023
0.218849
0.178735
0.143814
0.113996
0.0890167
0.0684775
0.0518959
0.0387482
0.0285057
0.020664
0.0147618
0.0103933
0.00721283
0.00493461
0.00332851
0.00221388
0.00145219
0.000939544
0.000599651
0.000377596
0.000234621
