VARIABLEs = X,u
ZONE I=101
datapacking=block
0
0.01
0.02
0.03
0.04
0.05
0.06
0.07
0.08
0.09
0.1
0.11
0.12
0.13
0.14
0.15
0.16
0.17
0.18
0.19
0.2
0.21
0.22
0.23
0.24
0.25
0.26
0.27
0.28
0.29
0.3
0.31
0.32
0.33
0.34
0.35
0.36
0.37
0.38
0.39
0.4
0.41
0.42
0.43
0.44
0.45
0.46
0.47
0.48
0.49
0.5
0.51
0.52
0.53
0.54
0.55
0.56
0.57
0.58
0.59
0.6
0.61
0.62
0.63
0.64
0.65
0.66
0.67
0.68
0.69
0.7
0.71
0.72
0.73
0.74
0.75
0.76
0.77
0.78
0.79
0.8
0.81
0.82
0.83
0.84
0.85
0.86
0.87
0.88
0.89
0.9
0.91
0.92
0.93
0.94
0.95
0.96
0.97
0.98
0.99
1
0
8.27358e-17
3.15163e-15
6.00608e-14
7.63512e-13
7.28417e-12
5.56329e-11
3.5434e-10
1.93598e-09
9.26301e-09
3.94312e-08
1.51212e-07
5.27696e-07
1.68994e-06
5.00156e-06
1.37627e-05
3.5394e-05
8.54591e-05
0.000194509
0.000418825
0.000855924
0.00166501
0.00309124
0.00549094
0.00935275
0.0153083
0.0241247
0.036674
0.0538742
0.0766059
0.105611
0.141387
0.184088
0.233463
0.288821
0.349061
0.412741
0.478187
0.543628
0.607342
0.667785
0.723692
0.774141
0.818581
0.856816
0.888963
0.91538
0.936597
0.953231
0.965914
0.975224
0.98163
0.985439
0.986765
0.985505
0.981333
0.973717
0.961961
0.945277
0.922874
0.894075
0.858427
0.815802
0.766475
0.711144
0.650919
0.587248
0.521807
0.456369
0.392656
0.332214
0.276308
0.225859
0.181417
0.143178
0.111023
0.0845845
0.0633177
0.0465746
0.0336673
0.0239196
0.0167051
0.0114699
0.00774389
0.00514188
0.00335836
0.00215803
0.00136456
0.000849215
0.000520256
0.000313815
0.000186412
0.000109068
6.28684e-05
3.57074e-05
1.99874e-05
1.10283e-05
5.9992e-06
3.21802e-06
1.70245e-06
8.88426e-07
