VARIABLEs = X,u
ZONE I=101
datapacking=block
0
0.01
0.02
0.03
0.04
0.05
0.06
0.07
0.08
0.09
0.1
0.11
0.12
0.13
0.14
0.15
0.16
0.17
0.18
0.19
0.2
0.21
0.22
0.23
0.24
0.25
0.26
0.27
0.28
0.29
0.3
0.31
0.32
0.33
0.34
0.35
0.36
0.37
0.38
0.39
0.4
0.41
0.42
0.43
0.44
0.45
0.46
0.47
0.48
0.49
0.5
0.51
0.52
0.53
0.54
0.55
0.56
0.57
0.58
0.59
0.6
0.61
0.62
0.63
0.64
0.65
0.66
0.67
0.68
0.69
0.7
0.71
0.72
0.73
0.74
0.75
0.76
0.77
0.78
0.79
0.8
0.81
0.82
0.83
0.84
0.85
0.86
0.87
0.88
0.89
0.9
0.91
0.92
0.93
0.94
0.95
0.96
0.97
0.98
0.99
1
0
6.75469e-13
1.9636e-11
2.85701e-10
2.77433e-09
2.02294e-08
1.18156e-07
5.75914e-07
2.40974e-06
8.83705e-06
2.88582e-05
8.49803e-05
0.00022798
0.000561943
0.00128181
0.00272251
0.00541339
0.0101247
0.0178878
0.0299677
0.0477742
0.0727084
0.105959
0.148281
0.199806
0.259919
0.327243
0.399743
0.474923
0.550096
0.622671
0.690401
0.751572
0.805093
0.850502
0.887897
0.917813
0.941081
0.95869
0.971662
0.980961
0.98743
0.991745
0.994384
0.995601
0.995394
0.993471
0.989227
0.981743
0.969826
0.952113
0.927231
0.894009
0.851703
0.800186
0.740077
0.672755
0.600256
0.525077
0.449904
0.377329
0.309599
0.248428
0.194907
0.149498
0.112103
0.0821873
0.0589182
0.0413076
0.0283296
0.0190101
0.0124848
0.00802706
0.005054
0.0031171
0.00188382
0.00111592
0.000648146
0.000369225
0.000206358
0.000113188
6.0947e-05
3.22264e-05
1.6738e-05
8.54186e-06
4.2843e-06
2.11254e-06
1.02434e-06
4.88553e-07
2.29255e-07
1.05871e-07
4.81267e-08
2.15405e-08
9.49477e-09
4.12261e-09
1.76366e-09
7.43548e-10
3.08989e-10
1.26593e-10
5.11438e-11
2.03789e-11
