VARIABLEs = X,u
ZONE I=101
datapacking=block
0
0.01
0.02
0.03
0.04
0.05
0.06
0.07
0.08
0.09
0.1
0.11
0.12
0.13
0.14
0.15
0.16
0.17
0.18
0.19
0.2
0.21
0.22
0.23
0.24
0.25
0.26
0.27
0.28
0.29
0.3
0.31
0.32
0.33
0.34
0.35
0.36
0.37
0.38
0.39
0.4
0.41
0.42
0.43
0.44
0.45
0.46
0.47
0.48
0.49
0.5
0.51
0.52
0.53
0.54
0.55
0.56
0.57
0.58
0.59
0.6
0.61
0.62
0.63
0.64
0.65
0.66
0.67
0.68
0.69
0.7
0.71
0.72
0.73
0.74
0.75
0.76
0.77
0.78
0.79
0.8
0.81
0.82
0.83
0.84
0.85
0.86
0.87
0.88
0.89
0.9
0.91
0.92
0.93
0.94
0.95
0.96
0.97
0.98
0.99
1
0
1.51635e-24
8.48207e-23
2.37287e-21
4.42651e-20
6.19472e-19
6.9373e-18
6.47593e-17
5.1832e-16
3.63112e-15
2.26191e-14
1.26855e-13
6.47003e-13
3.02613e-12
1.30703e-11
5.24429e-11
1.96482e-10
6.90463e-10
2.2848e-09
7.1444e-09
2.11761e-08
5.96636e-08
1.60197e-07
4.10852e-07
1.00859e-06
2.37455e-06
5.37104e-06
1.16913e-05
2.45276e-05
4.96657e-05
9.71954e-05
0.000184062
0.000337696
0.000600911
0.00103818
0.00174323
0.00284749
0.00452892
0.00701992
0.010613
0.0156629
0.0225823
0.0318322
0.0439025
0.0592867
0.0784486
0.101785
0.129587
0.162003
0.199013
0.240403
0.285766
0.334507
0.385872
0.438979
0.492869
0.54656
0.599094
0.649591
0.697288
0.741563
0.781956
0.818167
0.850045
0.877565
0.900798
0.919876
0.934953
0.946169
0.953623
0.957348
0.957298
0.953352
0.945318
0.932965
0.916048
0.894353
0.867734
0.83616
0.799743
0.758764
0.713682
0.665131
0.613894
0.56087
0.507034
0.453376
0.400858
0.350362
0.302649
0.258332
0.217855
0.181493
0.149353
0.121396
0.0974582
0.077276
0.0605181
0.0468109
0.0357638
0.0269893
