VARIABLEs = X,u
ZONE I=101
datapacking=block
0
0.01
0.02
0.03
0.04
0.05
0.06
0.07
0.08
0.09
0.1
0.11
0.12
0.13
0.14
0.15
0.16
0.17
0.18
0.19
0.2
0.21
0.22
0.23
0.24
0.25
0.26
0.27
0.28
0.29
0.3
0.31
0.32
0.33
0.34
0.35
0.36
0.37
0.38
0.39
0.4
0.41
0.42
0.43
0.44
0.45
0.46
0.47
0.48
0.49
0.5
0.51
0.52
0.53
0.54
0.55
0.56
0.57
0.58
0.59
0.6
0.61
0.62
0.63
0.64
0.65
0.66
0.67
0.68
0.69
0.7
0.71
0.72
0.73
0.74
0.75
0.76
0.77
0.78
0.79
0.8
0.81
0.82
0.83
0.84
0.85
0.86
0.87
0.88
0.89
0.9
0.91
0.92
0.93
0.94
0.95
0.96
0.97
0.98
0.99
1
0
2.2419e-10
5.21368e-09
6.07233e-08
4.72343e-07
2.76108e-06
1.294e-05
5.06576e-05
0.000170432
0.000503186
0.00132478
0.00315027
0.00683702
0.0136615
0.025321
0.0438164
0.0711971
0.109195
0.158821
0.22003
0.291547
0.370928
0.454839
0.539503
0.621214
0.696788
0.763891
0.821181
0.868284
0.905629
0.934218
0.955376
0.97053
0.981045
0.988121
0.992741
0.995665
0.997437
0.998404
0.998707
0.998248
0.996624
0.993046
0.986279
0.97465
0.956169
0.928796
0.890802
0.841178
0.77997
0.708452
0.629072
0.545161
0.460497
0.378786
0.303212
0.236109
0.178819
0.131716
0.094371
0.065782
0.0446243
0.0294702
0.0189547
0.0118782
0.0072558
0.00432229
0.00251211
0.00142516
0.000789562
0.000427375
0.000226114
0.000116986
5.92132e-05
2.93336e-05
1.42284e-05
6.7603e-06
3.1475e-06
1.43656e-06
6.42981e-07
2.82326e-07
1.21655e-07
5.14624e-08
2.13782e-08
8.72397e-09
3.49829e-09
1.37889e-09
5.34392e-10
2.03692e-10
7.63828e-11
2.81864e-11
1.02381e-11
3.66144e-12
1.28956e-12
4.47396e-13
1.52936e-13
5.1522e-14
1.71096e-14
5.602e-15
1.80883e-15
5.76094e-16
