VARIABLEs = X,u
ZONE I=101
datapacking=block
0
0.01
0.02
0.03
0.04
0.05
0.06
0.07
0.08
0.09
0.1
0.11
0.12
0.13
0.14
0.15
0.16
0.17
0.18
0.19
0.2
0.21
0.22
0.23
0.24
0.25
0.26
0.27
0.28
0.29
0.3
0.31
0.32
0.33
0.34
0.35
0.36
0.37
0.38
0.39
0.4
0.41
0.42
0.43
0.44
0.45
0.46
0.47
0.48
0.49
0.5
0.51
0.52
0.53
0.54
0.55
0.56
0.57
0.58
0.59
0.6
0.61
0.62
0.63
0.64
0.65
0.66
0.67
0.68
0.69
0.7
0.71
0.72
0.73
0.74
0.75
0.76
0.77
0.78
0.79
0.8
0.81
0.82
0.83
0.84
0.85
0.86
0.87
0.88
0.89
0.9
0.91
0.92
0.93
0.94
0.95
0.96
0.97
0.98
0.99
1
0
1.23304e-14
4.07893e-13
6.75176e-12
7.45684e-11
6.18215e-10
4.10419e-09
2.2729e-08
1.08011e-07
4.49653e-07
1.66607e-06
5.56356e-06
1.69149e-05
4.72168e-05
0.000121877
0.000292675
0.000657319
0.0013871
0.0027616
0.00520641
0.00932577
0.0159192
0.0259693
0.0405912
0.0609387
0.0880724
0.122807
0.16556
0.216231
0.274141
0.338039
0.406194
0.476543
0.546887
0.615094
0.679284
0.737967
0.790127
0.835236
0.873221
0.904387
0.929318
0.948769
0.963568
0.974531
0.98239
0.987736
0.99098
0.992312
0.991673
0.988733
0.982895
0.973319
0.958989
0.938818
0.911789
0.877115
0.834397
0.783746
0.725847
0.661954
0.593802
0.523455
0.453112
0.384905
0.320716
0.262032
0.209873
0.164764
0.126778
0.0956109
0.0706764
0.0512142
0.0363844
0.0253467
0.0173178
0.0116069
0.00763295
0.00492628
0.00312105
0.00194152
0.00118619
0.000711934
0.000419866
0.000243374
0.000138687
7.77146e-05
4.28331e-05
2.32257e-05
1.23929e-05
6.50868e-06
3.36532e-06
1.71344e-06
8.59244e-07
4.24484e-07
2.06631e-07
9.91305e-08
4.68796e-08
2.18581e-08
1.00502e-08
4.55776e-09
