VARIABLEs = X,u
ZONE I=101
datapacking=block
0
0.01
0.02
0.03
0.04
0.05
0.06
0.07
0.08
0.09
0.1
0.11
0.12
0.13
0.14
0.15
0.16
0.17
0.18
0.19
0.2
0.21
0.22
0.23
0.24
0.25
0.26
0.27
0.28
0.29
0.3
0.31
0.32
0.33
0.34
0.35
0.36
0.37
0.38
0.39
0.4
0.41
0.42
0.43
0.44
0.45
0.46
0.47
0.48
0.49
0.5
0.51
0.52
0.53
0.54
0.55
0.56
0.57
0.58
0.59
0.6
0.61
0.62
0.63
0.64
0.65
0.66
0.67
0.68
0.69
0.7
0.71
0.72
0.73
0.74
0.75
0.76
0.77
0.78
0.79
0.8
0.81
0.82
0.83
0.84
0.85
0.86
0.87
0.88
0.89
0.9
0.91
0.92
0.93
0.94
0.95
0.96
0.97
0.98
0.99
1
0
1.66818e-17
6.62212e-16
1.31506e-14
1.74195e-13
1.73158e-12
1.37787e-11
9.14287e-11
5.20374e-10
2.59349e-09
1.14987e-08
4.5923e-08
1.66885e-07
5.56472e-07
1.7146e-06
4.91116e-06
1.31452e-05
3.30278e-05
7.82106e-05
0.000175176
0.000372303
0.000752992
0.00145312
0.00268212
0.00474558
0.00806554
0.0131932
0.0208078
0.0316964
0.0467097
0.0666958
0.092414
0.12444
0.163072
0.208262
0.259565
0.316144
0.376806
0.440089
0.504368
0.567983
0.629367
0.687155
0.740261
0.78793
0.829744
0.865606
0.895685
0.920359
0.940142
0.955607
0.967318
0.975771
0.981337
0.984224
0.984444
0.981801
0.975899
0.966172
0.951931
0.932451
0.907059
0.875239
0.836735
0.791624
0.740369
0.683818
0.623172
0.559899
0.495626
0.432014
0.370631
0.312844
0.259738
0.212068
0.170251
0.134381
0.104282
0.0795623
0.0596825
0.0440211
0.0319293
0.0227762
0.0159806
0.0110303
0.00749086
0.00500604
0.00329268
0.00213192
0.00135905
0.000853143
0.000527481
0.000321269
0.000192791
0.000114009
6.64507e-05
3.81812e-05
2.16303e-05
1.20842e-05
6.65862e-06
3.61942e-06
