VARIABLEs = X,u
ZONE I=101
datapacking=block
0
0.01
0.02
0.03
0.04
0.05
0.06
0.07
0.08
0.09
0.1
0.11
0.12
0.13
0.14
0.15
0.16
0.17
0.18
0.19
0.2
0.21
0.22
0.23
0.24
0.25
0.26
0.27
0.28
0.29
0.3
0.31
0.32
0.33
0.34
0.35
0.36
0.37
0.38
0.39
0.4
0.41
0.42
0.43
0.44
0.45
0.46
0.47
0.48
0.49
0.5
0.51
0.52
0.53
0.54
0.55
0.56
0.57
0.58
0.59
0.6
0.61
0.62
0.63
0.64
0.65
0.66
0.67
0.68
0.69
0.7
0.71
0.72
0.73
0.74
0.75
0.76
0.77
0.78
0.79
0.8
0.81
0.82
0.83
0.84
0.85
0.86
0.87
0.88
0.89
0.9
0.91
0.92
0.93
0.94
0.95
0.96
0.97
0.98
0.99
1
0
3.35009e-12
9.20142e-11
1.26509e-09
1.16102e-08
8.00216e-08
4.4188e-07
2.03665e-06
8.06009e-06
2.79638e-05
8.64175e-05
0.000240898
0.000611997
0.00142908
0.00308955
0.00622259
0.0117395
0.0208462
0.034993
0.055747
0.0845896
0.122667
0.170539
0.227987
0.293926
0.366457
0.443044
0.520804
0.596828
0.668501
0.733742
0.79115
0.840036
0.880366
0.912629
0.937682
0.95658
0.97044
0.980325
0.98718
0.991776
0.994695
0.996304
0.996732
0.995837
0.993164
0.987916
0.978965
0.964905
0.944199
0.915382
0.877319
0.829454
0.77201
0.706072
0.633542
0.556955
0.479196
0.403172
0.331499
0.266258
0.20885
0.159964
0.119634
0.0873705
0.0623178
0.0434192
0.0295584
0.0196665
0.0127923
0.00813748
0.00506395
0.00308387
0.00183848
0.00107332
0.00061384
0.000344023
0.000189005
0.000101826
5.38132e-05
2.79062e-05
1.42048e-05
7.0995e-06
3.48505e-06
1.68078e-06
7.9663e-07
3.71169e-07
1.7005e-07
7.6628e-08
3.39719e-08
1.48213e-08
6.36491e-09
2.69121e-09
1.12061e-09
4.59633e-10
1.85746e-10
7.39732e-11
2.90382e-11
1.12382e-11
4.28886e-12
1.61434e-12
