VARIABLEs = X,u
ZONE I=101
datapacking=block
0
0.01
0.02
0.03
0.04
0.05
0.06
0.07
0.08
0.09
0.1
0.11
0.12
0.13
0.14
0.15
0.16
0.17
0.18
0.19
0.2
0.21
0.22
0.23
0.24
0.25
0.26
0.27
0.28
0.29
0.3
0.31
0.32
0.33
0.34
0.35
0.36
0.37
0.38
0.39
0.4
0.41
0.42
0.43
0.44
0.45
0.46
0.47
0.48
0.49
0.5
0.51
0.52
0.53
0.54
0.55
0.56
0.57
0.58
0.59
0.6
0.61
0.62
0.63
0.64
0.65
0.66
0.67
0.68
0.69
0.7
0.71
0.72
0.73
0.74
0.75
0.76
0.77
0.78
0.79
0.8
0.81
0.82
0.83
0.84
0.85
0.86
0.87
0.88
0.89
0.9
0.91
0.92
0.93
0.94
0.95
0.96
0.97
0.98
0.99
1
0
3.02499e-09
6.24634e-08
6.46271e-07
4.46814e-06
2.32286e-05
9.68843e-05
0.00033782
0.00101323
0.00266961
0.00627983
0.0133606
0.0259841
0.0466108
0.0777189
0.121279
0.178204
0.247939
0.328339
0.415879
0.506175
0.594654
0.677223
0.750776
0.81345
0.864629
0.904752
0.935
0.95696
0.972334
0.982728
0.989522
0.993819
0.996452
0.998014
0.998899
0.999331
0.999367
0.998838
0.997257
0.993685
0.986623
0.974008
0.953386
0.92228
0.878721
0.821796
0.752061
0.671661
0.584121
0.493825
0.405346
0.322777
0.249224
0.18655
0.135371
0.0952476
0.0649999
0.0430401
0.0276655
0.0172715
0.0104782
0.00618084
0.00354703
0.00198147
0.00107811
0.000571661
0.000295567
0.000149091
7.34101e-05
3.53017e-05
1.65878e-05
7.61989e-06
3.42359e-06
1.50518e-06
6.47832e-07
2.73081e-07
1.12787e-07
4.56603e-08
1.81261e-08
7.05857e-09
2.69737e-09
1.01188e-09
3.7276e-10
1.34894e-10
4.79684e-11
1.67671e-11
5.76274e-12
1.94805e-12
6.47883e-13
2.1205e-13
6.83193e-14
2.16734e-14
6.77171e-15
2.08434e-15
6.32179e-16
1.8898e-16
5.56926e-17
1.61838e-17
4.63828e-18
1.31136e-18
