VARIABLEs = X,u
ZONE I=101
datapacking=block
0
0.01
0.02
0.03
0.04
0.05
0.06
0.07
0.08
0.09
0.1
0.11
0.12
0.13
0.14
0.15
0.16
0.17
0.18
0.19
0.2
0.21
0.22
0.23
0.24
0.25
0.26
0.27
0.28
0.29
0.3
0.31
0.32
0.33
0.34
0.35
0.36
0.37
0.38
0.39
0.4
0.41
0.42
0.43
0.44
0.45
0.46
0.47
0.48
0.49
0.5
0.51
0.52
0.53
0.54
0.55
0.56
0.57
0.58
0.59
0.6
0.61
0.62
0.63
0.64
0.65
0.66
0.67
0.68
0.69
0.7
0.71
0.72
0.73
0.74
0.75
0.76
0.77
0.78
0.79
0.8
0.81
0.82
0.83
0.84
0.85
0.86
0.87
0.88
0.89
0.9
0.91
0.92
0.93
0.94
0.95
0.96
0.97
0.98
0.99
1
0
1.65711e-07
2.75728e-06
2.30157e-05
0.000128558
0.000540834
0.00182886
0.00518144
0.0126595
0.0272518
0.0525581
0.09205
0.148069
0.220901
0.308301
0.405682
0.506947
0.605666
0.69624
0.774726
0.839158
0.889412
0.926743
0.953216
0.971175
0.982853
0.990143
0.99452
0.997051
0.998462
0.999223
0.999619
0.999816
0.999893
0.999834
0.999443
0.998164
0.994816
0.987339
0.972748
0.947442
0.90795
0.851931
0.779099
0.691699
0.594318
0.493053
0.394334
0.30376
0.225274
0.160842
0.110588
0.0732572
0.0467839
0.0288246
0.0171473
0.00985711
0.00548018
0.00294916
0.00153753
0.000777198
0.000381215
0.000181585
8.40601e-05
3.78461e-05
1.65836e-05
7.0772e-06
2.94343e-06
1.1938e-06
4.7245e-07
1.82551e-07
6.8907e-08
2.54229e-08
9.17272e-09
3.23818e-09
1.11903e-09
3.78727e-10
1.25588e-10
4.08221e-11
1.30122e-11
4.069e-12
1.24876e-12
3.76257e-13
1.11343e-13
3.23722e-14
9.2503e-15
2.59871e-15
7.17987e-16
1.9515e-16
5.21965e-17
1.37424e-17
3.56252e-18
9.0958e-19
2.28787e-19
5.67073e-20
1.3854e-20
3.33691e-21
7.92594e-22
1.85692e-22
4.29212e-23
9.78994e-24
