VARIABLEs = X,u
ZONE I=101
datapacking=block
0
0.01
0.02
0.03
0.04
0.05
0.06
0.07
0.08
0.09
0.1
0.11
0.12
0.13
0.14
0.15
0.16
0.17
0.18
0.19
0.2
0.21
0.22
0.23
0.24
0.25
0.26
0.27
0.28
0.29
0.3
0.31
0.32
0.33
0.34
0.35
0.36
0.37
0.38
0.39
0.4
0.41
0.42
0.43
0.44
0.45
0.46
0.47
0.48
0.49
0.5
0.51
0.52
0.53
0.54
0.55
0.56
0.57
0.58
0.59
0.6
0.61
0.62
0.63
0.64
0.65
0.66
0.67
0.68
0.69
0.7
0.71
0.72
0.73
0.74
0.75
0.76
0.77
0.78
0.79
0.8
0.81
0.82
0.83
0.84
0.85
0.86
0.87
0.88
0.89
0.9
0.91
0.92
0.93
0.94
0.95
0.96
0.97
0.98
0.99
1
0
0.0905364
0.308368
0.569876
0.778915
0.904194
0.964291
0.988348
0.996621
0.999118
0.999791
0.999954
0.999991
0.999998
1
1
1
1
1
1
1
1
1
1
1
1
1
1
1
1
1
0.909464
0.691632
0.430124
0.221085
0.0958062
0.0357094
0.0116522
0.00337911
0.000882026
0.000209468
4.56767e-05
9.21807e-06
1.73352e-06
3.05601e-07
5.07703e-08
7.98575e-09
1.1942e-09
1.70414e-10
2.32836e-11
3.05506e-12
3.8601e-13
4.70823e-14
5.5562e-15
6.35696e-16
7.06464e-17
7.6392e-18
8.05029e-19
8.27969e-20
8.32222e-21
8.18515e-22
7.88635e-23
7.45161e-24
6.9116e-25
6.29884e-26
5.64505e-27
4.97907e-28
4.32537e-29
3.70337e-30
3.12718e-31
2.60588e-32
2.14413e-33
1.74292e-34
1.4004e-35
1.11271e-36
8.74703e-38
6.80571e-39
5.24316e-40
4.00113e-41
3.0255e-42
2.26769e-43
1.68532e-44
1.24228e-45
9.08505e-47
6.59355e-48
4.75018e-49
3.39787e-50
2.41385e-51
1.70341e-52
1.19433e-53
8.32181e-55
5.76342e-56
3.9682e-57
2.71666e-58
1.8496e-59
1.25254e-60
8.43814e-62
5.65594e-63
3.77249e-64
2.50425e-65
1.65466e-66
