VARIABLEs = X,u
ZONE I=101
datapacking=block
0
0.01
0.02
0.03
0.04
0.05
0.06
0.07
0.08
0.09
0.1
0.11
0.12
0.13
0.14
0.15
0.16
0.17
0.18
0.19
0.2
0.21
0.22
0.23
0.24
0.25
0.26
0.27
0.28
0.29
0.3
0.31
0.32
0.33
0.34
0.35
0.36
0.37
0.38
0.39
0.4
0.41
0.42
0.43
0.44
0.45
0.46
0.47
0.48
0.49
0.5
0.51
0.52
0.53
0.54
0.55
0.56
0.57
0.58
0.59
0.6
0.61
0.62
0.63
0.64
0.65
0.66
0.67
0.68
0.69
0.7
0.71
0.72
0.73
0.74
0.75
0.76
0.77
0.78
0.79
0.8
0.81
0.82
0.83
0.84
0.85
0.86
0.87
0.88
0.89
0.9
0.91
0.92
0.93
0.94
0.95
0.96
0.97
0.98
0.99
1
0
0.0741126
0.267288
0.518562
0.7362
0.877516
0.950945
0.982773
0.994619
0.998487
0.999613
0.999909
0.99998
0.999996
0.999999
1
1
1
1
1
1
1
1
1
1
1
1
1
1
1
1
0.925887
0.732712
0.481438
0.2638
0.122484
0.0490553
0.0172269
0.00538055
0.00151298
0.000387027
9.0869e-05
1.97333e-05
3.99023e-06
7.55715e-07
1.34749e-07
2.27244e-08
3.63948e-09
5.55597e-10
8.11132e-11
1.13588e-11
1.52989e-12
1.98677e-13
2.49331e-14
3.02997e-15
3.57237e-16
4.09342e-17
4.56588e-18
4.96491e-19
5.27038e-20
5.46847e-21
5.55255e-22
5.52326e-23
5.38787e-24
5.15901e-25
4.85319e-26
4.48908e-27
4.08593e-28
3.6622e-29
3.23447e-30
2.81678e-31
2.42017e-32
2.05272e-33
1.71962e-34
1.42354e-35
1.16505e-36
9.43091e-38
7.55395e-39
5.98936e-40
4.70256e-41
3.65756e-42
2.81902e-43
2.15373e-44
1.63157e-45
1.22593e-46
9.13883e-48
6.76074e-49
4.96459e-50
3.61962e-51
2.62079e-52
1.88487e-53
1.3468e-54
9.56275e-56
6.74842e-57
4.73412e-58
3.30194e-59
2.29015e-60
1.57977e-61
1.08399e-62
7.39974e-64
5.02613e-65
