VARIABLEs = X,u
ZONE I=101
datapacking=block
0
0.01
0.02
0.03
0.04
0.05
0.06
0.07
0.08
0.09
0.1
0.11
0.12
0.13
0.14
0.15
0.16
0.17
0.18
0.19
0.2
0.21
0.22
0.23
0.24
0.25
0.26
0.27
0.28
0.29
0.3
0.31
0.32
0.33
0.34
0.35
0.36
0.37
0.38
0.39
0.4
0.41
0.42
0.43
0.44
0.45
0.46
0.47
0.48
0.49
0.5
0.51
0.52
0.53
0.54
0.55
0.56
0.57
0.58
0.59
0.6
0.61
0.62
0.63
0.64
0.65
0.66
0.67
0.68
0.69
0.7
0.71
0.72
0.73
0.74
0.75
0.76
0.77
0.78
0.79
0.8
0.81
0.82
0.83
0.84
0.85
0.86
0.87
0.88
0.89
0.9
0.91
0.92
0.93
0.94
0.95
0.96
0.97
0.98
0.99
1
0
6.09109e-08
1.07457e-06
9.50644e-06
5.62524e-05
0.000250569
0.00089661
0.00268609
0.00693383
0.0157547
0.0320341
0.0590698
0.0998816
0.156348
0.228458
0.31396
0.408575
0.506727
0.602557
0.690919
0.768109
0.832168
0.882802
0.921007
0.948583
0.967659
0.98033
0.988422
0.993401
0.996354
0.998047
0.998984
0.999486
0.999739
0.999823
0.999693
0.999078
0.997303
0.993061
0.984243
0.967965
0.94093
0.900118
0.843652
0.771542
0.68604
0.591425
0.493273
0.397443
0.309081
0.231891
0.167832
0.117198
0.0789928
0.051417
0.0323406
0.0196703
0.0115775
0.00659916
0.00364552
0.00195326
0.00101581
0.000513151
0.000251979
0.000120359
5.596e-05
2.53426e-05
1.1186e-05
4.81524e-06
2.02271e-06
8.29603e-07
3.32406e-07
1.30185e-07
4.98614e-08
1.86852e-08
6.85434e-09
2.46245e-09
8.66755e-10
2.99045e-10
1.01174e-10
3.35786e-11
1.09368e-11
3.4971e-12
1.09819e-12
3.388e-13
1.02721e-13
3.06168e-14
8.97403e-15
2.58746e-15
7.34085e-16
2.0499e-16
5.63575e-17
1.52589e-17
4.06968e-18
1.06949e-18
2.76997e-19
7.0724e-20
1.78054e-20
4.42106e-21
1.08291e-21
2.61723e-22
