VARIABLEs = X,u
ZONE I=101
datapacking=block
0
0.01
0.02
0.03
0.04
0.05
0.06
0.07
0.08
0.09
0.1
0.11
0.12
0.13
0.14
0.15
0.16
0.17
0.18
0.19
0.2
0.21
0.22
0.23
0.24
0.25
0.26
0.27
0.28
0.29
0.3
0.31
0.32
0.33
0.34
0.35
0.36
0.37
0.38
0.39
0.4
0.41
0.42
0.43
0.44
0.45
0.46
0.47
0.48
0.49
0.5
0.51
0.52
0.53
0.54
0.55
0.56
0.57
0.58
0.59
0.6
0.61
0.62
0.63
0.64
0.65
0.66
0.67
0.68
0.69
0.7
0.71
0.72
0.73
0.74
0.75
0.76
0.77
0.78
0.79
0.8
0.81
0.82
0.83
0.84
0.85
0.86
0.87
0.88
0.89
0.9
0.91
0.92
0.93
0.94
0.95
0.96
0.97
0.98
0.99
1
0
6.72778e-07
1.02502e-05
7.8396e-05
0.000401542
0.00155045
0.00481742
0.0125569
0.0282689
0.0561733
0.100217
0.162773
0.243534
0.339101
0.44348
0.549336
0.649528
0.738433
0.812682
0.871251
0.915021
0.946099
0.967118
0.980688
0.989071
0.994034
0.996855
0.998398
0.99921
0.999623
0.999826
0.999921
0.999956
0.999907
0.999593
0.998447
0.995182
0.987443
0.971731
0.943827
0.899783
0.837227
0.756466
0.660899
0.55652
0.450664
0.350472
0.261567
0.187318
0.128749
0.0849791
0.0539008
0.0328823
0.0193116
0.0109291
0.00596617
0.0031447
0.00160199
0.000789508
0.000376768
0.000174262
7.81851e-05
3.40566e-05
1.4414e-05
5.93215e-06
2.37578e-06
9.26568e-07
3.52146e-07
1.30505e-07
4.71917e-08
1.6661e-08
5.74623e-09
1.93712e-09
6.38636e-10
2.06014e-10
6.50586e-11
2.01225e-11
6.09857e-12
1.81191e-12
5.27948e-13
1.50929e-13
4.23498e-14
1.1668e-14
3.15767e-15
8.39691e-16
2.19485e-16
5.64113e-17
1.42609e-17
3.54719e-18
8.68379e-19
2.09291e-19
4.96743e-20
1.16138e-20
2.67545e-21
6.0745e-22
1.35965e-22
3.00093e-23
6.5328e-24
1.40301e-24
2.97329e-25
6.21908e-26
