VARIABLEs = X,u
ZONE I=101
datapacking=block
0
0.01
0.02
0.03
0.04
0.05
0.06
0.07
0.08
0.09
0.1
0.11
0.12
0.13
0.14
0.15
0.16
0.17
0.18
0.19
0.2
0.21
0.22
0.23
0.24
0.25
0.26
0.27
0.28
0.29
0.3
0.31
0.32
0.33
0.34
0.35
0.36
0.37
0.38
0.39
0.4
0.41
0.42
0.43
0.44
0.45
0.46
0.47
0.48
0.49
0.5
0.51
0.52
0.53
0.54
0.55
0.56
0.57
0.58
0.59
0.6
0.61
0.62
0.63
0.64
0.65
0.66
0.67
0.68
0.69
0.7
0.71
0.72
0.73
0.74
0.75
0.76
0.77
0.78
0.79
0.8
0.81
0.82
0.83
0.84
0.85
0.86
0.87
0.88
0.89
0.9
0.91
0.92
0.93
0.94
0.95
0.96
0.97
0.98
0.99
1
0
1.00936e-14
3.35922e-13
5.5941e-12
6.2156e-11
5.18414e-10
3.46234e-09
1.92895e-08
9.22139e-08
3.86181e-07
1.4394e-06
4.83509e-06
1.47868e-05
4.15189e-05
0.000107795
0.000260363
0.000588125
0.00124819
0.00249918
0.00473823
0.0085345
0.0146488
0.0240269
0.0377566
0.056982
0.0827798
0.116011
0.157169
0.206255
0.262705
0.325381
0.392651
0.46252
0.532822
0.601413
0.666369
0.726123
0.779566
0.826074
0.865482
0.898017
0.924206
0.944768
0.960514
0.972261
0.980755
0.986615
0.990288
0.992007
0.991761
0.989275
0.984005
0.97516
0.961761
0.942737
0.917059
0.883898
0.842781
0.793717
0.737281
0.674611
0.607345
0.537478
0.467177
0.398586
0.333631
0.273877
0.220434
0.173926
0.134518
0.101981
0.0757888
0.0552172
0.0394443
0.0276314
0.0189849
0.0127965
0.00846337
0.00549368
0.00350068
0.00219037
0.00134605
0.000812627
0.000482076
0.000281087
0.000161128
9.08271e-05
5.03587e-05
2.74696e-05
1.47452e-05
7.79051e-06
4.05229e-06
2.07562e-06
1.04714e-06
5.20425e-07
2.54862e-07
1.23008e-07
5.85229e-08
2.74519e-08
1.26985e-08
5.79366e-09
