VARIABLEs = X,u
ZONE I=101
datapacking=block
0
0.01
0.02
0.03
0.04
0.05
0.06
0.07
0.08
0.09
0.1
0.11
0.12
0.13
0.14
0.15
0.16
0.17
0.18
0.19
0.2
0.21
0.22
0.23
0.24
0.25
0.26
0.27
0.28
0.29
0.3
0.31
0.32
0.33
0.34
0.35
0.36
0.37
0.38
0.39
0.4
0.41
0.42
0.43
0.44
0.45
0.46
0.47
0.48
0.49
0.5
0.51
0.52
0.53
0.54
0.55
0.56
0.57
0.58
0.59
0.6
0.61
0.62
0.63
0.64
0.65
0.66
0.67
0.68
0.69
0.7
0.71
0.72
0.73
0.74
0.75
0.76
0.77
0.78
0.79
0.8
0.81
0.82
0.83
0.84
0.85
0.86
0.87
0.88
0.89
0.9
0.91
0.92
0.93
0.94
0.95
0.96
0.97
0.98
0.99
1
0
4.52028e-11
1.12372e-09
1.39876e-08
1.16255e-07
7.259e-07
3.6328e-06
1.51813e-05
5.45e-05
0.000171616
0.000481653
0.00122023
0.00281951
0.00599356
0.0118078
0.0216965
0.0373923
0.0607462
0.0934481
0.136693
0.190866
0.255334
0.328396
0.407431
0.489208
0.570295
0.647482
0.718131
0.7804
0.833326
0.876759
0.911216
0.93767
0.957348
0.971542
0.981479
0.988236
0.992696
0.995534
0.99722
0.998011
0.997928
0.99671
0.993752
0.988057
0.978234
0.962572
0.939236
0.906543
0.863303
0.809132
0.744665
0.671604
0.592569
0.510792
0.429705
0.352518
0.281869
0.2196
0.166674
0.123241
0.0887844
0.0623295
0.0426519
0.028458
0.0185199
0.01176
0.00728913
0.00441185
0.00260868
0.00150749
0.000851727
0.000470693
0.000254532
0.000134737
6.9846e-05
3.5471e-05
1.76542e-05
8.61434e-06
4.12242e-06
1.93549e-06
8.91837e-07
4.03441e-07
1.79232e-07
7.82216e-08
3.35466e-08
1.41419e-08
5.86181e-09
2.38969e-09
9.58424e-10
3.78263e-10
1.46948e-10
5.62054e-11
2.1171e-11
7.8552e-12
2.87163e-12
1.03455e-12
3.67389e-13
1.2863e-13
4.44111e-14
1.51239e-14
