VARIABLEs = X,u
ZONE I=101
datapacking=block
0
0.01
0.02
0.03
0.04
0.05
0.06
0.07
0.08
0.09
0.1
0.11
0.12
0.13
0.14
0.15
0.16
0.17
0.18
0.19
0.2
0.21
0.22
0.23
0.24
0.25
0.26
0.27
0.28
0.29
0.3
0.31
0.32
0.33
0.34
0.35
0.36
0.37
0.38
0.39
0.4
0.41
0.42
0.43
0.44
0.45
0.46
0.47
0.48
0.49
0.5
0.51
0.52
0.53
0.54
0.55
0.56
0.57
0.58
0.59
0.6
0.61
0.62
0.63
0.64
0.65
0.66
0.67
0.68
0.69
0.7
0.71
0.72
0.73
0.74
0.75
0.76
0.77
0.78
0.79
0.8
0.81
0.82
0.83
0.84
0.85
0.86
0.87
0.88
0.89
0.9
0.91
0.92
0.93
0.94
0.95
0.96
0.97
0.98
0.99
1
0
2.47295e-07
4.01559e-06
3.2717e-05
0.000178409
0.000732915
0.00242083
0.00670148
0.0160045
0.0336919
0.0635781
0.10902
0.171823
0.25138
0.344398
0.44538
0.547695
0.644879
0.731758
0.805111
0.863788
0.90838
0.940657
0.96296
0.977704
0.987046
0.992728
0.996053
0.997927
0.998945
0.99948
0.999751
0.99988
0.999915
0.999799
0.999257
0.997575
0.993297
0.983995
0.966308
0.936422
0.89098
0.828177
0.74862
0.655602
0.55462
0.452305
0.355121
0.268242
0.194889
0.136212
0.0916203
0.0593432
0.0370396
0.022296
0.0129545
0.00727162
0.00394677
0.00207317
0.00105484
0.000520319
0.000249022
0.000115729
5.22656e-05
2.29554e-05
9.81209e-06
4.08457e-06
1.65702e-06
6.55517e-07
2.53036e-07
9.5363e-08
3.51095e-08
1.26343e-08
4.44623e-09
1.53096e-09
5.16037e-10
1.70351e-10
5.51003e-11
1.74702e-11
5.43196e-12
1.65695e-12
4.9605e-13
1.45804e-13
4.20921e-14
1.19391e-14
3.32838e-15
9.12279e-16
2.45921e-16
6.52185e-17
1.7021e-17
4.37285e-18
1.1062e-18
2.7562e-19
6.76571e-20
1.63664e-20
3.90246e-21
9.17442e-22
2.12704e-22
4.8644e-23
1.09759e-23
2.444e-24
