VARIABLEs = X,u
ZONE I=101
datapacking=block
0
0.01
0.02
0.03
0.04
0.05
0.06
0.07
0.08
0.09
0.1
0.11
0.12
0.13
0.14
0.15
0.16
0.17
0.18
0.19
0.2
0.21
0.22
0.23
0.24
0.25
0.26
0.27
0.28
0.29
0.3
0.31
0.32
0.33
0.34
0.35
0.36
0.37
0.38
0.39
0.4
0.41
0.42
0.43
0.44
0.45
0.46
0.47
0.48
0.49
0.5
0.51
0.52
0.53
0.54
0.55
0.56
0.57
0.58
0.59
0.6
0.61
0.62
0.63
0.64
0.65
0.66
0.67
0.68
0.69
0.7
0.71
0.72
0.73
0.74
0.75
0.76
0.77
0.78
0.79
0.8
0.81
0.82
0.83
0.84
0.85
0.86
0.87
0.88
0.89
0.9
0.91
0.92
0.93
0.94
0.95
0.96
0.97
0.98
0.99
1
0
4.99942e-12
1.3531e-10
1.83327e-09
1.65802e-08
1.12622e-07
6.1293e-07
2.78443e-06
1.08618e-05
3.71477e-05
0.000113174
0.000311046
0.000779172
0.00179425
0.00382578
0.00760082
0.0141474
0.0247897
0.0410712
0.0645946
0.0967899
0.138648
0.190476
0.251729
0.320969
0.395975
0.473975
0.551969
0.627067
0.696794
0.759302
0.813472
0.858902
0.895814
0.924896
0.947136
0.963659
0.975593
0.983974
0.989689
0.993442
0.995735
0.996847
0.99681
0.995371
0.991947
0.985603
0.975075
0.958857
0.935368
0.903191
0.861342
0.809519
0.748269
0.67903
0.604025
0.526025
0.448031
0.372933
0.303206
0.240698
0.186528
0.141098
0.104186
0.0751043
0.0528637
0.0363403
0.0244047
0.0160155
0.0102738
0.00644447
0.00395422
0.00237412
0.00139531
0.000802996
0.000452676
0.000250061
0.000135406
7.18972e-05
3.74467e-05
1.91375e-05
9.5999e-06
4.72819e-06
2.2872e-06
1.08699e-06
5.07672e-07
2.3308e-07
1.05223e-07
4.67217e-08
2.04101e-08
8.77405e-09
3.71274e-09
1.54681e-09
6.34639e-10
2.56489e-10
1.02132e-10
4.00774e-11
1.55017e-11
5.9114e-12
2.22291e-12
8.24448e-13
