VARIABLEs = X,u
ZONE I=101
datapacking=block
0
0.01
0.02
0.03
0.04
0.05
0.06
0.07
0.08
0.09
0.1
0.11
0.12
0.13
0.14
0.15
0.16
0.17
0.18
0.19
0.2
0.21
0.22
0.23
0.24
0.25
0.26
0.27
0.28
0.29
0.3
0.31
0.32
0.33
0.34
0.35
0.36
0.37
0.38
0.39
0.4
0.41
0.42
0.43
0.44
0.45
0.46
0.47
0.48
0.49
0.5
0.51
0.52
0.53
0.54
0.55
0.56
0.57
0.58
0.59
0.6
0.61
0.62
0.63
0.64
0.65
0.66
0.67
0.68
0.69
0.7
0.71
0.72
0.73
0.74
0.75
0.76
0.77
0.78
0.79
0.8
0.81
0.82
0.83
0.84
0.85
0.86
0.87
0.88
0.89
0.9
0.91
0.92
0.93
0.94
0.95
0.96
0.97
0.98
0.99
1
0
5.53672e-15
1.87596e-13
3.1804e-12
3.59739e-11
3.05435e-10
2.0765e-09
1.17756e-08
5.72984e-08
2.44228e-07
9.26446e-07
3.16702e-06
9.85596e-06
2.81588e-05
7.43835e-05
0.000182777
0.000419985
0.000906603
0.00184607
0.00355892
0.00651722
0.0113708
0.0189541
0.0302632
0.0463946
0.0684445
0.0973777
0.133881
0.178228
0.230178
0.288934
0.353173
0.421137
0.490797
0.560029
0.626812
0.689393
0.746407
0.796947
0.840568
0.877253
0.907333
0.931393
0.950171
0.964463
0.975045
0.982602
0.987674
0.990614
0.991554
0.990372
0.986684
0.979851
0.969016
0.953178
0.931306
0.902479
0.866038
0.821727
0.769798
0.711053
0.646821
0.578859
0.509202
0.43997
0.373187
0.310607
0.253592
0.203053
0.159432
0.122746
0.0926637
0.0685972
0.0498012
0.0354624
0.0247719
0.0169783
0.0114198
0.00753949
0.004887
0.00311071
0.00194488
0.00119467
0.000721146
0.000427885
0.000249609
0.000143195
8.08034e-05
4.48608e-05
2.45098e-05
1.31809e-05
6.9788e-06
3.63865e-06
1.86861e-06
9.45375e-07
4.71292e-07
2.31559e-07
1.12152e-07
5.35562e-08
2.52205e-08
1.17143e-08
