VARIABLEs = X,u
ZONE I=101
datapacking=block
0
0.01
0.02
0.03
0.04
0.05
0.06
0.07
0.08
0.09
0.1
0.11
0.12
0.13
0.14
0.15
0.16
0.17
0.18
0.19
0.2
0.21
0.22
0.23
0.24
0.25
0.26
0.27
0.28
0.29
0.3
0.31
0.32
0.33
0.34
0.35
0.36
0.37
0.38
0.39
0.4
0.41
0.42
0.43
0.44
0.45
0.46
0.47
0.48
0.49
0.5
0.51
0.52
0.53
0.54
0.55
0.56
0.57
0.58
0.59
0.6
0.61
0.62
0.63
0.64
0.65
0.66
0.67
0.68
0.69
0.7
0.71
0.72
0.73
0.74
0.75
0.76
0.77
0.78
0.79
0.8
0.81
0.82
0.83
0.84
0.85
0.86
0.87
0.88
0.89
0.9
0.91
0.92
0.93
0.94
0.95
0.96
0.97
0.98
0.99
1
0
-1.65326
-0.610264
4.45835
2.49047
-5.44664
-5.57441
3.17069
7.66312
1.78687
-5.19569
-6.31646
0.139357
3.51891
3.91324
2.98436
-3.74173
-1.18404
0.60427
-6.73643
2.60817
6.54451
-9.33846
0.538393
15.5154
-7.39465
-13.6782
17.3219
13.7078
-20.3911
-10.6649
24.0443
14.3182
-19.7808
-16.1663
14.8322
21.1214
-1.80733
-16.7296
-6.99419
9.20487
12.5454
4.10228
-4.20498
-5.62062
-1.98436
2.03434
3.87011
3.63737
2.50751
1.40101
0.662814
0.271977
0.0982524
0.0315603
0.00907648
0.00234843
0.000548518
0.000115917
2.21946e-05
3.85256e-06
6.06211e-07
8.64071e-08
1.11411e-08
1.29679e-09
1.35882e-10
1.27715e-11
1.07184e-12
7.98638e-14
5.24559e-15
3.00999e-16
1.49174e-17
6.29131e-19
2.21373e-20
6.32345e-22
1.40873e-23
2.29628e-25
2.436e-27
1.26218e-29
0
0
0
0
0
0
0
0
0
0
0
0
0
0
0
0
0
0
0
0
0
6.32543e-99
