VARIABLEs = X,u
ZONE I=101
datapacking=block
0
0.01
0.02
0.03
0.04
0.05
0.06
0.07
0.08
0.09
0.1
0.11
0.12
0.13
0.14
0.15
0.16
0.17
0.18
0.19
0.2
0.21
0.22
0.23
0.24
0.25
0.26
0.27
0.28
0.29
0.3
0.31
0.32
0.33
0.34
0.35
0.36
0.37
0.38
0.39
0.4
0.41
0.42
0.43
0.44
0.45
0.46
0.47
0.48
0.49
0.5
0.51
0.52
0.53
0.54
0.55
0.56
0.57
0.58
0.59
0.6
0.61
0.62
0.63
0.64
0.65
0.66
0.67
0.68
0.69
0.7
0.71
0.72
0.73
0.74
0.75
0.76
0.77
0.78
0.79
0.8
0.81
0.82
0.83
0.84
0.85
0.86
0.87
0.88
0.89
0.9
0.91
0.92
0.93
0.94
0.95
0.96
0.97
0.98
0.99
1
0
0.921908
1.05615
-2.25728
-2.66613
2.02221
4.28692
0.318105
-4.0633
-3.28095
0.905043
3.35916
2.69501
-0.285685
-1.19419
-2.57357
-1.1117
0.473828
-1.62931
2.34628
1.94173
-3.21737
4.09599
4.38854
-6.49032
1.57707
10.7543
-4.26555
-9.16319
9.57897
11.2974
-8.50088
-10.2193
8.52283
13.4205
-1.59942
-10.7766
-2.70964
8.17119
8.45627
1.16791
-4.06428
-3.47507
0.105593
2.89843
3.57357
2.81594
1.70626
0.849256
0.35884
0.131221
0.042043
0.0118999
0.00299211
0.000670809
0.000134399
2.40907e-05
3.86365e-06
5.53953e-07
7.08757e-08
8.06991e-09
8.14545e-10
7.25139e-11
5.65606e-12
3.8326e-13
2.23135e-14
1.10015e-15
4.5051e-17
1.49128e-18
3.83468e-20
7.18768e-22
8.7371e-24
5.16988e-26
0
0
0
0
0
0
0
0
0
0
0
0
0
0
0
0
0
0
0
0
0
0
0
0
0
0
0
6.32543e-99
