VARIABLEs = X,u
ZONE I=101
datapacking=block
0
0.01
0.02
0.03
0.04
0.05
0.06
0.07
0.08
0.09
0.1
0.11
0.12
0.13
0.14
0.15
0.16
0.17
0.18
0.19
0.2
0.21
0.22
0.23
0.24
0.25
0.26
0.27
0.28
0.29
0.3
0.31
0.32
0.33
0.34
0.35
0.36
0.37
0.38
0.39
0.4
0.41
0.42
0.43
0.44
0.45
0.46
0.47
0.48
0.49
0.5
0.51
0.52
0.53
0.54
0.55
0.56
0.57
0.58
0.59
0.6
0.61
0.62
0.63
0.64
0.65
0.66
0.67
0.68
0.69
0.7
0.71
0.72
0.73
0.74
0.75
0.76
0.77
0.78
0.79
0.8
0.81
0.82
0.83
0.84
0.85
0.86
0.87
0.88
0.89
0.9
0.91
0.92
0.93
0.94
0.95
0.96
0.97
0.98
0.99
1
0
2.47443
4.33893
-6.07688
-9.47771
5.6165
14.583
-0.42631
-14.7073
-9.35275
9.27431
14.4043
0.196847
-6.0828
-10.3802
-5.5883
12.9084
2.32678
-5.17236
14.5871
-5.80287
-22.8269
18.9445
12.8026
-35.813
1.58056
45.4826
-15.2387
-47.1022
27.5781
50.9425
-28.0593
-51.4195
23.2481
55.1493
-5.6713
-49.3416
-12.418
37.0003
29.7742
-11.037
-28.0424
-9.56607
13.8928
18.1623
6.5883
-5.12622
-8.13682
-4.19686
1.05099
4.04015
4.40539
3.3485
2.04175
1.05436
0.474241
0.188957
0.0674393
0.0217274
0.0063543
0.00169381
0.000412761
9.21512e-05
1.88763e-05
3.55094e-06
6.13709e-07
9.74452e-08
1.42082e-08
1.9007e-09
2.3298e-10
2.61208e-11
2.67265e-12
2.48867e-13
2.10171e-14
1.60306e-15
1.09876e-16
6.72614e-18
3.64975e-19
1.73917e-20
7.19284e-22
2.54317e-23
7.53478e-25
1.81969e-26
3.44081e-28
4.77804e-30
4.33334e-32
1.92593e-34
0
0
0
0
0
0
0
0
0
0
0
0
0
6.32543e-99
