VARIABLEs = X,u
ZONE I=101
datapacking=block
0
0.01
0.02
0.03
0.04
0.05
0.06
0.07
0.08
0.09
0.1
0.11
0.12
0.13
0.14
0.15
0.16
0.17
0.18
0.19
0.2
0.21
0.22
0.23
0.24
0.25
0.26
0.27
0.28
0.29
0.3
0.31
0.32
0.33
0.34
0.35
0.36
0.37
0.38
0.39
0.4
0.41
0.42
0.43
0.44
0.45
0.46
0.47
0.48
0.49
0.5
0.51
0.52
0.53
0.54
0.55
0.56
0.57
0.58
0.59
0.6
0.61
0.62
0.63
0.64
0.65
0.66
0.67
0.68
0.69
0.7
0.71
0.72
0.73
0.74
0.75
0.76
0.77
0.78
0.79
0.8
0.81
0.82
0.83
0.84
0.85
0.86
0.87
0.88
0.89
0.9
0.91
0.92
0.93
0.94
0.95
0.96
0.97
0.98
0.99
1
0
8.38839
234.79
21.7811
-599.638
-94.7581
966.729
118.497
-1016.99
-138.374
531.907
348.786
366.643
-829.484
-1207.52
1411.46
1436.83
-1837.27
-773.293
1991.37
-610.241
-1949.13
2182.04
1799.92
-3402.24
-1511.85
4083.99
1055.06
-4424.2
-609.134
4658.36
491.147
-4761.22
-840.384
4551.85
1508.1
-3945.13
-2256.06
2949.44
2853.47
-1602.88
-3006.68
118.988
2494.05
1072.42
-1410.67
-1571.52
173.62
1260.99
664.806
-454.863
-771.809
-241.572
335.61
417.955
120.495
-161.879
-212.083
-88.9473
45.2863
94.8256
66.3117
13.2893
-22.371
-30.0962
-19.9913
-5.88305
4.03075
8.0216
7.84506
5.87224
3.71885
2.07752
1.04693
0.482514
0.205283
0.0811588
0.0299655
0.0103724
0.00337626
0.00103597
0.000300252
8.233e-05
2.13871e-05
5.26925e-06
1.23239e-06
2.73825e-07
5.78336e-08
1.16164e-08
2.21973e-09
4.03614e-10
6.98443e-11
1.1503e-11
1.80297e-12
2.68905e-13
3.81549e-14
5.14881e-15
6.60536e-16
8.051e-17
9.42826e-18
7.3272e-19
