VARIABLEs = X,u
ZONE I=101
datapacking=block
0
0.01
0.02
0.03
0.04
0.05
0.06
0.07
0.08
0.09
0.1
0.11
0.12
0.13
0.14
0.15
0.16
0.17
0.18
0.19
0.2
0.21
0.22
0.23
0.24
0.25
0.26
0.27
0.28
0.29
0.3
0.31
0.32
0.33
0.34
0.35
0.36
0.37
0.38
0.39
0.4
0.41
0.42
0.43
0.44
0.45
0.46
0.47
0.48
0.49
0.5
0.51
0.52
0.53
0.54
0.55
0.56
0.57
0.58
0.59
0.6
0.61
0.62
0.63
0.64
0.65
0.66
0.67
0.68
0.69
0.7
0.71
0.72
0.73
0.74
0.75
0.76
0.77
0.78
0.79
0.8
0.81
0.82
0.83
0.84
0.85
0.86
0.87
0.88
0.89
0.9
0.91
0.92
0.93
0.94
0.95
0.96
0.97
0.98
0.99
1
0
63.7583
-70.3221
-249.745
76.3706
514.615
-62.6027
-705.58
53.2833
616.235
62.136
-186.139
-386.807
-382.645
838.715
721
-1191.47
-535.535
1272.79
-201.787
-1105.66
1219.05
827.048
-2111.78
-505.158
2629.11
112.392
-2834.83
308.607
2953.51
-563.514
-3077.36
481.39
3111.5
-85.1759
-2957.72
-495.342
2575.79
1134.11
-1910
-1635.86
978.199
1753.44
4.49697
-1381.02
-720.036
649.244
915.438
94.3979
-589.471
-465.74
72.6608
366.506
235.828
-45.7987
-185.637
-130.418
-2.82952
75.3444
73.4328
29.1097
-11.3364
-27.1167
-22.1024
-9.22063
1.6349
6.98812
7.74287
6.16153
4.05688
2.32929
1.19761
0.560198
0.240897
0.0959359
0.0355756
0.0123354
0.00401236
0.00122752
0.000353962
9.63678e-05
2.48065e-05
6.04451e-06
1.39549e-06
3.05482e-07
6.34458e-08
1.25076e-08
2.34119e-09
4.16183e-10
7.02681e-11
1.12682e-11
1.71605e-12
2.48137e-13
3.40572e-14
4.43517e-15
5.47742e-16
6.41132e-17
7.10746e-18
7.45573e-19
7.45651e-20
5.16563e-21
