VARIABLEs = X,u
ZONE I=101
datapacking=block
0
0.01
0.02
0.03
0.04
0.05
0.06
0.07
0.08
0.09
0.1
0.11
0.12
0.13
0.14
0.15
0.16
0.17
0.18
0.19
0.2
0.21
0.22
0.23
0.24
0.25
0.26
0.27
0.28
0.29
0.3
0.31
0.32
0.33
0.34
0.35
0.36
0.37
0.38
0.39
0.4
0.41
0.42
0.43
0.44
0.45
0.46
0.47
0.48
0.49
0.5
0.51
0.52
0.53
0.54
0.55
0.56
0.57
0.58
0.59
0.6
0.61
0.62
0.63
0.64
0.65
0.66
0.67
0.68
0.69
0.7
0.71
0.72
0.73
0.74
0.75
0.76
0.77
0.78
0.79
0.8
0.81
0.82
0.83
0.84
0.85
0.86
0.87
0.88
0.89
0.9
0.91
0.92
0.93
0.94
0.95
0.96
0.97
0.98
0.99
1
0
-0.986229
1.85759
3.20208
-2.26408
-5.48254
0.210044
6.20029
3.59559
-3.50612
-5.58953
-2.00572
3.53002
3.47927
2.27887
-0.410559
-3.94107
0.258757
-1.61702
-3.56426
5.6635
0.102066
-6.61073
8.6536
5.88376
-12.6823
1.79801
17.898
-5.26479
-17.2426
10.1086
20.2289
-7.12236
-19.1002
4.06267
20.1623
5.68365
-12.8886
-10.0982
5.10587
11.9732
6.07093
-2.52881
-5.38925
-2.61484
1.41056
3.6051
3.65122
2.61823
1.49904
0.720213
0.29818
0.108118
0.0347009
0.00993054
0.00254683
0.000587405
0.000122118
2.29138e-05
3.88236e-06
5.93816e-07
8.1908e-08
1.01709e-08
1.13412e-09
1.13174e-10
1.00632e-11
7.9289e-13
5.49716e-14
3.32405e-15
1.73333e-16
7.68043e-18
2.83553e-19
8.48743e-21
1.97897e-22
3.37234e-24
3.73605e-26
2.01948e-28
0
0
0
0
0
0
0
0
0
0
0
0
0
0
0
0
0
0
0
0
0
0
0
6.32543e-99
