VARIABLEs = X,u
ZONE I=101
datapacking=block
0
0.01
0.02
0.03
0.04
0.05
0.06
0.07
0.08
0.09
0.1
0.11
0.12
0.13
0.14
0.15
0.16
0.17
0.18
0.19
0.2
0.21
0.22
0.23
0.24
0.25
0.26
0.27
0.28
0.29
0.3
0.31
0.32
0.33
0.34
0.35
0.36
0.37
0.38
0.39
0.4
0.41
0.42
0.43
0.44
0.45
0.46
0.47
0.48
0.49
0.5
0.51
0.52
0.53
0.54
0.55
0.56
0.57
0.58
0.59
0.6
0.61
0.62
0.63
0.64
0.65
0.66
0.67
0.68
0.69
0.7
0.71
0.72
0.73
0.74
0.75
0.76
0.77
0.78
0.79
0.8
0.81
0.82
0.83
0.84
0.85
0.86
0.87
0.88
0.89
0.9
0.91
0.92
0.93
0.94
0.95
0.96
0.97
0.98
0.99
1
0
5.68434e-14
2.55795e-12
5.63318e-11
8.09166e-10
8.52572e-09
7.02581e-08
4.71519e-07
2.64979e-06
1.27243e-05
5.30223e-05
0.000194065
0.000630017
0.00182888
0.00477994
0.0113144
0.0243834
0.0480709
0.0870856
0.145608
0.22569
0.325794
0.440198
0.559802
0.674206
0.77431
0.854392
0.912914
0.951929
0.975617
0.988686
0.99522
0.998171
0.99937
0.999806
0.999947
0.999987
0.999997
0.999997
0.999987
0.999947
0.999806
0.99937
0.998171
0.99522
0.988686
0.975617
0.951929
0.912914
0.854392
0.77431
0.674206
0.559802
0.440198
0.325794
0.22569
0.145608
0.0870856
0.0480709
0.0243834
0.0113144
0.00477994
0.00182888
0.000630017
0.000194065
5.30223e-05
1.27243e-05
2.64979e-06
4.71519e-07
7.02581e-08
8.52572e-09
8.09166e-10
5.63318e-11
2.55795e-12
5.68434e-14
0
0
0
0
0
0
0
0
0
0
0
0
0
0
0
0
0
0
0
0
0
0
0
0
0
0
