VARIABLEs = X,u
ZONE I=101
datapacking=block
0
0.01
0.02
0.03
0.04
0.05
0.06
0.07
0.08
0.09
0.1
0.11
0.12
0.13
0.14
0.15
0.16
0.17
0.18
0.19
0.2
0.21
0.22
0.23
0.24
0.25
0.26
0.27
0.28
0.29
0.3
0.31
0.32
0.33
0.34
0.35
0.36
0.37
0.38
0.39
0.4
0.41
0.42
0.43
0.44
0.45
0.46
0.47
0.48
0.49
0.5
0.51
0.52
0.53
0.54
0.55
0.56
0.57
0.58
0.59
0.6
0.61
0.62
0.63
0.64
0.65
0.66
0.67
0.68
0.69
0.7
0.71
0.72
0.73
0.74
0.75
0.76
0.77
0.78
0.79
0.8
0.81
0.82
0.83
0.84
0.85
0.86
0.87
0.88
0.89
0.9
0.91
0.92
0.93
0.94
0.95
0.96
0.97
0.98
0.99
1
0
224.154
990.136
-961.898
-1853.07
2031.15
2227.21
-2556.9
-1835.68
1506.77
980.256
1321.78
-435.69
-4972.28
820.153
7763.37
-2251.93
-8210.26
4537.24
5920.02
-7383.01
-1809.13
10351.3
-2538.23
-12793.8
5891.54
14114.2
-7985.63
-14300.2
9186.08
14070.5
-9632.37
-14226.7
8908.91
14827.3
-6616.57
-15160.6
2991.87
14441.5
1201.31
-12256.9
-5048.6
8553.21
7538.54
-3811.07
-7769.67
-734.328
5634.07
3582.55
-2182.85
-3920.98
-856.599
2222.38
2092.46
-53.8329
-1442.08
-1046.1
122.924
764.677
555.34
3.46135
-331.198
-298.978
-82.3017
93.8466
137.949
85.774
12.7851
-32.094
-40.4788
-27.0446
-9.04831
3.70383
9.17497
9.43152
7.30224
4.77357
2.75673
1.43995
0.690085
0.306339
0.126821
0.0492109
0.0179685
0.00619277
0.00201958
0.000624501
0.000183414
5.12362e-05
1.36295e-05
3.45602e-06
8.36042e-07
1.93081e-07
4.25956e-08
8.98063e-09
1.81022e-09
3.48953e-10
6.43435e-11
1.13504e-11
1.91458e-12
3.16367e-13
