VARIABLEs = X,u
ZONE I=101
datapacking=block
0
0.01
0.02
0.03
0.04
0.05
0.06
0.07
0.08
0.09
0.1
0.11
0.12
0.13
0.14
0.15
0.16
0.17
0.18
0.19
0.2
0.21
0.22
0.23
0.24
0.25
0.26
0.27
0.28
0.29
0.3
0.31
0.32
0.33
0.34
0.35
0.36
0.37
0.38
0.39
0.4
0.41
0.42
0.43
0.44
0.45
0.46
0.47
0.48
0.49
0.5
0.51
0.52
0.53
0.54
0.55
0.56
0.57
0.58
0.59
0.6
0.61
0.62
0.63
0.64
0.65
0.66
0.67
0.68
0.69
0.7
0.71
0.72
0.73
0.74
0.75
0.76
0.77
0.78
0.79
0.8
0.81
0.82
0.83
0.84
0.85
0.86
0.87
0.88
0.89
0.9
0.91
0.92
0.93
0.94
0.95
0.96
0.97
0.98
0.99
1
0
-0.0669052
0.418856
0.417586
-0.344977
-0.829981
-0.535913
0.109531
0.619806
0.876128
0.968606
0.993759
0.999027
0.999882
0.999989
0.999999
1
0.99999
1.00011
0.999155
1.00516
0.975692
1.08732
0.767986
1.42296
0.58657
0.871109
1.89843
0.366327
0.102836
2.11943
1.96407
-0.0525288
-0.31602
1.21609
2.24341
1.95887
1.12248
0.46751
0.14818
0.0365563
0.00708596
0.0010792
0.000128026
1.16102e-05
7.78571e-07
3.64234e-08
1.06229e-09
1.45519e-11
0
0
0
0
0
0
0
0
0
0
0
0
0
0
0
0
0
0
0
0
0
0
0
0
0
0
0
0
0
0
0
0
0
0
0
0
0
0
0
0
0
0
0
0
0
0
0
0
0
0
0
0
