VARIABLEs = X,u
ZONE I=101
datapacking=block
0
0.01
0.02
0.03
0.04
0.05
0.06
0.07
0.08
0.09
0.1
0.11
0.12
0.13
0.14
0.15
0.16
0.17
0.18
0.19
0.2
0.21
0.22
0.23
0.24
0.25
0.26
0.27
0.28
0.29
0.3
0.31
0.32
0.33
0.34
0.35
0.36
0.37
0.38
0.39
0.4
0.41
0.42
0.43
0.44
0.45
0.46
0.47
0.48
0.49
0.5
0.51
0.52
0.53
0.54
0.55
0.56
0.57
0.58
0.59
0.6
0.61
0.62
0.63
0.64
0.65
0.66
0.67
0.68
0.69
0.7
0.71
0.72
0.73
0.74
0.75
0.76
0.77
0.78
0.79
0.8
0.81
0.82
0.83
0.84
0.85
0.86
0.87
0.88
0.89
0.9
0.91
0.92
0.93
0.94
0.95
0.96
0.97
0.98
0.99
1
0
-950.21
460.353
2709.28
-1615.67
-3841.04
2864.56
3697.71
-2615.6
-2164.87
-235.064
120.81
5234.81
1060.82
-10472
-401.133
13576.8
-2357.52
-13060.8
6935.95
9198.43
-12614.3
-3753.59
18226.8
-1253.9
-22464.2
4760.26
24595.1
-6868.68
-25041.8
7942.66
24983
-7697.18
-25135.3
5430.08
25008.1
-1055.61
-23471.9
-4456.17
19803.2
9631.99
-14025.7
-13048.5
6807.28
13504.2
391.955
-10547.8
-5510.61
5219.58
7009.68
154.694
-5014.54
-3253.27
1407.77
3206.27
1297.98
-1197.38
-1753.01
-587.752
642.841
897.727
368.114
-219.601
-414.049
-251.524
1.16486
143.455
141.491
65.1755
-8.12409
-42.5375
-41.2239
-23.2164
-4.90845
6.30926
10.1781
9.4514
6.94126
4.38397
2.46989
1.26643
0.598437
0.262846
0.107971
0.0416731
0.0151677
0.00522101
0.00170364
0.000527995
0.000155672
4.37223e-05
1.17113e-05
2.99458e-06
7.31552e-07
1.70856e-07
3.81718e-08
8.16177e-09
1.67079e-09
3.27567e-10
6.14656e-11
1.13834e-11
