VARIABLEs = X,u
ZONE I=101
datapacking=block
0
0.01
0.02
0.03
0.04
0.05
0.06
0.07
0.08
0.09
0.1
0.11
0.12
0.13
0.14
0.15
0.16
0.17
0.18
0.19
0.2
0.21
0.22
0.23
0.24
0.25
0.26
0.27
0.28
0.29
0.3
0.31
0.32
0.33
0.34
0.35
0.36
0.37
0.38
0.39
0.4
0.41
0.42
0.43
0.44
0.45
0.46
0.47
0.48
0.49
0.5
0.51
0.52
0.53
0.54
0.55
0.56
0.57
0.58
0.59
0.6
0.61
0.62
0.63
0.64
0.65
0.66
0.67
0.68
0.69
0.7
0.71
0.72
0.73
0.74
0.75
0.76
0.77
0.78
0.79
0.8
0.81
0.82
0.83
0.84
0.85
0.86
0.87
0.88
0.89
0.9
0.91
0.92
0.93
0.94
0.95
0.96
0.97
0.98
0.99
1
0
-1.96961
-12.1697
2.84665
23.8654
1.45998
-28.8488
-14.5371
24.2928
30.841
-12.9313
-30.8067
-5.78932
7.48396
27.2992
15.5074
-35.7432
-7.50493
23.0403
-30.8739
0.779325
63.6939
-29.0007
-63.2536
66.0919
42.8595
-102.588
-24.6024
121.804
9.56212
-130.961
-5.97783
134.74
22.1473
-123.587
-46.6387
100.045
75.9989
-54.0208
-85.2139
2.63473
68.9774
39.9379
-24.0127
-43.8897
-14.5074
19.1526
26.0337
11.1083
-5.29675
-11.0759
-7.32099
-0.727367
3.79179
5.10397
4.31892
2.86765
1.60403
0.781863
0.338646
0.131976
0.0466793
0.0150777
0.00446816
0.00121904
0.000307009
7.15131e-05
1.54297e-05
3.08682e-06
5.72963e-07
9.87039e-08
1.57809e-08
2.34094e-09
3.21997e-10
4.10327e-11
4.83853e-12
5.27164e-13
5.29693e-14
4.89751e-15
4.15566e-16
3.22583e-17
2.28215e-18
1.46491e-19
8.4865e-21
4.40882e-22
2.0381e-23
8.30416e-25
2.9468e-26
8.96918e-28
2.29477e-29
4.80017e-31
7.88409e-33
9.5359e-35
7.55255e-37
2.93874e-39
0
0
0
0
0
0
