VARIABLEs = X,u
ZONE I=101
datapacking=block
0
0.01
0.02
0.03
0.04
0.05
0.06
0.07
0.08
0.09
0.1
0.11
0.12
0.13
0.14
0.15
0.16
0.17
0.18
0.19
0.2
0.21
0.22
0.23
0.24
0.25
0.26
0.27
0.28
0.29
0.3
0.31
0.32
0.33
0.34
0.35
0.36
0.37
0.38
0.39
0.4
0.41
0.42
0.43
0.44
0.45
0.46
0.47
0.48
0.49
0.5
0.51
0.52
0.53
0.54
0.55
0.56
0.57
0.58
0.59
0.6
0.61
0.62
0.63
0.64
0.65
0.66
0.67
0.68
0.69
0.7
0.71
0.72
0.73
0.74
0.75
0.76
0.77
0.78
0.79
0.8
0.81
0.82
0.83
0.84
0.85
0.86
0.87
0.88
0.89
0.9
0.91
0.92
0.93
0.94
0.95
0.96
0.97
0.98
0.99
1
0
224.466
-461.041
-689.144
1201.43
1060.16
-1905
-1101.16
1834.17
831.44
-522.575
-660.499
-1739
998.363
3944
-1888.54
-4887.88
3107.64
3889.26
-4448.93
-1214.97
5789.83
-2108.51
-6939.31
4967.18
7575.59
-6844.25
-7530.83
7922.37
7124.09
-8523.97
-6995.77
8562.12
7485.76
-7668.13
-8300.69
5720.59
8848.42
-2998.22
-8654.4
-43.397
7394.54
2790.9
-4979.07
-4437
1886.48
4398.4
866.681
-2828.5
-2291.08
649.683
2048.23
914.718
-768.787
-1170.33
-366.69
476.648
616.311
211.909
-197.408
-300.339
-153.378
33.1988
119.912
99.0929
33.6288
-18.735
-37.1682
-29.7316
-13.1277
0.738881
7.82193
9.21122
7.59206
5.16035
3.06284
1.63261
0.794481
0.356758
0.148938
0.0581267
0.0212969
0.0073497
0.00239545
0.000738947
0.000216133
6.00284e-05
1.5851e-05
3.98356e-06
9.5362e-07
2.1761e-07
4.73626e-08
9.83679e-09
1.95026e-09
3.69213e-10
6.67555e-11
1.15285e-11
1.90175e-12
2.9965e-13
4.50778e-14
6.59599e-15
