VARIABLEs = X,u
ZONE I=101
datapacking=block
0
0.01
0.02
0.03
0.04
0.05
0.06
0.07
0.08
0.09
0.1
0.11
0.12
0.13
0.14
0.15
0.16
0.17
0.18
0.19
0.2
0.21
0.22
0.23
0.24
0.25
0.26
0.27
0.28
0.29
0.3
0.31
0.32
0.33
0.34
0.35
0.36
0.37
0.38
0.39
0.4
0.41
0.42
0.43
0.44
0.45
0.46
0.47
0.48
0.49
0.5
0.51
0.52
0.53
0.54
0.55
0.56
0.57
0.58
0.59
0.6
0.61
0.62
0.63
0.64
0.65
0.66
0.67
0.68
0.69
0.7
0.71
0.72
0.73
0.74
0.75
0.76
0.77
0.78
0.79
0.8
0.81
0.82
0.83
0.84
0.85
0.86
0.87
0.88
0.89
0.9
0.91
0.92
0.93
0.94
0.95
0.96
0.97
0.98
0.99
1
0
66.0918
-3238.02
537.433
5774.52
-2207.88
-6557.05
3230.12
4759.64
-1312.86
-845.018
-4304.1
-3247.64
12070.2
5187.78
-18944.3
-3465.96
22072.4
-2229.66
-20416.8
11118.7
15282.3
-21424.6
-9252.91
30763.9
4407.64
-37132.5
-1304.73
40016.5
-471.771
-40560
931.359
40263.2
799.605
-39360.2
-5388.04
36650.2
12033.4
-30887.5
-18633.5
21985.2
22943.2
-11025.6
-23295.2
-49.0822
18946.2
8577.51
-10816.5
-12102.6
1800.57
10057.5
4532.2
-4527.16
-6094.04
-839.074
3625.14
3131.16
-125.958
-2145.25
-1586.53
89.1994
1062.85
846.059
95.6362
-415.577
-434.944
-168.152
84.9497
177.227
131.731
40.0763
-27.3825
-49.7264
-39.7427
-18.6388
-0.915782
8.51028
10.859
9.30785
6.53241
4.00096
2.20403
1.11104
0.51822
0.225379
0.0919122
0.0352986
0.0128094
0.00440416
0.00143787
0.000446574
0.000132145
3.73036e-05
1.0057e-05
2.59185e-06
6.39017e-07
1.50824e-07
3.40977e-08
7.38756e-09
1.53241e-09
3.16291e-10
