VARIABLEs = X,u
ZONE I=101
datapacking=block
0
0.01
0.02
0.03
0.04
0.05
0.06
0.07
0.08
0.09
0.1
0.11
0.12
0.13
0.14
0.15
0.16
0.17
0.18
0.19
0.2
0.21
0.22
0.23
0.24
0.25
0.26
0.27
0.28
0.29
0.3
0.31
0.32
0.33
0.34
0.35
0.36
0.37
0.38
0.39
0.4
0.41
0.42
0.43
0.44
0.45
0.46
0.47
0.48
0.49
0.5
0.51
0.52
0.53
0.54
0.55
0.56
0.57
0.58
0.59
0.6
0.61
0.62
0.63
0.64
0.65
0.66
0.67
0.68
0.69
0.7
0.71
0.72
0.73
0.74
0.75
0.76
0.77
0.78
0.79
0.8
0.81
0.82
0.83
0.84
0.85
0.86
0.87
0.88
0.89
0.9
0.91
0.92
0.93
0.94
0.95
0.96
0.97
0.98
0.99
1
0
-0.208195
-135.609
-61.6198
282.085
208.524
-430.495
-324.522
478.833
320.142
-263.32
-234.943
-238.865
186.479
789.908
-267.886
-1035.33
497.986
768.241
-843.867
-90.1663
1220.3
-683.117
-1479.15
1290.99
1492.08
-1703.53
-1300.38
2016.96
1119.92
-2233.89
-1129.11
2249.03
1313.12
-2012.52
-1562.91
1555.15
1785.5
-897.808
-1845.12
114.975
1588.32
581.858
-1005.19
-954.068
268.873
871.209
322.619
-424.988
-508.118
-56.8995
304.21
268.367
13.8876
-158.715
-142.042
-26.5704
61.679
73.7909
36.1544
-5.18901
-24.7555
-22.6688
-10.7988
0.337655
6.35211
7.61914
6.27966
4.22457
2.46194
1.27957
0.603306
0.260921
0.104315
0.0387721
0.0134559
0.00437524
0.00133645
0.000384338
0.000104244
2.67048e-05
6.46906e-06
1.48327e-06
3.2215e-07
6.63147e-08
1.29441e-08
2.3965e-09
4.2093e-10
7.01458e-11
1.10901e-11
1.66323e-12
2.36562e-13
3.18978e-14
4.07571e-15
4.93208e-16
5.64871e-17
6.11813e-18
6.261e-19
6.04743e-20
5.50641e-21
4.74942e-22
