VARIABLEs = X,u
ZONE I=101
datapacking=block
0
0.01
0.02
0.03
0.04
0.05
0.06
0.07
0.08
0.09
0.1
0.11
0.12
0.13
0.14
0.15
0.16
0.17
0.18
0.19
0.2
0.21
0.22
0.23
0.24
0.25
0.26
0.27
0.28
0.29
0.3
0.31
0.32
0.33
0.34
0.35
0.36
0.37
0.38
0.39
0.4
0.41
0.42
0.43
0.44
0.45
0.46
0.47
0.48
0.49
0.5
0.51
0.52
0.53
0.54
0.55
0.56
0.57
0.58
0.59
0.6
0.61
0.62
0.63
0.64
0.65
0.66
0.67
0.68
0.69
0.7
0.71
0.72
0.73
0.74
0.75
0.76
0.77
0.78
0.79
0.8
0.81
0.82
0.83
0.84
0.85
0.86
0.87
0.88
0.89
0.9
0.91
0.92
0.93
0.94
0.95
0.96
0.97
0.98
0.99
1
0
6.17875
18.4837
-17.081
-35.9841
15.0973
50.0201
6.29184
-60.4009
-31.2579
51.7888
38.1705
-6.92272
-27.5286
-54.4146
19.2019
78.7688
-31.716
-35.6848
64.9989
-46.0166
-91.4658
116.127
75.1938
-162.084
-17.7331
199.583
-38.407
-225.874
67.9113
234.567
-75.1881
-240.603
52.0257
240.761
2.59665
-216.764
-67.6468
164.012
124.82
-75.795
-135.698
-14.1993
94.8268
71.5113
-18.2019
-61.6721
-33.5821
14.5628
34.5288
22.0104
-0.0965588
-12.5155
-11.8398
-4.65717
2.02762
5.22926
5.36117
4.01731
2.4771
1.31833
0.621043
0.26298
0.101132
0.035578
0.0115114
0.00343945
0.000951956
0.000244657
5.84947e-05
1.30289e-05
2.70635e-06
5.24634e-07
9.49552e-08
1.60491e-08
2.53296e-09
3.73188e-10
5.13016e-11
6.57533e-12
7.84995e-13
8.71871e-14
8.99566e-15
8.60683e-16
7.6204e-17
6.2284e-18
4.68594e-19
3.23436e-20
2.0401e-21
1.17054e-22
6.07608e-24
2.83491e-25
1.17955e-26
4.33485e-28
1.39023e-29
3.83157e-31
8.89301e-33
1.69051e-34
2.52755e-36
2.78742e-38
2.01608e-40
7.17465e-43
