VARIABLEs = X,u
ZONE I=101
datapacking=block
0
0.01
0.02
0.03
0.04
0.05
0.06
0.07
0.08
0.09
0.1
0.11
0.12
0.13
0.14
0.15
0.16
0.17
0.18
0.19
0.2
0.21
0.22
0.23
0.24
0.25
0.26
0.27
0.28
0.29
0.3
0.31
0.32
0.33
0.34
0.35
0.36
0.37
0.38
0.39
0.4
0.41
0.42
0.43
0.44
0.45
0.46
0.47
0.48
0.49
0.5
0.51
0.52
0.53
0.54
0.55
0.56
0.57
0.58
0.59
0.6
0.61
0.62
0.63
0.64
0.65
0.66
0.67
0.68
0.69
0.7
0.71
0.72
0.73
0.74
0.75
0.76
0.77
0.78
0.79
0.8
0.81
0.82
0.83
0.84
0.85
0.86
0.87
0.88
0.89
0.9
0.91
0.92
0.93
0.94
0.95
0.96
0.97
0.98
0.99
1
0
4.41624
-11.565
-15.5586
19.0119
26.9039
-14.2343
-37.2719
-4.04412
42.7639
20.6654
-28.1316
-23.313
-10.952
17.2793
45.0888
-16.6229
-36.9189
29.6595
-12.3724
-46.9745
64.7391
42.2776
-96.2336
-3.45042
116.351
-44.2903
-130.447
74.899
132.838
-90.7871
-136.099
87.9256
145.254
-59.0718
-146.491
15.1197
135.291
39.7556
-93.8289
-75.6704
34.877
78.8623
24.3071
-39.463
-44.0888
-5.56082
25.5639
25.8898
7.62701
-8.03051
-11.6742
-6.56608
0.214517
4.33617
5.23446
4.2345
2.73751
1.5043
0.724428
0.311271
0.120738
0.0426232
0.0137756
0.00409407
0.00112262
0.000284747
6.6938e-05
1.46051e-05
2.96075e-06
5.5803e-07
9.78201e-08
1.59493e-08
2.41831e-09
3.40825e-10
4.46146e-11
5.4189e-12
6.09915e-13
6.3512e-14
6.10697e-15
5.40972e-16
4.40262e-17
3.28118e-18
2.23086e-19
1.37746e-20
7.68267e-22
3.84576e-23
1.71436e-24
6.74083e-26
2.31005e-27
6.79473e-29
1.68109e-30
3.40262e-32
5.41095e-34
6.34014e-36
4.86728e-38
1.83671e-40
0
0
0
0
