VARIABLEs = X,u
ZONE I=101
datapacking=block
0
0.01
0.02
0.03
0.04
0.05
0.06
0.07
0.08
0.09
0.1
0.11
0.12
0.13
0.14
0.15
0.16
0.17
0.18
0.19
0.2
0.21
0.22
0.23
0.24
0.25
0.26
0.27
0.28
0.29
0.3
0.31
0.32
0.33
0.34
0.35
0.36
0.37
0.38
0.39
0.4
0.41
0.42
0.43
0.44
0.45
0.46
0.47
0.48
0.49
0.5
0.51
0.52
0.53
0.54
0.55
0.56
0.57
0.58
0.59
0.6
0.61
0.62
0.63
0.64
0.65
0.66
0.67
0.68
0.69
0.7
0.71
0.72
0.73
0.74
0.75
0.76
0.77
0.78
0.79
0.8
0.81
0.82
0.83
0.84
0.85
0.86
0.87
0.88
0.89
0.9
0.91
0.92
0.93
0.94
0.95
0.96
0.97
0.98
0.99
1
0
21.0034
-39.0087
-59.8764
48.2024
106.792
-25.1327
-163.795
-7.38541
177.592
36.4733
-92.7145
-78.7713
-65.6239
139.817
183.481
-193.337
-148.599
214.903
-47.8675
-206.357
298.294
166.318
-477.817
-70.0746
558.185
-80.2505
-599.413
216.462
640.568
-270.823
-666.901
242.593
674.591
-147.207
-663.75
-15.1669
592.928
201.947
-433.631
-341.39
203.997
371.768
37.0412
-260.195
-182.481
72.9595
179.181
78.0943
-61.4171
-98.5518
-40.2771
28.3089
50.5123
30.1951
-0.160543
-16.8849
-16.6256
-7.77704
0.941939
5.59836
6.38707
5.10029
3.32354
1.86892
0.932729
0.42008
0.172612
0.0652098
0.0227777
0.00738796
0.00223256
0.000630213
0.000166524
4.12567e-05
9.59634e-06
2.09774e-06
4.31289e-07
8.34439e-08
1.5198e-08
2.6063e-09
4.20835e-10
6.39714e-11
9.15204e-12
1.23171e-12
1.55846e-13
1.85244e-14
2.06653e-15
2.16127e-16
2.11629e-17
1.93722e-18
1.65485e-19
1.31656e-20
9.73245e-22
6.66728e-23
4.21985e-24
2.45889e-25
1.31372e-26
6.40514e-28
2.83389e-29
1.13156e-30
