VARIABLEs = X,u
ZONE I=101
datapacking=block
0
0.01
0.02
0.03
0.04
0.05
0.06
0.07
0.08
0.09
0.1
0.11
0.12
0.13
0.14
0.15
0.16
0.17
0.18
0.19
0.2
0.21
0.22
0.23
0.24
0.25
0.26
0.27
0.28
0.29
0.3
0.31
0.32
0.33
0.34
0.35
0.36
0.37
0.38
0.39
0.4
0.41
0.42
0.43
0.44
0.45
0.46
0.47
0.48
0.49
0.5
0.51
0.52
0.53
0.54
0.55
0.56
0.57
0.58
0.59
0.6
0.61
0.62
0.63
0.64
0.65
0.66
0.67
0.68
0.69
0.7
0.71
0.72
0.73
0.74
0.75
0.76
0.77
0.78
0.79
0.8
0.81
0.82
0.83
0.84
0.85
0.86
0.87
0.88
0.89
0.9
0.91
0.92
0.93
0.94
0.95
0.96
0.97
0.98
0.99
1
0
-4.51684
25.5541
13.6177
-43.2937
-30.4663
42.1463
59.7058
-27.7128
-80.6666
6.39326
59.0808
26.628
3.24417
-66.4876
-53.4928
88.7505
34.7379
-77.5347
54.341
42.9955
-152.342
5.27485
198.075
-75.6279
-194.051
160.725
182.258
-223.664
-177.898
247.641
179.292
-244.427
-199.696
206.795
230.058
-129.249
-241.616
28.992
216.412
73.3019
-135.806
-127.955
30.4993
114.345
54.4928
-40.8933
-66.4814
-23.7918
24.384
36.6997
18.5965
-3.99483
-14.1683
-11.4641
-3.57396
2.86883
5.57854
5.36641
3.89084
2.34908
1.23222
0.574682
0.241726
0.0925923
0.032522
0.0105281
0.00315347
0.000876585
0.000226663
5.46183e-05
1.22821e-05
2.58006e-06
5.06684e-07
9.30671e-08
1.59922e-08
2.57085e-09
3.86554e-10
5.43415e-11
7.13785e-12
8.753e-13
1.00101e-13
1.06624e-14
1.05616e-15
9.71123e-17
8.27093e-18
6.5086e-19
4.71858e-20
3.14092e-21
1.91209e-22
1.05961e-23
5.31606e-25
2.39883e-26
9.65937e-28
3.43748e-29
1.06817e-30
2.85404e-32
6.42536e-34
1.18538e-35
1.72085e-37
1.84362e-39
