VARIABLEs = X,u
ZONE I=101
datapacking=block
0
0.01
0.02
0.03
0.04
0.05
0.06
0.07
0.08
0.09
0.1
0.11
0.12
0.13
0.14
0.15
0.16
0.17
0.18
0.19
0.2
0.21
0.22
0.23
0.24
0.25
0.26
0.27
0.28
0.29
0.3
0.31
0.32
0.33
0.34
0.35
0.36
0.37
0.38
0.39
0.4
0.41
0.42
0.43
0.44
0.45
0.46
0.47
0.48
0.49
0.5
0.51
0.52
0.53
0.54
0.55
0.56
0.57
0.58
0.59
0.6
0.61
0.62
0.63
0.64
0.65
0.66
0.67
0.68
0.69
0.7
0.71
0.72
0.73
0.74
0.75
0.76
0.77
0.78
0.79
0.8
0.81
0.82
0.83
0.84
0.85
0.86
0.87
0.88
0.89
0.9
0.91
0.92
0.93
0.94
0.95
0.96
0.97
0.98
0.99
1
0
0.145466
-1.43878
-0.828266
2.18827
2.19706
-1.38256
-3.23695
-0.995069
2.11345
2.68819
0.87885
-1.06463
-1.91266
-1.21548
-0.922581
0.743082
0.162605
0.743236
2.18198
-0.867125
1.57101
3.42641
-2.68327
0.81467
6.53751
-2.39431
-4.5463
7.41085
5.93579
-6.9951
-4.08125
8.84963
7.37457
-4.58259
-6.73457
2.19725
7.92007
4.42224
-1.68797
-3.54103
-1.11195
1.96769
3.31748
2.95748
1.92258
0.998915
0.432575
0.159822
0.0511116
0.0142818
0.0035083
0.000760584
0.00014584
2.47517e-05
3.71622e-06
4.92725e-07
5.75178e-08
5.88543e-09
5.24703e-10
4.04316e-11
2.66439e-12
1.48053e-13
6.80579e-15
2.51967e-16
7.22152e-18
1.50388e-19
2.02494e-21
1.32349e-23
0
0
0
0
0
0
0
0
0
0
0
0
0
0
0
0
0
0
0
0
0
0
0
0
0
0
0
0
0
0
0
0
