VARIABLEs = X,u
ZONE I=101
datapacking=block
0
0.01
0.02
0.03
0.04
0.05
0.06
0.07
0.08
0.09
0.1
0.11
0.12
0.13
0.14
0.15
0.16
0.17
0.18
0.19
0.2
0.21
0.22
0.23
0.24
0.25
0.26
0.27
0.28
0.29
0.3
0.31
0.32
0.33
0.34
0.35
0.36
0.37
0.38
0.39
0.4
0.41
0.42
0.43
0.44
0.45
0.46
0.47
0.48
0.49
0.5
0.51
0.52
0.53
0.54
0.55
0.56
0.57
0.58
0.59
0.6
0.61
0.62
0.63
0.64
0.65
0.66
0.67
0.68
0.69
0.7
0.71
0.72
0.73
0.74
0.75
0.76
0.77
0.78
0.79
0.8
0.81
0.82
0.83
0.84
0.85
0.86
0.87
0.88
0.89
0.9
0.91
0.92
0.93
0.94
0.95
0.96
0.97
0.98
0.99
1
0
-108.169
161.267
430.874
-391.318
-857.329
638.221
1080.97
-667.764
-866.32
181.192
327.328
867.722
171.297
-2064.33
-253.817
2757.79
-289.869
-2539.29
1424.27
1524.33
-2864.67
-216.017
4150.76
-929.449
-4887.55
1800.89
5044.71
-2492.68
-4977.63
2951.84
5048.95
-2924.67
-5266.92
2264.48
5374.55
-1101.08
-5148.73
-320.755
4444.02
1719.33
-3157.56
-2679.41
1429.49
2799.95
254.369
-2021.39
-1310.96
731.124
1402.24
384.016
-719.452
-767.391
-76.8115
448.052
403.07
45.2082
-211.677
-210.705
-61.3717
67.7311
100.223
60.015
5.01316
-27.0611
-30.7453
-18.5384
-4.18456
5.11107
8.42346
7.83251
5.70711
3.55096
1.95883
0.977941
0.447606
0.189478
0.0746542
0.0275077
0.00951407
0.0030979
0.000951896
0.000276549
7.60868e-05
1.98507e-05
4.91636e-06
1.15693e-06
2.58872e-07
5.51106e-08
1.11676e-08
2.15485e-09
3.96015e-10
6.93285e-11
1.15623e-11
1.83696e-12
2.7799e-13
4.0064e-14
5.49738e-15
7.17928e-16
8.91819e-17
1.06628e-17
