VARIABLEs = X,u
ZONE I=101
datapacking=block
0
0.01
0.02
0.03
0.04
0.05
0.06
0.07
0.08
0.09
0.1
0.11
0.12
0.13
0.14
0.15
0.16
0.17
0.18
0.19
0.2
0.21
0.22
0.23
0.24
0.25
0.26
0.27
0.28
0.29
0.3
0.31
0.32
0.33
0.34
0.35
0.36
0.37
0.38
0.39
0.4
0.41
0.42
0.43
0.44
0.45
0.46
0.47
0.48
0.49
0.5
0.51
0.52
0.53
0.54
0.55
0.56
0.57
0.58
0.59
0.6
0.61
0.62
0.63
0.64
0.65
0.66
0.67
0.68
0.69
0.7
0.71
0.72
0.73
0.74
0.75
0.76
0.77
0.78
0.79
0.8
0.81
0.82
0.83
0.84
0.85
0.86
0.87
0.88
0.89
0.9
0.91
0.92
0.93
0.94
0.95
0.96
0.97
0.98
0.99
1
0
1714.56
-2708.03
-4169.88
5813.17
4469.36
-7798.04
-3052.04
5973.54
1586.45
850.73
-1892.45
-10757.4
4890.7
19627
-10115.5
-23356.2
16235.1
19771.9
-22204.2
-9599.05
27789.3
-3861.29
-32959.9
16428.3
37145
-25211
-39470.1
29742.2
39852.1
-31174.1
-39576.2
30301.2
40232.8
-26539.3
-41917.7
18967.8
42796.7
-8028.41
-40554.7
-4170.88
33960.1
14842.9
-23253.5
-21316.7
10132.7
21627.2
2172.3
-15733.6
-9897.33
6395.18
10989.7
1928.01
-6666.49
-5681.03
798.128
4428.79
2655.4
-945.534
-2446.88
-1327.84
458.383
1203.51
753.744
-55.9705
-493.002
-421.977
-117.31
123.678
187.438
122.592
26.691
-35.9907
-52.0874
-38.2984
-16.1811
0.975922
9.45387
11.0896
9.18575
6.31621
3.81415
2.07921
1.03977
0.482007
0.208653
0.0847991
0.0324898
0.0117735
0.00404578
0.00132121
0.000410758
0.000121758
3.44548e-05
9.31777e-06
2.41035e-06
5.96883e-07
1.41588e-07
3.2193e-08
7.0076e-09
1.52445e-09
