VARIABLEs = X,u
ZONE I=101
datapacking=block
0
0.01
0.02
0.03
0.04
0.05
0.06
0.07
0.08
0.09
0.1
0.11
0.12
0.13
0.14
0.15
0.16
0.17
0.18
0.19
0.2
0.21
0.22
0.23
0.24
0.25
0.26
0.27
0.28
0.29
0.3
0.31
0.32
0.33
0.34
0.35
0.36
0.37
0.38
0.39
0.4
0.41
0.42
0.43
0.44
0.45
0.46
0.47
0.48
0.49
0.5
0.51
0.52
0.53
0.54
0.55
0.56
0.57
0.58
0.59
0.6
0.61
0.62
0.63
0.64
0.65
0.66
0.67
0.68
0.69
0.7
0.71
0.72
0.73
0.74
0.75
0.76
0.77
0.78
0.79
0.8
0.81
0.82
0.83
0.84
0.85
0.86
0.87
0.88
0.89
0.9
0.91
0.92
0.93
0.94
0.95
0.96
0.97
0.98
0.99
1
0
2.26678e-08
6.58552e-08
1.95417e-07
3.70687e-07
8.96495e-07
1.49962e-06
3.309e-06
5.16749e-06
1.0743e-05
1.59955e-05
3.1753e-05
4.55404e-05
8.69028e-05
0.000120763
0.000222344
0.000300498
0.000534961
0.000704995
0.0012151
0.00156445
0.00261251
0.00329118
0.00532719
0.00657468
0.0103171
0.0124875
0.0189988
0.0225732
0.0332965
0.0388679
0.0555817
0.0637971
0.0884424
0.0998967
0.134257
0.149345
0.194603
0.213365
0.269631
0.291628
0.357571
0.381859
0.454606
0.479822
0.555212
0.579789
0.652973
0.675416
0.741646
0.760807
0.816177
0.831434
0.873332
0.884632
0.911767
0.919525
0.931568
0.936488
0.933516
0.936387
0.918399
0.919932
0.886661
0.887406
0.838517
0.838844
0.774455
0.774584
0.695893
0.695938
0.605698
0.605712
0.508318
0.508321
0.409397
0.409398
0.314963
0.314963
0.230392
0.230392
0.159502
0.159502
0.104022
0.104022
0.0636014
0.0636014
0.0362747
0.0362747
0.0191954
0.0191954
0.00936902
0.00936902
0.00419024
0.00419024
0.00170443
0.00170442
0.000625023
0.000624516
0.000202891
0.000184876
