VARIABLEs = X,u
ZONE I=101
datapacking=block
0
0.01
0.02
0.03
0.04
0.05
0.06
0.07
0.08
0.09
0.1
0.11
0.12
0.13
0.14
0.15
0.16
0.17
0.18
0.19
0.2
0.21
0.22
0.23
0.24
0.25
0.26
0.27
0.28
0.29
0.3
0.31
0.32
0.33
0.34
0.35
0.36
0.37
0.38
0.39
0.4
0.41
0.42
0.43
0.44
0.45
0.46
0.47
0.48
0.49
0.5
0.51
0.52
0.53
0.54
0.55
0.56
0.57
0.58
0.59
0.6
0.61
0.62
0.63
0.64
0.65
0.66
0.67
0.68
0.69
0.7
0.71
0.72
0.73
0.74
0.75
0.76
0.77
0.78
0.79
0.8
0.81
0.82
0.83
0.84
0.85
0.86
0.87
0.88
0.89
0.9
0.91
0.92
0.93
0.94
0.95
0.96
0.97
0.98
0.99
1
0
1.64638e-08
4.78636e-08
1.42063e-07
2.69777e-07
6.52921e-07
1.09384e-06
2.41659e-06
3.78106e-06
7.87448e-06
1.17513e-05
2.33817e-05
3.36228e-05
6.43461e-05
8.96838e-05
0.000165697
0.000224678
0.000401622
0.000531181
0.000919858
0.00118893
0.00199613
0.00252511
0.00411205
0.00509726
0.00805289
0.00979191
0.0150089
0.0179184
0.0266468
0.0312602
0.0451001
0.0520306
0.0728216
0.0826812
0.112258
0.125532
0.165347
0.182245
0.232924
0.253245
0.314169
0.337227
0.406312
0.430965
0.504731
0.529534
0.603525
0.626962
0.696426
0.717189
0.777825
0.795031
0.843584
0.856889
0.891385
0.900958
0.920552
0.92694
0.931475
0.935415
0.924919
0.927155
0.901504
0.902666
0.861594
0.862144
0.80558
0.805815
0.734447
0.734537
0.650346
0.650377
0.556912
0.556921
0.459138
0.45914
0.362797
0.362797
0.273533
0.273533
0.19591
0.19591
0.132703
0.132703
0.0846302
0.0846302
0.0505785
0.0505785
0.0281883
0.0281883
0.0145727
0.0145727
0.00694794
0.00694794
0.00303524
0.0030352
0.0012058
0.00120448
0.00042766
0.000385954
