VARIABLEs = X,u
ZONE I=101
datapacking=block
0
0.01
0.02
0.03
0.04
0.05
0.06
0.07
0.08
0.09
0.1
0.11
0.12
0.13
0.14
0.15
0.16
0.17
0.18
0.19
0.2
0.21
0.22
0.23
0.24
0.25
0.26
0.27
0.28
0.29
0.3
0.31
0.32
0.33
0.34
0.35
0.36
0.37
0.38
0.39
0.4
0.41
0.42
0.43
0.44
0.45
0.46
0.47
0.48
0.49
0.5
0.51
0.52
0.53
0.54
0.55
0.56
0.57
0.58
0.59
0.6
0.61
0.62
0.63
0.64
0.65
0.66
0.67
0.68
0.69
0.7
0.71
0.72
0.73
0.74
0.75
0.76
0.77
0.78
0.79
0.8
0.81
0.82
0.83
0.84
0.85
0.86
0.87
0.88
0.89
0.9
0.91
0.92
0.93
0.94
0.95
0.96
0.97
0.98
0.99
1
0
2.37464e-05
6.71572e-05
0.00019739
0.000358503
0.000841842
0.00132761
0.0027849
0.00404151
0.00781135
0.0106651
0.0192263
0.0249787
0.0422356
0.0525815
0.0836194
0.100256
0.150167
0.174082
0.245827
0.276501
0.368522
0.40351
0.508471
0.543789
0.649738
0.681084
0.775104
0.799358
0.872054
0.888234
0.936562
0.945733
0.972637
0.976969
0.988358
0.990017
0.991138
0.991633
0.984662
0.98477
0.968183
0.968198
0.937441
0.937442
0.886461
0.886461
0.809984
0.809984
0.706371
0.706371
0.580091
0.580091
0.442333
0.442333
0.308625
0.308625
0.194019
0.194019
0.108065
0.108065
0.0523103
0.0523103
0.0214986
0.0214986
0.0072779
0.0072779
0.00194512
0.00194512
0.000384311
0.000384311
4.98508e-05
4.98508e-05
3.18197e-06
3.18197e-06
0
0
0
0
0
0
0
0
0
0
0
0
0
0
0
0
0
0
0
0
0
0
0
0
0
0
