VARIABLEs = X,u
ZONE I=101
datapacking=block
0
0.01
0.02
0.03
0.04
0.05
0.06
0.07
0.08
0.09
0.1
0.11
0.12
0.13
0.14
0.15
0.16
0.17
0.18
0.19
0.2
0.21
0.22
0.23
0.24
0.25
0.26
0.27
0.28
0.29
0.3
0.31
0.32
0.33
0.34
0.35
0.36
0.37
0.38
0.39
0.4
0.41
0.42
0.43
0.44
0.45
0.46
0.47
0.48
0.49
0.5
0.51
0.52
0.53
0.54
0.55
0.56
0.57
0.58
0.59
0.6
0.61
0.62
0.63
0.64
0.65
0.66
0.67
0.68
0.69
0.7
0.71
0.72
0.73
0.74
0.75
0.76
0.77
0.78
0.79
0.8
0.81
0.82
0.83
0.84
0.85
0.86
0.87
0.88
0.89
0.9
0.91
0.92
0.93
0.94
0.95
0.96
0.97
0.98
0.99
1
0
5.08083e-10
1.48587e-09
4.41923e-09
8.47372e-09
2.06372e-08
3.50361e-08
7.82328e-08
1.24474e-07
2.63199e-07
4.0075e-07
8.13403e-07
1.19722e-06
2.34869e-06
3.3609e-06
6.39753e-06
8.9323e-06
1.65366e-05
2.2583e-05
4.07222e-05
5.44904e-05
9.57951e-05
0.000125768
0.000215687
0.000278135
0.000465476
0.000590081
0.000963894
0.00120213
0.00191682
0.00235337
0.00366301
0.00442984
0.00673028
0.00802144
0.0118948
0.0139786
0.0202296
0.0234522
0.0331193
0.0378937
0.0522154
0.0589893
0.0793072
0.0885066
0.116096
0.128048
0.163883
0.17873
0.223225
0.240846
0.293611
0.313577
0.373274
0.394853
0.459195
0.481421
0.547347
0.569139
0.633143
0.65346
0.711996
0.729984
0.779866
0.794967
0.833642
0.845646
0.871305
0.880325
0.891852
0.898246
0.895061
0.899327
0.881226
0.8839
0.85099
0.85256
0.805318
0.806179
0.745631
0.74607
0.673999
0.674207
0.593287
0.593378
0.507136
0.507172
0.419724
0.419737
0.335346
0.335351
0.257886
0.257888
0.190324
0.190322
0.1344
0.134362
0.0904272
0.0898116
0.0557951
0.0462858
