VARIABLEs = X,u
ZONE I=101
datapacking=block
0
0.01
0.02
0.03
0.04
0.05
0.06
0.07
0.08
0.09
0.1
0.11
0.12
0.13
0.14
0.15
0.16
0.17
0.18
0.19
0.2
0.21
0.22
0.23
0.24
0.25
0.26
0.27
0.28
0.29
0.3
0.31
0.32
0.33
0.34
0.35
0.36
0.37
0.38
0.39
0.4
0.41
0.42
0.43
0.44
0.45
0.46
0.47
0.48
0.49
0.5
0.51
0.52
0.53
0.54
0.55
0.56
0.57
0.58
0.59
0.6
0.61
0.62
0.63
0.64
0.65
0.66
0.67
0.68
0.69
0.7
0.71
0.72
0.73
0.74
0.75
0.76
0.77
0.78
0.79
0.8
0.81
0.82
0.83
0.84
0.85
0.86
0.87
0.88
0.89
0.9
0.91
0.92
0.93
0.94
0.95
0.96
0.97
0.98
0.99
1
0
3.71467e-10
1.08681e-09
3.23283e-09
6.2032e-09
1.51143e-08
2.56847e-08
5.73957e-08
9.14326e-08
1.93543e-07
2.95125e-07
5.99869e-07
8.84437e-07
1.73814e-06
2.49204e-06
4.75375e-06
6.65155e-06
1.2345e-05
1.68987e-05
3.05599e-05
4.09974e-05
7.23099e-05
9.51974e-05
0.00016386
0.000211925
0.000356121
0.000452864
0.000743092
0.000929803
0.00148994
0.00183557
0.00287248
0.0034863
0.00532773
0.00637349
0.0095107
0.0112198
0.0163469
0.0190259
0.0270624
0.0310889
0.0431671
0.0489679
0.0663674
0.0743745
0.0983888
0.108973
0.140712
0.154104
0.194244
0.210452
0.258998
0.277746
0.333833
0.354546
0.416374
0.438209
0.503124
0.525068
0.589811
0.610812
0.671883
0.691
0.74505
0.761582
0.805747
0.819307
0.851404
0.861938
0.880495
0.888233
0.892391
0.897755
0.887118
0.890619
0.865144
0.86729
0.827278
0.828511
0.774728
0.77539
0.709247
0.709578
0.633303
0.633457
0.550133
0.550198
0.463619
0.463645
0.377967
0.377977
0.297235
0.297238
0.224833
0.22483
0.163109
0.163055
0.112997
0.112151
0.0717885
0.0591976
