VARIABLEs = X,u
ZONE I=101
datapacking=block
0
0.01
0.02
0.03
0.04
0.05
0.06
0.07
0.08
0.09
0.1
0.11
0.12
0.13
0.14
0.15
0.16
0.17
0.18
0.19
0.2
0.21
0.22
0.23
0.24
0.25
0.26
0.27
0.28
0.29
0.3
0.31
0.32
0.33
0.34
0.35
0.36
0.37
0.38
0.39
0.4
0.41
0.42
0.43
0.44
0.45
0.46
0.47
0.48
0.49
0.5
0.51
0.52
0.53
0.54
0.55
0.56
0.57
0.58
0.59
0.6
0.61
0.62
0.63
0.64
0.65
0.66
0.67
0.68
0.69
0.7
0.71
0.72
0.73
0.74
0.75
0.76
0.77
0.78
0.79
0.8
0.81
0.82
0.83
0.84
0.85
0.86
0.87
0.88
0.89
0.9
0.91
0.92
0.93
0.94
0.95
0.96
0.97
0.98
0.99
1
0
0.00136147
0.00367003
0.0105957
0.0178489
0.0396083
0.0565871
0.107524
0.138618
0.231901
0.277016
0.412359
0.463982
0.618854
0.664626
0.801943
0.832356
0.923597
0.937875
0.980708
0.984936
0.997618
0.998213
0.999975
0.999975
0.999856
0.999856
0.9993
0.9993
0.997129
0.997129
0.990026
0.990026
0.970491
0.970491
0.925412
0.925412
0.838472
0.838472
0.69937
0.69937
0.516797
0.516797
0.323486
0.323486
0.162392
0.162392
0.0606494
0.0606494
0.0148651
0.0148651
0.00178381
0.00178381
0
0
0
0
0
0
0
0
0
0
0
0
0
0
0
0
0
0
0
0
0
0
0
0
0
0
0
0
0
0
0
0
0
0
0
0
0
0
0
0
0
0
0
0
0
0
0
0
