VARIABLEs = X,u
ZONE I=101
datapacking=block
0
0.01
0.02
0.03
0.04
0.05
0.06
0.07
0.08
0.09
0.1
0.11
0.12
0.13
0.14
0.15
0.16
0.17
0.18
0.19
0.2
0.21
0.22
0.23
0.24
0.25
0.26
0.27
0.28
0.29
0.3
0.31
0.32
0.33
0.34
0.35
0.36
0.37
0.38
0.39
0.4
0.41
0.42
0.43
0.44
0.45
0.46
0.47
0.48
0.49
0.5
0.51
0.52
0.53
0.54
0.55
0.56
0.57
0.58
0.59
0.6
0.61
0.62
0.63
0.64
0.65
0.66
0.67
0.68
0.69
0.7
0.71
0.72
0.73
0.74
0.75
0.76
0.77
0.78
0.79
0.8
0.81
0.82
0.83
0.84
0.85
0.86
0.87
0.88
0.89
0.9
0.91
0.92
0.93
0.94
0.95
0.96
0.97
0.98
0.99
1
0
3.35984e-09
9.79711e-09
2.91089e-08
5.55493e-08
1.34871e-07
2.27473e-07
5.05281e-07
7.97302e-07
1.67336e-06
2.52266e-06
5.07055e-06
7.37754e-06
1.42985e-05
2.0195e-05
3.78843e-05
5.2131e-05
9.4871e-05
0.00012751
0.000225429
0.000296479
0.00050963
0.00065679
0.00109827
0.00138855
0.00225937
0.00280499
0.00444184
0.00541943
0.00835218
0.010022
0.0150314
0.0177503
0.025907
0.0301265
0.0427845
0.0490233
0.0677386
0.0765234
0.102874
0.114648
0.149959
0.164966
0.209967
0.228147
0.282638
0.30355
0.366174
0.388988
0.4572
0.48078
0.551052
0.574112
0.642378
0.663684
0.725892
0.744459
0.7971
0.812334
0.852791
0.864535
0.891163
0.89965
0.91161
0.917345
0.914299
0.917912
0.899735
0.90185
0.868512
0.869658
0.821336
0.821909
0.759295
0.759558
0.684234
0.684344
0.599047
0.599089
0.507723
0.507737
0.415053
0.415057
0.326052
0.326053
0.245238
0.245238
0.175966
0.175966
0.120014
0.120014
0.0775194
0.0775194
0.0472418
0.0472418
0.0270565
0.0270545
0.0144958
0.0144497
0.00708346
0.00612479
