VARIABLEs = X,u
ZONE I=101
datapacking=block
0
0.01
0.02
0.03
0.04
0.05
0.06
0.07
0.08
0.09
0.1
0.11
0.12
0.13
0.14
0.15
0.16
0.17
0.18
0.19
0.2
0.21
0.22
0.23
0.24
0.25
0.26
0.27
0.28
0.29
0.3
0.31
0.32
0.33
0.34
0.35
0.36
0.37
0.38
0.39
0.4
0.41
0.42
0.43
0.44
0.45
0.46
0.47
0.48
0.49
0.5
0.51
0.52
0.53
0.54
0.55
0.56
0.57
0.58
0.59
0.6
0.61
0.62
0.63
0.64
0.65
0.66
0.67
0.68
0.69
0.7
0.71
0.72
0.73
0.74
0.75
0.76
0.77
0.78
0.79
0.8
0.81
0.82
0.83
0.84
0.85
0.86
0.87
0.88
0.89
0.9
0.91
0.92
0.93
0.94
0.95
0.96
0.97
0.98
0.99
1
0
9.51803e-10
2.781e-09
8.26859e-09
1.58313e-08
3.85194e-08
6.5262e-08
1.4549e-07
2.30891e-07
4.87093e-07
7.39367e-07
1.49619e-06
2.19431e-06
4.28868e-06
6.11207e-06
1.15822e-05
1.60982e-05
2.96462e-05
4.02854e-05
7.22031e-05
9.6096e-05
0.000167775
0.000218998
0.000372667
0.000477607
0.000792427
0.000998011
0.00161476
0.00200006
0.00315596
0.00384696
0.00591993
0.00710583
0.0106635
0.0126111
0.0184536
0.0215138
0.0306938
0.0352928
0.0490889
0.0556976
0.0755209
0.0845966
0.111817
0.123722
0.159421
0.174328
0.219012
0.236816
0.290149
0.310416
0.371051
0.39302
0.458589
0.481241
0.548545
0.570736
0.636099
0.656731
0.716456
0.734634
0.785433
0.800587
0.839881
0.851814
0.877832
0.886693
0.898393
0.904583
0.901449
0.905508
0.887361
0.889852
0.85676
0.858188
0.810544
0.811306
0.750048
0.750424
0.677283
0.677455
0.59513
0.595202
0.507335
0.507362
0.418261
0.418271
0.332419
0.332422
0.253881
0.253882
0.185745
0.185746
0.129775
0.129774
0.0863117
0.086295
0.0544186
0.0541194
0.0314465
0.0264213
