VARIABLEs = X,u
ZONE I=101
datapacking=block
0
0.01
0.02
0.03
0.04
0.05
0.06
0.07
0.08
0.09
0.1
0.11
0.12
0.13
0.14
0.15
0.16
0.17
0.18
0.19
0.2
0.21
0.22
0.23
0.24
0.25
0.26
0.27
0.28
0.29
0.3
0.31
0.32
0.33
0.34
0.35
0.36
0.37
0.38
0.39
0.4
0.41
0.42
0.43
0.44
0.45
0.46
0.47
0.48
0.49
0.5
0.51
0.52
0.53
0.54
0.55
0.56
0.57
0.58
0.59
0.6
0.61
0.62
0.63
0.64
0.65
0.66
0.67
0.68
0.69
0.7
0.71
0.72
0.73
0.74
0.75
0.76
0.77
0.78
0.79
0.8
0.81
0.82
0.83
0.84
0.85
0.86
0.87
0.88
0.89
0.9
0.91
0.92
0.93
0.94
0.95
0.96
0.97
0.98
0.99
1
0
2.12308e-28
4.15375e-23
1.79446e-21
3.94432e-20
5.86636e-19
6.63042e-18
6.06716e-17
4.67764e-16
3.12308e-15
1.84225e-14
9.74869e-14
4.68374e-13
2.06298e-12
8.39691e-12
3.17962e-11
1.1265e-10
3.75243e-10
1.18024e-09
3.51818e-09
9.97231e-09
2.69572e-08
6.96787e-08
1.72623e-07
4.10778e-07
9.40738e-07
2.07712e-06
4.42887e-06
9.13314e-06
1.82409e-05
3.53289e-05
6.64342e-05
0.000121427
0.000215952
0.000374058
0.000631624
0.00104062
0.00167417
0.00263214
0.00404709
0.00608982
0.00897394
0.0129585
0.0183481
0.0254883
0.0347582
0.0465563
0.0612829
0.0793173
0.100993
0.126568
0.156205
0.189939
0.227669
0.269142
0.313954
0.361561
0.411295
0.462395
0.514037
0.565374
0.615576
0.663865
0.709546
0.75203
0.790852
0.825671
0.856266
0.882521
0.904406
0.921951
0.935215
0.944265
0.949153
0.949899
0.946483
0.938849
0.926912
0.910575
0.889756
0.864413
0.83457
0.800347
0.761976
0.719818
0.674361
0.626215
0.576095
0.524794
0.47315
0.422006
0.372178
0.324413
0.279361
0.237549
0.199371
0.165072
0.134761
0.108414
0.0858941
0.0669702
