VARIABLEs = X,u
ZONE I=101
datapacking=block
0
0.01
0.02
0.03
0.04
0.05
0.06
0.07
0.08
0.09
0.1
0.11
0.12
0.13
0.14
0.15
0.16
0.17
0.18
0.19
0.2
0.21
0.22
0.23
0.24
0.25
0.26
0.27
0.28
0.29
0.3
0.31
0.32
0.33
0.34
0.35
0.36
0.37
0.38
0.39
0.4
0.41
0.42
0.43
0.44
0.45
0.46
0.47
0.48
0.49
0.5
0.51
0.52
0.53
0.54
0.55
0.56
0.57
0.58
0.59
0.6
0.61
0.62
0.63
0.64
0.65
0.66
0.67
0.68
0.69
0.7
0.71
0.72
0.73
0.74
0.75
0.76
0.77
0.78
0.79
0.8
0.81
0.82
0.83
0.84
0.85
0.86
0.87
0.88
0.89
0.9
0.91
0.92
0.93
0.94
0.95
0.96
0.97
0.98
0.99
1
0
1.69351e-05
0.000456548
0.00280448
0.0104199
0.0286533
0.0637759
0.120906
0.201826
0.30374
0.419582
0.539699
0.654201
0.755078
0.837477
0.899933
0.943787
0.972151
0.988841
0.997541
1.0013
1.00236
1.00217
1.00157
1.00097
1.00051
1.00023
1.00007
1
0.999979
0.999978
0.999879
0.999046
0.99557
0.985607
0.963527
0.923234
0.860312
0.774035
0.668264
0.550796
0.431477
0.319859
0.223254
0.145699
0.0879309
0.0481127
0.0228913
0.00842776
0.00116014
-0.00177484
-0.00241772
-0.00206231
-0.00142789
-0.000848461
-0.000433139
-0.000180591
-4.91876e-05
6.79384e-06
2.27987e-05
2.14306e-05
1.48861e-05
8.56304e-06
4.12706e-06
1.56481e-06
3.29317e-07
-1.37246e-07
-2.3316e-07
-1.89848e-07
-1.18722e-07
-6.13508e-08
-2.57537e-08
-7.53646e-09
-1.032e-11
2.10217e-09
2.01684e-09
1.34343e-09
7.23037e-10
3.17949e-10
1.03722e-10
1.16424e-11
-1.70114e-11
-1.90641e-11
-1.32759e-11
-7.30904e-12
-3.28351e-12
-1.12004e-12
-1.74991e-13
1.3109e-13
1.66282e-13
1.18838e-13
6.60397e-14
2.98579e-14
1.0336e-14
1.79138e-15
-1.00314e-15
-1.36613e-15
-9.84794e-16
-5.4664e-16
-2.4618e-16
-8.49508e-17
