VARIABLEs = X,u
ZONE I=101
datapacking=block
0
0.01
0.02
0.03
0.04
0.05
0.06
0.07
0.08
0.09
0.1
0.11
0.12
0.13
0.14
0.15
0.16
0.17
0.18
0.19
0.2
0.21
0.22
0.23
0.24
0.25
0.26
0.27
0.28
0.29
0.3
0.31
0.32
0.33
0.34
0.35
0.36
0.37
0.38
0.39
0.4
0.41
0.42
0.43
0.44
0.45
0.46
0.47
0.48
0.49
0.5
0.51
0.52
0.53
0.54
0.55
0.56
0.57
0.58
0.59
0.6
0.61
0.62
0.63
0.64
0.65
0.66
0.67
0.68
0.69
0.7
0.71
0.72
0.73
0.74
0.75
0.76
0.77
0.78
0.79
0.8
0.81
0.82
0.83
0.84
0.85
0.86
0.87
0.88
0.89
0.9
0.91
0.92
0.93
0.94
0.95
0.96
0.97
0.98
0.99
1
0
1.39296e-24
6.3377e-20
2.3325e-18
4.38986e-17
5.61012e-16
5.46337e-15
4.31726e-14
2.88005e-13
1.66668e-12
8.5347e-12
3.92622e-11
1.64202e-10
6.30339e-10
2.2387e-09
7.40501e-09
2.29409e-08
6.68897e-08
1.84332e-07
4.81883e-07
1.19895e-06
2.84738e-06
6.47152e-06
1.41093e-05
2.95709e-05
5.96939e-05
0.00011627
0.000218872
0.000398787
0.000704252
0.00120701
0.00201005
0.00325616
0.00513647
0.00789797
0.0118485
0.0173578
0.0248529
0.0348065
0.0477181
0.0640869
0.0843789
0.108989
0.138202
0.172158
0.210818
0.25395
0.301119
0.351696
0.404881
0.459745
0.515273
0.57042
0.624169
0.67558
0.72384
0.768288
0.808439
0.843986
0.874786
0.900838
0.922249
0.939193
0.951871
0.960469
0.965126
0.965908
0.962798
0.955693
0.944421
0.928763
0.908491
0.883411
0.853406
0.818477
0.778777
0.734638
0.686575
0.635278
0.581592
0.526477
0.47096
0.41608
0.362836
0.312132
0.264735
0.221248
0.182085
0.147472
0.117455
0.0919197
0.0706167
0.0531965
0.0392414
0.0282977
0.0199046
0.0136171
0.00902375
0.0057585
0.00350661
0.00200632
