VARIABLEs = X,u
ZONE I=101
datapacking=block
0
0.01
0.02
0.03
0.04
0.05
0.06
0.07
0.08
0.09
0.1
0.11
0.12
0.13
0.14
0.15
0.16
0.17
0.18
0.19
0.2
0.21
0.22
0.23
0.24
0.25
0.26
0.27
0.28
0.29
0.3
0.31
0.32
0.33
0.34
0.35
0.36
0.37
0.38
0.39
0.4
0.41
0.42
0.43
0.44
0.45
0.46
0.47
0.48
0.49
0.5
0.51
0.52
0.53
0.54
0.55
0.56
0.57
0.58
0.59
0.6
0.61
0.62
0.63
0.64
0.65
0.66
0.67
0.68
0.69
0.7
0.71
0.72
0.73
0.74
0.75
0.76
0.77
0.78
0.79
0.8
0.81
0.82
0.83
0.84
0.85
0.86
0.87
0.88
0.89
0.9
0.91
0.92
0.93
0.94
0.95
0.96
0.97
0.98
0.99
1
0
0.111111
0.355556
0.608889
0.8
0.916089
0.974364
0.997895
1.00444
1.00445
1.00285
1.00144
1.00058
1.00017
1.00001
0.999974
0.999974
0.999984
0.999992
0.999997
0.999999
1
1
1
1
1
1
1
1
1
1
0.84
0.584
0.3408
0.16672
0.0656
0.0172672
-0.00087808
-0.00503962
-0.00424868
-0.00252836
-0.0012043
-0.000455383
-0.000115266
4.93031e-06
3.02146e-05
2.45461e-05
1.40389e-05
6.40575e-06
2.29491e-06
5.20488e-07
-6.56465e-08
-1.682e-07
-1.26087e-07
-6.86384e-08
-2.98888e-08
-1.0058e-08
-1.92929e-09
5.54593e-10
8.70797e-10
6.01447e-10
3.11328e-10
1.29091e-10
4.03953e-11
5.9453e-12
-3.64277e-12
-4.24867e-12
-2.72271e-12
-1.34121e-12
-5.2819e-13
-1.5156e-13
-1.34598e-14
2.07151e-14
1.97706e-14
1.18445e-14
5.55704e-15
2.07095e-15
5.33625e-16
4.47939e-18
-1.07379e-16
-8.85427e-17
-4.99062e-17
-2.23058e-17
-7.82534e-18
-1.75081e-18
1.95457e-19
5.21697e-19
3.84193e-19
2.04724e-19
8.71213e-20
2.85555e-20
5.22653e-21
-1.64544e-21
-2.41537e-21
-1.62307e-21
-8.20531e-22
-3.31955e-22
-1.00544e-22
-1.32845e-23
9.9063e-24
1.07701e-23
