VARIABLEs = X,u
ZONE I=101
datapacking=block
0
0.01
0.02
0.03
0.04
0.05
0.06
0.07
0.08
0.09
0.1
0.11
0.12
0.13
0.14
0.15
0.16
0.17
0.18
0.19
0.2
0.21
0.22
0.23
0.24
0.25
0.26
0.27
0.28
0.29
0.3
0.31
0.32
0.33
0.34
0.35
0.36
0.37
0.38
0.39
0.4
0.41
0.42
0.43
0.44
0.45
0.46
0.47
0.48
0.49
0.5
0.51
0.52
0.53
0.54
0.55
0.56
0.57
0.58
0.59
0.6
0.61
0.62
0.63
0.64
0.65
0.66
0.67
0.68
0.69
0.7
0.71
0.72
0.73
0.74
0.75
0.76
0.77
0.78
0.79
0.8
0.81
0.82
0.83
0.84
0.85
0.86
0.87
0.88
0.89
0.9
0.91
0.92
0.93
0.94
0.95
0.96
0.97
0.98
0.99
1
0
4.85694e-15
5.74518e-12
1.19986e-10
1.32205e-09
1.00734e-08
5.92611e-08
2.85848e-07
1.17418e-06
4.21599e-06
1.34868e-05
3.90007e-05
0.000103125
0.000251655
0.000571096
0.001213
0.00242457
0.00458223
0.00822193
0.0140573
0.0229758
0.036003
0.0542317
0.0787164
0.110343
0.14969
0.19691
0.251637
0.312964
0.379473
0.449336
0.520467
0.590704
0.657994
0.720563
0.777035
0.826509
0.868571
0.903258
0.930983
0.952432
0.968454
0.979955
0.987801
0.992733
0.995309
0.99585
0.994407
0.990745
0.984348
0.974452
0.960107
0.940281
0.91398
0.880395
0.839048
0.789906
0.733464
0.670753
0.603295
0.532989
0.461948
0.39232
0.326096
0.26496
0.210175
0.162521
0.122297
0.0893677
0.0632438
0.0431843
0.0283031
0.0176647
0.0103638
0.0055817
0.00261941
0.000911519
2.33042e-05
-0.000362606
-0.000465562
-0.000428133
-0.000336346
-0.000237162
-0.000152395
-8.9022e-05
-4.62589e-05
-2.00507e-05
-5.63717e-06
1.18496e-06
3.60612e-06
3.78936e-06
3.05449e-06
2.1156e-06
1.29763e-06
7.02694e-07
3.22924e-07
1.08723e-07
4.76747e-09
-3.44672e-08
-4.07162e-08
-3.33737e-08
