VARIABLEs = X,u
ZONE I=101
datapacking=block
0
0.01
0.02
0.03
0.04
0.05
0.06
0.07
0.08
0.09
0.1
0.11
0.12
0.13
0.14
0.15
0.16
0.17
0.18
0.19
0.2
0.21
0.22
0.23
0.24
0.25
0.26
0.27
0.28
0.29
0.3
0.31
0.32
0.33
0.34
0.35
0.36
0.37
0.38
0.39
0.4
0.41
0.42
0.43
0.44
0.45
0.46
0.47
0.48
0.49
0.5
0.51
0.52
0.53
0.54
0.55
0.56
0.57
0.58
0.59
0.6
0.61
0.62
0.63
0.64
0.65
0.66
0.67
0.68
0.69
0.7
0.71
0.72
0.73
0.74
0.75
0.76
0.77
0.78
0.79
0.8
0.81
0.82
0.83
0.84
0.85
0.86
0.87
0.88
0.89
0.9
0.91
0.92
0.93
0.94
0.95
0.96
0.97
0.98
0.99
1
0
1.54773e-25
1.01406e-20
3.89425e-19
7.63632e-18
1.01578e-16
1.02885e-15
8.45056e-15
5.85639e-14
3.51908e-13
1.87036e-12
8.92695e-12
3.87206e-11
1.54108e-10
5.67277e-10
1.94421e-09
6.23908e-09
1.88383e-08
5.37451e-08
1.4542e-07
3.74389e-07
9.1981e-07
2.16216e-06
4.87432e-06
1.0561e-05
2.20344e-05
4.43482e-05
8.62453e-05
0.000162305
0.000295983
0.000523722
0.000900227
0.0015049
0.00244919
0.00388441
0.00600922
0.00907575
0.0133931
0.0193268
0.0272929
0.0377453
0.0511575
0.0679957
0.0886885
0.113592
0.142954
0.176884
0.215323
0.25803
0.304578
0.354361
0.406617
0.460462
0.514938
0.569055
0.621851
0.672432
0.720016
0.763965
0.803796
0.839193
0.869989
0.896148
0.917738
0.934891
0.947765
0.956514
0.961249
0.962025
0.958821
0.95155
0.940062
0.924175
0.903704
0.878498
0.848483
0.813695
0.774313
0.730677
0.683296
0.632837
0.58011
0.526026
0.471557
0.417686
0.365361
0.31544
0.26866
0.225602
0.186676
0.152116
0.121988
0.0962033
0.0745468
0.0567025
0.0422856
0.030872
0.0220248
0.0153175
0.0103509
0.00676528
