VARIABLEs = X,u
ZONE I=101
datapacking=block
0
0.01
0.02
0.03
0.04
0.05
0.06
0.07
0.08
0.09
0.1
0.11
0.12
0.13
0.14
0.15
0.16
0.17
0.18
0.19
0.2
0.21
0.22
0.23
0.24
0.25
0.26
0.27
0.28
0.29
0.3
0.31
0.32
0.33
0.34
0.35
0.36
0.37
0.38
0.39
0.4
0.41
0.42
0.43
0.44
0.45
0.46
0.47
0.48
0.49
0.5
0.51
0.52
0.53
0.54
0.55
0.56
0.57
0.58
0.59
0.6
0.61
0.62
0.63
0.64
0.65
0.66
0.67
0.68
0.69
0.7
0.71
0.72
0.73
0.74
0.75
0.76
0.77
0.78
0.79
0.8
0.81
0.82
0.83
0.84
0.85
0.86
0.87
0.88
0.89
0.9
0.91
0.92
0.93
0.94
0.95
0.96
0.97
0.98
0.99
1
0
0.0123457
0.0786173
0.209877
0.385991
0.570552
0.731367
0.851598
0.929783
0.973918
0.995007
1.00283
1.00428
1.00338
1.00206
1.00104
1.00042
1.00012
0.999998
0.999967
0.999971
0.999981
0.999991
0.999996
0.999999
1
1
1
1
1
1
0.9744
0.89248
0.74912
0.568896
0.388262
0.23635
0.126308
0.0569714
0.0192151
0.0020541
-0.00371133
-0.00427727
-0.00311359
-0.00180238
-0.000861116
-0.000324639
-7.38346e-05
1.70526e-05
3.49994e-05
2.77061e-05
1.63301e-05
7.80461e-06
2.94987e-06
7.09409e-07
-9.33249e-08
-2.5694e-07
-2.05338e-07
-1.19475e-07
-5.59573e-08
-2.06117e-08
-4.7519e-09
7.26462e-10
1.75333e-09
1.35461e-09
7.65881e-10
3.4794e-10
1.23094e-10
2.57762e-11
-6.15498e-12
-1.1207e-11
-8.20748e-12
-4.47406e-12
-1.95958e-12
-6.58527e-13
-1.1819e-13
4.79916e-14
6.74445e-14
4.65208e-14
2.43587e-14
1.02408e-14
3.23303e-15
4.52843e-16
-3.36357e-16
-3.84469e-16
-2.4972e-16
-1.25368e-16
-5.03949e-17
-1.47477e-17
-1.30074e-18
2.14936e-18
2.08911e-18
1.28066e-18
6.15808e-19
2.35694e-19
6.27839e-20
1.11166e-21
-1.27429e-20
-1.08838e-20
-6.31552e-21
-2.90614e-21
