VARIABLEs = X,u
ZONE I=101
datapacking=block
0
0.01
0.02
0.03
0.04
0.05
0.06
0.07
0.08
0.09
0.1
0.11
0.12
0.13
0.14
0.15
0.16
0.17
0.18
0.19
0.2
0.21
0.22
0.23
0.24
0.25
0.26
0.27
0.28
0.29
0.3
0.31
0.32
0.33
0.34
0.35
0.36
0.37
0.38
0.39
0.4
0.41
0.42
0.43
0.44
0.45
0.46
0.47
0.48
0.49
0.5
0.51
0.52
0.53
0.54
0.55
0.56
0.57
0.58
0.59
0.6
0.61
0.62
0.63
0.64
0.65
0.66
0.67
0.68
0.69
0.7
0.71
0.72
0.73
0.74
0.75
0.76
0.77
0.78
0.79
0.8
0.81
0.82
0.83
0.84
0.85
0.86
0.87
0.88
0.89
0.9
0.91
0.92
0.93
0.94
0.95
0.96
0.97
0.98
0.99
1
0
2.35898e-29
6.64605e-24
2.97747e-22
6.78039e-21
1.04403e-19
1.22095e-18
1.15546e-17
9.2093e-17
6.35411e-16
3.87212e-15
2.11615e-14
1.04971e-13
4.77235e-13
2.00453e-12
7.83106e-12
2.86175e-11
9.8305e-11
3.18789e-10
9.79579e-10
2.86167e-09
7.97114e-09
2.1227e-08
5.41695e-08
1.32756e-07
3.13065e-07
7.11662e-07
1.56201e-06
3.31526e-06
6.81367e-06
1.3578e-05
2.62665e-05
4.93813e-05
9.03178e-05
0.000160863
0.000279262
0.000472948
0.000782014
0.00126343
0.0019959
0.00308517
0.00466938
0.00692395
0.0100653
0.0143525
0.0200862
0.0276044
0.0372727
0.0494721
0.0645805
0.0829518
0.104892
0.130635
0.160316
0.193956
0.23144
0.272516
0.316788
0.36373
0.412702
0.462975
0.513765
0.564263
0.613677
0.66126
0.706342
0.74835
0.786823
0.821415
0.851892
0.878117
0.900033
0.917643
0.930981
0.94009
0.945006
0.945739
0.942273
0.934557
0.922526
0.906105
0.88524
0.859916
0.830185
0.796187
0.758168
0.716491
0.671639
0.624205
0.574878
0.524417
0.473623
0.423302
0.374231
0.327126
0.282613
0.241203
0.20328
0.169094
0.138763
0.11228
