VARIABLEs = X,u
ZONE I=101
datapacking=block
0
0.01
0.02
0.03
0.04
0.05
0.06
0.07
0.08
0.09
0.1
0.11
0.12
0.13
0.14
0.15
0.16
0.17
0.18
0.19
0.2
0.21
0.22
0.23
0.24
0.25
0.26
0.27
0.28
0.29
0.3
0.31
0.32
0.33
0.34
0.35
0.36
0.37
0.38
0.39
0.4
0.41
0.42
0.43
0.44
0.45
0.46
0.47
0.48
0.49
0.5
0.51
0.52
0.53
0.54
0.55
0.56
0.57
0.58
0.59
0.6
0.61
0.62
0.63
0.64
0.65
0.66
0.67
0.68
0.69
0.7
0.71
0.72
0.73
0.74
0.75
0.76
0.77
0.78
0.79
0.8
0.81
0.82
0.83
0.84
0.85
0.86
0.87
0.88
0.89
0.9
0.91
0.92
0.93
0.94
0.95
0.96
0.97
0.98
0.99
1
0
8.22526e-20
6.04134e-16
1.74099e-14
2.59309e-13
2.64032e-12
2.05893e-11
1.3081e-10
7.0399e-10
3.29649e-09
1.36957e-08
5.12426e-08
1.74694e-07
5.47814e-07
1.59251e-06
4.31981e-06
1.09949e-05
2.6384e-05
5.99398e-05
0.00012939
0.000266258
0.000523806
0.0009877
0.0017893
0.00312077
0.00525059
0.00853674
0.0134347
0.0204966
0.0303578
0.0437095
0.0612558
0.0836575
0.111467
0.145063
0.184583
0.229885
0.280515
0.335712
0.39444
0.455445
0.517337
0.578677
0.638082
0.694304
0.746307
0.793315
0.834835
0.870652
0.900803
0.925531
0.945221
0.960336
0.971351
0.978685
0.982651
0.983414
0.980973
0.975148
0.965609
0.951901
0.93351
0.909926
0.880722
0.845631
0.804615
0.757911
0.706058
0.649888
0.590495
0.52917
0.46732
0.406372
0.347681
0.292444
0.241633
0.195951
0.155815
0.121362
0.0924763
0.0688344
0.0499578
0.0352685
0.0241419
0.015952
0.0101079
0.00607828
0.00340638
0.00171509
0.000705305
0.000148927
-0.000120988
-0.000221414
-0.000230393
-0.000197072
-0.000150186
-0.000104833
-6.75705e-05
-4.0039e-05
-2.13824e-05
-9.75209e-06
