VARIABLEs = X,u
ZONE I=101
datapacking=block
0
0.01
0.02
0.03
0.04
0.05
0.06
0.07
0.08
0.09
0.1
0.11
0.12
0.13
0.14
0.15
0.16
0.17
0.18
0.19
0.2
0.21
0.22
0.23
0.24
0.25
0.26
0.27
0.28
0.29
0.3
0.31
0.32
0.33
0.34
0.35
0.36
0.37
0.38
0.39
0.4
0.41
0.42
0.43
0.44
0.45
0.46
0.47
0.48
0.49
0.5
0.51
0.52
0.53
0.54
0.55
0.56
0.57
0.58
0.59
0.6
0.61
0.62
0.63
0.64
0.65
0.66
0.67
0.68
0.69
0.7
0.71
0.72
0.73
0.74
0.75
0.76
0.77
0.78
0.79
0.8
0.81
0.82
0.83
0.84
0.85
0.86
0.87
0.88
0.89
0.9
0.91
0.92
0.93
0.94
0.95
0.96
0.97
0.98
0.99
1
0
0.00137174
0.014993
0.0560876
0.136345
0.255852
0.401932
0.554647
0.69461
0.808755
0.892224
0.946996
0.978983
0.995199
1.00186
1.00352
1.00308
1.00207
1.00116
1.00054
1.0002
1.00004
0.999978
0.999969
0.999976
0.999986
0.999993
0.999997
0.999999
1
1
0.995904
0.976243
0.926108
0.836193
0.70944
0.560584
0.409864
0.275463
0.168566
0.0922862
0.0435088
0.0158747
0.0024412
-0.00266082
-0.00359438
-0.0028895
-0.00184597
-0.000989511
-0.000438675
-0.000143485
-1.35465e-05
2.80034e-05
3.09975e-05
2.19906e-05
1.24355e-05
5.78453e-06
2.08659e-06
4.0324e-07
-1.8019e-07
-2.74644e-07
-2.0722e-07
-1.19597e-07
-5.62436e-08
-2.07171e-08
-4.51371e-09
1.16549e-09
2.19899e-09
1.6947e-09
9.77092e-10
4.56121e-10
1.6665e-10
3.644e-11
-8.45085e-12
-1.6441e-11
-1.25409e-11
-7.12096e-12
-3.2633e-12
-1.16349e-12
-2.40924e-13
6.67723e-14
1.16129e-13
8.58793e-14
4.75833e-14
2.12475e-14
7.30572e-15
1.36314e-15
-5.29108e-16
-7.78671e-16
-5.51833e-16
-2.96611e-16
-1.28347e-16
-4.21154e-17
-6.64687e-18
3.99594e-18
4.97329e-18
3.35927e-18
1.74515e-18
7.28473e-19
2.25625e-19
2.70006e-20
