VARIABLEs = X,u
ZONE I=101
datapacking=block
0
0.01
0.02
0.03
0.04
0.05
0.06
0.07
0.08
0.09
0.1
0.11
0.12
0.13
0.14
0.15
0.16
0.17
0.18
0.19
0.2
0.21
0.22
0.23
0.24
0.25
0.26
0.27
0.28
0.29
0.3
0.31
0.32
0.33
0.34
0.35
0.36
0.37
0.38
0.39
0.4
0.41
0.42
0.43
0.44
0.45
0.46
0.47
0.48
0.49
0.5
0.51
0.52
0.53
0.54
0.55
0.56
0.57
0.58
0.59
0.6
0.61
0.62
0.63
0.64
0.65
0.66
0.67
0.68
0.69
0.7
0.71
0.72
0.73
0.74
0.75
0.76
0.77
0.78
0.79
0.8
0.81
0.82
0.83
0.84
0.85
0.86
0.87
0.88
0.89
0.9
0.91
0.92
0.93
0.94
0.95
0.96
0.97
0.98
0.99
1
0
6.66246e-18
2.35852e-14
6.04576e-13
8.06249e-12
7.37858e-11
5.18583e-10
2.97592e-09
1.44926e-08
6.1506e-08
2.31928e-07
7.88616e-07
2.44624e-06
6.98767e-06
1.85235e-05
4.58658e-05
0.000106666
0.000234098
0.000486854
0.000962958
0.00181728
0.00328164
0.00568511
0.00947069
0.0152037
0.0235662
0.0353342
0.0513326
0.0723721
0.0991687
0.132256
0.171904
0.218045
0.270239
0.327667
0.389162
0.453283
0.518416
0.582892
0.645109
0.703644
0.757343
0.805377
0.847265
0.882862
0.912323
0.936033
0.954536
0.968455
0.978408
0.984936
0.988444
0.989155
0.98708
0.982013
0.973543
0.961097
0.944005
0.921573
0.893191
0.858421
0.817092
0.769369
0.715787
0.657253
0.595003
0.530524
0.465448
0.401436
0.340048
0.282646
0.230306
0.183771
0.143433
0.109355
0.0813093
0.0588391
0.0413303
0.0280798
0.0183585
0.0114624
0.00674985
0.00366484
0.00174695
0.000631309
4.11328e-05
-0.000224354
-0.000303908
-0.000288325
-0.000233223
-0.000169805
-0.000113354
-6.95185e-05
-3.86914e-05
-1.8837e-05
-7.176e-06
-1.07121e-06
1.59679e-06
2.34959e-06
2.1789e-06
1.6698e-06
