VARIABLEs = X,u
ZONE I=101
datapacking=block
0
0.01
0.02
0.03
0.04
0.05
0.06
0.07
0.08
0.09
0.1
0.11
0.12
0.13
0.14
0.15
0.16
0.17
0.18
0.19
0.2
0.21
0.22
0.23
0.24
0.25
0.26
0.27
0.28
0.29
0.3
0.31
0.32
0.33
0.34
0.35
0.36
0.37
0.38
0.39
0.4
0.41
0.42
0.43
0.44
0.45
0.46
0.47
0.48
0.49
0.5
0.51
0.52
0.53
0.54
0.55
0.56
0.57
0.58
0.59
0.6
0.61
0.62
0.63
0.64
0.65
0.66
0.67
0.68
0.69
0.7
0.71
0.72
0.73
0.74
0.75
0.76
0.77
0.78
0.79
0.8
0.81
0.82
0.83
0.84
0.85
0.86
0.87
0.88
0.89
0.9
0.91
0.92
0.93
0.94
0.95
0.96
0.97
0.98
0.99
1
0
0
0
-9.88131e-324
-9.88131e-324
1.08694e-322
3.54146e-320
-7.07573e-306
-1.68038e-303
5.45134e-290
-4.45855e-287
1.03979e-273
2.21822e-271
-5.93156e-257
4.42223e-254
-1.78089e-240
-6.52668e-238
-4.17906e-224
-1.02013e-221
-7.41426e-209
3.50409e-206
8.74669e-192
-1.61317e-190
6.7123e-176
-2.02159e-174
-9.49118e-160
4.55221e-158
-3.68383e-144
-1.43509e-142
1.4138e-127
1.48189e-125
5.71748e-112
-1.57179e-109
-5.38393e-96
1.16106e-93
1.52335e-79
3.23856e-78
3.08606e-63
-5.10482e-62
2.30072e-47
1.75162e-46
-4.9766e-31
4.73317e-30
1.97065e-15
8.88178e-16
1
1
1
1
1
1
1
1
1
1
1
1
1
1
1
1
1
1
1
1
1
1
1
1
1
1
1
1
1
1
0
0
0
0
0
0
0
0
0
0
0
0
0
0
0
0
0
0
0
0
0
0
0
0
0
0
