VARIABLEs = X,u
ZONE I=101
datapacking=block
0
0.01
0.02
0.03
0.04
0.05
0.06
0.07
0.08
0.09
0.1
0.11
0.12
0.13
0.14
0.15
0.16
0.17
0.18
0.19
0.2
0.21
0.22
0.23
0.24
0.25
0.26
0.27
0.28
0.29
0.3
0.31
0.32
0.33
0.34
0.35
0.36
0.37
0.38
0.39
0.4
0.41
0.42
0.43
0.44
0.45
0.46
0.47
0.48
0.49
0.5
0.51
0.52
0.53
0.54
0.55
0.56
0.57
0.58
0.59
0.6
0.61
0.62
0.63
0.64
0.65
0.66
0.67
0.68
0.69
0.7
0.71
0.72
0.73
0.74
0.75
0.76
0.77
0.78
0.79
0.8
0.81
0.82
0.83
0.84
0.85
0.86
0.87
0.88
0.89
0.9
0.91
0.92
0.93
0.94
0.95
0.96
0.97
0.98
0.99
1
0
-5.17156e-08
1.84835e-08
-4.85927e-08
8.54969e-08
9.01493e-07
2.03794e-06
2.40389e-05
-0.000176398
0.00180235
0.00365948
0.0244139
0.0510361
0.120024
0.212237
0.351195
0.511551
0.676518
0.813608
0.9124
0.970145
0.992902
0.99841
0.999682
0.999944
0.999993
1
1
1
1
1
1
1
1
1
0.999999
0.999998
0.999972
1.00025
0.99826
0.996782
0.975859
0.949182
0.879944
0.787477
0.64853
0.488483
0.32358
0.186422
0.087569
0.0298212
0.00709194
0.00158875
0.000317351
5.60933e-05
6.86654e-06
-1.01995e-06
-8.26341e-07
1.96625e-07
3.16136e-07
3.12722e-08
-8.37802e-08
-2.65015e-08
1.8187e-08
1.03964e-08
-3.30981e-09
-3.20726e-09
5.35683e-10
8.5969e-10
-6.88985e-11
-2.23113e-10
1.30613e-11
5.26638e-11
-2.48557e-12
-1.28621e-11
1.33806e-12
2.74107e-12
-4.23112e-13
-6.14692e-13
1.74276e-13
1.0455e-13
-4.61639e-14
-1.82678e-14
1.3894e-14
8.37328e-16
-2.73642e-15
2.2467e-16
5.73334e-16
-1.9462e-16
-6.76683e-17
6.13796e-17
-9.60636e-18
-3.45315e-18
-1.63106e-18
4.18878e-18
-2.80221e-18
1.06529e-18
-2.8075e-19
4.58812e-20
6.57807e-20
0
