VARIABLEs = X,u
ZONE I=101
datapacking=block
0
0.01
0.02
0.03
0.04
0.05
0.06
0.07
0.08
0.09
0.1
0.11
0.12
0.13
0.14
0.15
0.16
0.17
0.18
0.19
0.2
0.21
0.22
0.23
0.24
0.25
0.26
0.27
0.28
0.29
0.3
0.31
0.32
0.33
0.34
0.35
0.36
0.37
0.38
0.39
0.4
0.41
0.42
0.43
0.44
0.45
0.46
0.47
0.48
0.49
0.5
0.51
0.52
0.53
0.54
0.55
0.56
0.57
0.58
0.59
0.6
0.61
0.62
0.63
0.64
0.65
0.66
0.67
0.68
0.69
0.7
0.71
0.72
0.73
0.74
0.75
0.76
0.77
0.78
0.79
0.8
0.81
0.82
0.83
0.84
0.85
0.86
0.87
0.88
0.89
0.9
0.91
0.92
0.93
0.94
0.95
0.96
0.97
0.98
0.99
1
0
-9.05629e-09
-4.20399e-08
3.80259e-10
-4.85386e-08
5.73225e-10
4.88887e-08
-1.47987e-07
-9.63539e-06
0.000107291
0.000736599
0.00410103
0.0121702
0.0373057
0.0677673
0.136632
0.227498
0.35918
0.512325
0.673946
0.81157
0.91134
0.969283
0.992169
0.998086
0.999579
0.999917
0.999987
1
1
1
1
1
1
1
1
1
1
0.999996
0.999858
0.999206
0.995744
0.988039
0.962891
0.93256
0.863814
0.772746
0.640659
0.4876
0.326337
0.188669
0.0887171
0.0306714
0.007821
0.00191222
0.000420815
8.33484e-05
1.27811e-05
-4.02638e-07
-1.22412e-06
-1.40281e-08
3.92415e-07
1.34626e-07
-8.25373e-08
-5.98176e-08
9.51196e-09
1.96319e-08
9.39528e-10
-5.21332e-09
-1.10029e-09
1.27621e-09
4.34027e-10
-2.8844e-10
-1.37245e-10
6.52242e-11
3.77369e-11
-1.51435e-11
-9.43345e-12
3.61336e-12
2.25627e-12
-9.55861e-13
-4.66939e-13
2.37625e-13
9.59595e-14
-6.55159e-14
-1.31017e-14
1.49669e-14
1.54661e-15
-3.74371e-15
3.71262e-16
6.63597e-16
-1.54483e-16
-1.31226e-16
6.89438e-17
6.95858e-18
-1.26313e-17
-9.09028e-20
3.40318e-18
-1.3422e-18
-1.05839e-19
0
