VARIABLEs = X,u
ZONE I=101
datapacking=block
0
0.01
0.02
0.03
0.04
0.05
0.06
0.07
0.08
0.09
0.1
0.11
0.12
0.13
0.14
0.15
0.16
0.17
0.18
0.19
0.2
0.21
0.22
0.23
0.24
0.25
0.26
0.27
0.28
0.29
0.3
0.31
0.32
0.33
0.34
0.35
0.36
0.37
0.38
0.39
0.4
0.41
0.42
0.43
0.44
0.45
0.46
0.47
0.48
0.49
0.5
0.51
0.52
0.53
0.54
0.55
0.56
0.57
0.58
0.59
0.6
0.61
0.62
0.63
0.64
0.65
0.66
0.67
0.68
0.69
0.7
0.71
0.72
0.73
0.74
0.75
0.76
0.77
0.78
0.79
0.8
0.81
0.82
0.83
0.84
0.85
0.86
0.87
0.88
0.89
0.9
0.91
0.92
0.93
0.94
0.95
0.96
0.97
0.98
0.99
1
0
-1.74027e-12
1.52816e-12
6.16081e-13
2.87213e-12
6.46957e-12
-2.37898e-12
8.02237e-12
-1.92932e-11
7.99404e-12
-2.5163e-11
6.31888e-11
-6.67028e-12
1.7572e-10
-1.47334e-10
2.66508e-10
-5.22942e-10
3.89418e-11
2.7303e-10
-1.41709e-09
2.87126e-09
-1.68968e-09
7.05403e-10
1.70838e-09
-7.58061e-10
-1.25416e-08
1.35004e-08
-5.45732e-10
-1.53405e-08
1.56309e-07
-3.04162e-08
2.36334e-07
1.69969e-06
-1.9445e-07
-7.65774e-06
0.000174991
0.000565759
0.00181893
0.00332628
0.00730242
0.0135588
0.0222234
0.0384396
0.0570595
0.0890401
0.127903
0.1839
0.247928
0.333863
0.431295
0.539745
0.657437
0.770837
0.868262
0.938739
0.979033
0.993652
0.998095
0.999409
0.999797
0.999947
1
1
0.999965
0.999858
0.999498
0.999205
0.998021
0.995641
0.993058
0.986373
0.977935
0.961815
0.93729
0.909067
0.865158
0.814508
0.743838
0.660287
0.568247
0.458199
0.342887
0.229855
0.132666
0.0612845
0.0214084
0.00647034
0.00199352
0.00059825
0.000170533
4.09605e-05
3.799e-06
-4.13333e-06
-3.12866e-06
-6.00216e-07
7.63129e-07
8.00891e-07
2.053e-07
-2.35481e-07
-8.56869e-08
0
