VARIABLEs = X,u
ZONE I=101
datapacking=block
0
0.01
0.02
0.03
0.04
0.05
0.06
0.07
0.08
0.09
0.1
0.11
0.12
0.13
0.14
0.15
0.16
0.17
0.18
0.19
0.2
0.21
0.22
0.23
0.24
0.25
0.26
0.27
0.28
0.29
0.3
0.31
0.32
0.33
0.34
0.35
0.36
0.37
0.38
0.39
0.4
0.41
0.42
0.43
0.44
0.45
0.46
0.47
0.48
0.49
0.5
0.51
0.52
0.53
0.54
0.55
0.56
0.57
0.58
0.59
0.6
0.61
0.62
0.63
0.64
0.65
0.66
0.67
0.68
0.69
0.7
0.71
0.72
0.73
0.74
0.75
0.76
0.77
0.78
0.79
0.8
0.81
0.82
0.83
0.84
0.85
0.86
0.87
0.88
0.89
0.9
0.91
0.92
0.93
0.94
0.95
0.96
0.97
0.98
0.99
1
0
-4.06206e-10
9.01318e-10
2.76583e-10
1.64924e-09
-1.15536e-09
-1.11087e-09
1.3017e-09
-6.76017e-09
1.53427e-08
-1.0708e-08
1.66316e-08
3.93442e-09
1.72959e-08
2.4041e-08
-4.33042e-08
-1.50632e-07
-1.39643e-06
-2.2887e-06
1.19777e-05
8.59856e-05
0.000436369
0.00229071
0.00513873
0.0131907
0.0222005
0.0465464
0.0757162
0.128564
0.191973
0.288536
0.400231
0.526035
0.66221
0.790404
0.893555
0.959182
0.987964
0.996377
0.998958
0.999715
0.999928
0.999988
1
1
1
0.999999
1
1.00001
0.999893
0.99972
0.998978
0.996361
0.993397
0.983275
0.971408
0.946022
0.913379
0.861864
0.792051
0.710559
0.600305
0.473569
0.338371
0.210529
0.106107
0.0408231
0.0120263
0.00362498
0.00104161
0.000286117
7.13155e-05
1.26054e-05
-1.30269e-06
-2.32022e-06
-5.54667e-07
5.26631e-07
4.85972e-07
5.82341e-08
-1.45018e-07
-8.76296e-08
1.3433e-08
3.62303e-08
9.56813e-09
-8.92447e-09
-6.35454e-09
8.74193e-10
2.3809e-09
4.16766e-10
-6.49743e-10
-3.05136e-10
1.28863e-10
1.24826e-10
-1.18637e-11
-4.04367e-11
-4.2921e-12
1.1367e-11
2.80258e-12
-2.91239e-12
-3.31528e-13
0
