VARIABLEs = X,u
ZONE I=101
datapacking=block
0
0.01
0.02
0.03
0.04
0.05
0.06
0.07
0.08
0.09
0.1
0.11
0.12
0.13
0.14
0.15
0.16
0.17
0.18
0.19
0.2
0.21
0.22
0.23
0.24
0.25
0.26
0.27
0.28
0.29
0.3
0.31
0.32
0.33
0.34
0.35
0.36
0.37
0.38
0.39
0.4
0.41
0.42
0.43
0.44
0.45
0.46
0.47
0.48
0.49
0.5
0.51
0.52
0.53
0.54
0.55
0.56
0.57
0.58
0.59
0.6
0.61
0.62
0.63
0.64
0.65
0.66
0.67
0.68
0.69
0.7
0.71
0.72
0.73
0.74
0.75
0.76
0.77
0.78
0.79
0.8
0.81
0.82
0.83
0.84
0.85
0.86
0.87
0.88
0.89
0.9
0.91
0.92
0.93
0.94
0.95
0.96
0.97
0.98
0.99
1
0
-1.53097e-11
-1.05756e-11
3.32783e-11
3.01038e-11
1.26054e-10
-5.71367e-12
6.21523e-11
-2.8176e-10
1.05272e-11
-5.05033e-10
2.7694e-10
7.88462e-10
-9.4957e-10
3.35667e-09
-3.15887e-09
2.23084e-10
1.28247e-09
-3.15037e-09
-3.63853e-09
2.50933e-09
5.54142e-08
3.63984e-08
2.00394e-07
-2.71535e-07
-2.17346e-06
-3.87748e-06
1.25312e-06
-3.22425e-06
0.000390501
0.00125402
0.00366301
0.00867873
0.0145292
0.0277188
0.0429211
0.072423
0.108149
0.162946
0.230144
0.317548
0.417935
0.535025
0.657625
0.776889
0.878674
0.947558
0.983333
0.994892
0.998463
0.999581
0.99988
0.999964
0.999998
1.00001
0.999993
0.999969
0.999891
0.999558
0.999288
0.997972
0.99516
0.992069
0.983462
0.973644
0.953027
0.926288
0.884603
0.828733
0.763948
0.679092
0.578793
0.463353
0.342332
0.222925
0.122897
0.0521451
0.0165606
0.00505489
0.00151765
0.000443897
0.000121509
2.66203e-05
8.65111e-07
-3.54005e-06
-1.9385e-06
6.59206e-08
7.73374e-07
4.64949e-07
-1.25049e-08
-1.84897e-07
-9.93719e-08
1.66699e-08
4.6132e-08
1.66796e-08
-9.17707e-09
-1.05969e-08
-6.8962e-10
3.6428e-09
3.05306e-10
0
