VARIABLEs = X,u
ZONE I=101
datapacking=block
0
0.01
0.02
0.03
0.04
0.05
0.06
0.07
0.08
0.09
0.1
0.11
0.12
0.13
0.14
0.15
0.16
0.17
0.18
0.19
0.2
0.21
0.22
0.23
0.24
0.25
0.26
0.27
0.28
0.29
0.3
0.31
0.32
0.33
0.34
0.35
0.36
0.37
0.38
0.39
0.4
0.41
0.42
0.43
0.44
0.45
0.46
0.47
0.48
0.49
0.5
0.51
0.52
0.53
0.54
0.55
0.56
0.57
0.58
0.59
0.6
0.61
0.62
0.63
0.64
0.65
0.66
0.67
0.68
0.69
0.7
0.71
0.72
0.73
0.74
0.75
0.76
0.77
0.78
0.79
0.8
0.81
0.82
0.83
0.84
0.85
0.86
0.87
0.88
0.89
0.9
0.91
0.92
0.93
0.94
0.95
0.96
0.97
0.98
0.99
1
0
6.85602e-12
3.1619e-13
3.68384e-12
-8.11257e-12
-1.63614e-11
1.66414e-11
-1.95019e-11
1.19069e-10
1.18777e-11
7.50378e-11
1.59669e-11
-2.76986e-10
3.37512e-12
-4.61849e-10
6.09873e-10
-4.95984e-10
1.71202e-09
-5.89692e-10
1.25447e-09
-5.3741e-09
1.28532e-08
-3.21849e-08
2.86391e-08
2.00509e-08
-2.48384e-09
2.70213e-07
-1.35429e-07
-6.67742e-07
-2.48518e-07
-3.40934e-08
-7.99236e-06
0.000287886
0.000775514
0.00263203
0.00515619
0.0104074
0.0199366
0.0307854
0.0524003
0.0786468
0.12037
0.168938
0.239965
0.325497
0.420888
0.536369
0.657003
0.774506
0.873801
0.944272
0.981541
0.99437
0.998325
0.999473
0.999845
0.999958
0.999998
1.00001
0.999982
0.999889
0.999784
0.999508
0.998454
0.997607
0.994227
0.988584
0.981361
0.965788
0.947676
0.916075
0.877242
0.820814
0.750792
0.670869
0.572514
0.461229
0.341007
0.228314
0.129391
0.05827
0.0193746
0.00568447
0.00173707
0.000516822
0.000144815
3.34013e-05
2.19328e-06
-3.88165e-06
-2.5309e-06
-2.4162e-07
7.9755e-07
6.29139e-07
9.65805e-08
-1.84425e-07
-1.496e-07
-1.59762e-08
5.29918e-08
2.91281e-08
-8.76725e-09
0
