VARIABLEs = X,u
ZONE I=101
datapacking=block
0
0.01
0.02
0.03
0.04
0.05
0.06
0.07
0.08
0.09
0.1
0.11
0.12
0.13
0.14
0.15
0.16
0.17
0.18
0.19
0.2
0.21
0.22
0.23
0.24
0.25
0.26
0.27
0.28
0.29
0.3
0.31
0.32
0.33
0.34
0.35
0.36
0.37
0.38
0.39
0.4
0.41
0.42
0.43
0.44
0.45
0.46
0.47
0.48
0.49
0.5
0.51
0.52
0.53
0.54
0.55
0.56
0.57
0.58
0.59
0.6
0.61
0.62
0.63
0.64
0.65
0.66
0.67
0.68
0.69
0.7
0.71
0.72
0.73
0.74
0.75
0.76
0.77
0.78
0.79
0.8
0.81
0.82
0.83
0.84
0.85
0.86
0.87
0.88
0.89
0.9
0.91
0.92
0.93
0.94
0.95
0.96
0.97
0.98
0.99
1
0
1.01e-08
-3.89291e-09
1.67944e-08
-4.44533e-09
-3.97917e-08
2.42047e-08
-1.48907e-07
1.22665e-07
2.28958e-07
1.3704e-06
1.31531e-05
3.39328e-05
0.000696006
0.00236864
0.0101873
0.0204723
0.0505323
0.0884425
0.158434
0.251716
0.37557
0.519441
0.667724
0.803031
0.907533
0.96709
0.990955
0.997552
0.999388
0.999859
0.999973
0.999998
1
1
1
1
1
1
1
0.999999
0.999988
1.00006
0.99938
0.997517
0.989821
0.978677
0.947785
0.908106
0.837898
0.747814
0.624936
0.480758
0.332237
0.197314
0.0925557
0.0329481
0.00904543
0.00244703
0.000611761
0.000141133
2.73871e-05
2.06793e-06
-1.70251e-06
-6.37332e-07
3.58041e-07
3.60068e-07
1.50284e-08
-1.10419e-07
-3.96082e-08
2.34178e-08
1.84645e-08
-2.44349e-09
-6.12235e-09
-5.48047e-10
1.65302e-09
4.56283e-10
-3.96748e-10
-1.81329e-10
8.37812e-11
5.95098e-11
-1.69043e-11
-1.69437e-11
3.06156e-12
4.63572e-12
-6.11803e-13
-1.17406e-12
1.20149e-13
2.97717e-13
-3.39916e-14
-7.04856e-14
9.63915e-15
1.67389e-14
-3.31389e-15
-3.64588e-15
1.02242e-15
7.51102e-16
-2.97341e-16
-1.21683e-16
5.0027e-17
0
