VARIABLEs = X,u
ZONE I=101
datapacking=block
0
0.01
0.02
0.03
0.04
0.05
0.06
0.07
0.08
0.09
0.1
0.11
0.12
0.13
0.14
0.15
0.16
0.17
0.18
0.19
0.2
0.21
0.22
0.23
0.24
0.25
0.26
0.27
0.28
0.29
0.3
0.31
0.32
0.33
0.34
0.35
0.36
0.37
0.38
0.39
0.4
0.41
0.42
0.43
0.44
0.45
0.46
0.47
0.48
0.49
0.5
0.51
0.52
0.53
0.54
0.55
0.56
0.57
0.58
0.59
0.6
0.61
0.62
0.63
0.64
0.65
0.66
0.67
0.68
0.69
0.7
0.71
0.72
0.73
0.74
0.75
0.76
0.77
0.78
0.79
0.8
0.81
0.82
0.83
0.84
0.85
0.86
0.87
0.88
0.89
0.9
0.91
0.92
0.93
0.94
0.95
0.96
0.97
0.98
0.99
1
0
1.83768e-13
9.30454e-14
2.66197e-13
3.46187e-13
-1.39879e-13
5.28382e-13
-1.62593e-12
5.83737e-13
-1.91775e-12
1.15883e-12
1.8784e-12
1.94441e-12
5.7228e-12
-1.65298e-12
3.9953e-12
-1.5687e-11
2.33529e-13
1.99094e-11
-3.41573e-11
1.7464e-10
-8.39393e-11
7.78077e-11
1.18673e-10
-5.38087e-10
3.27025e-10
-5.10303e-10
8.27425e-10
-1.77519e-09
5.20814e-09
-5.10388e-09
-6.55019e-10
1.62066e-08
-4.46467e-08
3.05806e-08
-4.14382e-08
4.41915e-08
3.34739e-07
7.80014e-07
-8.87023e-07
-4.75086e-06
7.30772e-05
0.000242532
0.000856409
0.00166579
0.00381567
0.00748278
0.0117369
0.0204833
0.0305742
0.0491086
0.0713606
0.105734
0.145572
0.201939
0.270383
0.346951
0.441216
0.546161
0.656883
0.764573
0.859344
0.930098
0.973416
0.992068
0.997484
0.999142
0.999729
0.999935
1.00001
1.00001
0.999888
0.999606
0.999181
0.998222
0.996346
0.994095
0.988737
0.982098
0.969194
0.949862
0.927599
0.892231
0.851297
0.793656
0.724828
0.648822
0.556307
0.452535
0.342372
0.234988
0.14026
0.0687743
0.0255028
0.00797726
0.00246905
0.000762326
0.000251901
5.25502e-05
2.09637e-06
0
