VARIABLEs = X,u
ZONE I=101
datapacking=block
0
0.01
0.02
0.03
0.04
0.05
0.06
0.07
0.08
0.09
0.1
0.11
0.12
0.13
0.14
0.15
0.16
0.17
0.18
0.19
0.2
0.21
0.22
0.23
0.24
0.25
0.26
0.27
0.28
0.29
0.3
0.31
0.32
0.33
0.34
0.35
0.36
0.37
0.38
0.39
0.4
0.41
0.42
0.43
0.44
0.45
0.46
0.47
0.48
0.49
0.5
0.51
0.52
0.53
0.54
0.55
0.56
0.57
0.58
0.59
0.6
0.61
0.62
0.63
0.64
0.65
0.66
0.67
0.68
0.69
0.7
0.71
0.72
0.73
0.74
0.75
0.76
0.77
0.78
0.79
0.8
0.81
0.82
0.83
0.84
0.85
0.86
0.87
0.88
0.89
0.9
0.91
0.92
0.93
0.94
0.95
0.96
0.97
0.98
0.99
1
0
1.0745e-08
-6.83047e-09
-2.13457e-09
-6.20605e-08
3.11078e-08
-1.1618e-07
4.02136e-07
1.27384e-06
-1.46623e-07
-6.03838e-05
0.000250062
0.00100648
0.00619787
0.01676
0.0413915
0.0823922
0.154424
0.242134
0.368884
0.516456
0.670399
0.807344
0.909021
0.968408
0.991554
0.997804
0.999481
0.999888
0.99998
0.999999
1
1
1
1
1
1
1
1
0.999997
1.00006
0.999756
0.998799
0.993463
0.982681
0.957128
0.917855
0.84626
0.75867
0.631492
0.48362
0.329805
0.192912
0.0910972
0.031588
0.00843887
0.00219306
0.000519027
0.000112117
1.9732e-05
6.37411e-07
-1.52031e-06
-3.04087e-07
4.07595e-07
2.50871e-07
-4.86162e-08
-9.10898e-08
-1.07502e-08
2.52029e-08
8.83179e-09
-5.34338e-09
-3.62739e-09
9.07637e-10
1.13205e-09
-7.99504e-11
-3.20986e-10
-1.06053e-11
8.22602e-11
9.73762e-12
-2.09025e-11
-3.28989e-12
5.07639e-12
9.41742e-13
-1.25923e-12
-2.11005e-13
3.06263e-13
3.92176e-14
-7.38144e-14
-4.87958e-15
1.7651e-14
-5.95204e-16
-3.81202e-15
4.76849e-16
8.32221e-16
-2.39823e-16
-1.33443e-16
6.51676e-17
2.12223e-17
-1.89538e-17
8.97824e-19
0
