VARIABLEs = X,u
ZONE I=101
datapacking=block
0
0.01
0.02
0.03
0.04
0.05
0.06
0.07
0.08
0.09
0.1
0.11
0.12
0.13
0.14
0.15
0.16
0.17
0.18
0.19
0.2
0.21
0.22
0.23
0.24
0.25
0.26
0.27
0.28
0.29
0.3
0.31
0.32
0.33
0.34
0.35
0.36
0.37
0.38
0.39
0.4
0.41
0.42
0.43
0.44
0.45
0.46
0.47
0.48
0.49
0.5
0.51
0.52
0.53
0.54
0.55
0.56
0.57
0.58
0.59
0.6
0.61
0.62
0.63
0.64
0.65
0.66
0.67
0.68
0.69
0.7
0.71
0.72
0.73
0.74
0.75
0.76
0.77
0.78
0.79
0.8
0.81
0.82
0.83
0.84
0.85
0.86
0.87
0.88
0.89
0.9
0.91
0.92
0.93
0.94
0.95
0.96
0.97
0.98
0.99
1
0
-0.00485788
0.0610856
0.229414
0.476715
0.709895
0.87426
0.980906
0.997088
0.999672
0.999974
0.999999
1
1
1
1
1
1
1
1
1
1
1
1
1
1
1
1
1
1
1
1.00486
0.938914
0.770586
0.523285
0.290105
0.12574
0.0190938
0.00291228
0.000328269
2.59695e-05
1.18239e-06
-4.36222e-07
4.80444e-08
5.1396e-08
-2.00129e-08
4.1916e-09
-5.1242e-10
3.85057e-11
-1.52768e-12
4.90187e-14
-1.67934e-17
6.89322e-19
-1.89628e-20
4.86491e-22
-4.72571e-24
8.97353e-26
-1.87699e-28
1.00555e-29
-4.54078e-31
1.82903e-32
-7.23415e-34
2.95075e-35
-1.1604e-36
3.81997e-38
-8.32751e-40
9.07444e-42
0
0
0
0
0
0
0
0
0
-1.82228e-43
1.98628e-41
-1.00912e-39
3.1691e-38
-6.8836e-37
1.09715e-35
-1.33005e-34
1.2567e-33
-9.43666e-33
5.73995e-32
-2.88995e-31
1.23272e-30
-4.53419e-30
1.44372e-29
-3.96345e-29
9.48273e-29
-2.02316e-28
3.69881e-28
-5.32652e-28
9.27123e-28
-2.36727e-27
2.51856e-28
5.97095e-27
1.96058e-26
0
