VARIABLEs = X,u
ZONE I=101
datapacking=block
0
0.01
0.02
0.03
0.04
0.05
0.06
0.07
0.08
0.09
0.1
0.11
0.12
0.13
0.14
0.15
0.16
0.17
0.18
0.19
0.2
0.21
0.22
0.23
0.24
0.25
0.26
0.27
0.28
0.29
0.3
0.31
0.32
0.33
0.34
0.35
0.36
0.37
0.38
0.39
0.4
0.41
0.42
0.43
0.44
0.45
0.46
0.47
0.48
0.49
0.5
0.51
0.52
0.53
0.54
0.55
0.56
0.57
0.58
0.59
0.6
0.61
0.62
0.63
0.64
0.65
0.66
0.67
0.68
0.69
0.7
0.71
0.72
0.73
0.74
0.75
0.76
0.77
0.78
0.79
0.8
0.81
0.82
0.83
0.84
0.85
0.86
0.87
0.88
0.89
0.9
0.91
0.92
0.93
0.94
0.95
0.96
0.97
0.98
0.99
1
0
5.97356e-12
-1.47817e-11
1.33441e-13
-2.18937e-11
4.44345e-11
2.65469e-11
1.08289e-10
5.4282e-11
-1.23405e-10
1.13233e-10
-6.37502e-10
2.82438e-10
-1.33573e-10
1.50784e-10
1.21618e-09
-2.83661e-10
1.09651e-09
-3.93598e-09
5.84455e-09
-1.02125e-08
-2.30224e-09
1.69204e-08
6.37605e-08
3.24199e-08
3.09993e-07
-9.51015e-07
-1.98877e-06
-1.35036e-06
-4.04593e-06
0.000131793
0.000746844
0.00176091
0.00489221
0.00825132
0.0170575
0.0287376
0.0481732
0.0788635
0.114427
0.167814
0.233959
0.318917
0.419959
0.535709
0.657647
0.775176
0.874703
0.946361
0.982427
0.994576
0.99841
0.999539
0.999855
0.999961
1
1
0.999993
0.999937
0.999767
0.999598
0.998982
0.997262
0.995538
0.990228
0.982494
0.96968
0.947168
0.92111
0.878954
0.827365
0.756767
0.676233
0.575281
0.461818
0.344385
0.225477
0.125878
0.0548464
0.0176357
0.00535115
0.00162473
0.000479825
0.000132945
2.99217e-05
1.49514e-06
-3.72175e-06
-2.23348e-06
-8.05708e-08
7.91977e-07
5.48348e-07
3.91339e-08
-1.87937e-07
-1.24961e-07
2.12453e-09
4.88777e-08
2.52397e-08
-7.755e-09
-1.25085e-08
7.28279e-10
0
