VARIABLEs = X,u
ZONE I=101
datapacking=block
0
0.01
0.02
0.03
0.04
0.05
0.06
0.07
0.08
0.09
0.1
0.11
0.12
0.13
0.14
0.15
0.16
0.17
0.18
0.19
0.2
0.21
0.22
0.23
0.24
0.25
0.26
0.27
0.28
0.29
0.3
0.31
0.32
0.33
0.34
0.35
0.36
0.37
0.38
0.39
0.4
0.41
0.42
0.43
0.44
0.45
0.46
0.47
0.48
0.49
0.5
0.51
0.52
0.53
0.54
0.55
0.56
0.57
0.58
0.59
0.6
0.61
0.62
0.63
0.64
0.65
0.66
0.67
0.68
0.69
0.7
0.71
0.72
0.73
0.74
0.75
0.76
0.77
0.78
0.79
0.8
0.81
0.82
0.83
0.84
0.85
0.86
0.87
0.88
0.89
0.9
0.91
0.92
0.93
0.94
0.95
0.96
0.97
0.98
0.99
1
0
-3.40639e-10
-1.9919e-10
8.3646e-11
-1.13183e-10
2.09177e-09
-1.30364e-09
2.12244e-09
-2.96995e-09
-5.83118e-10
1.78724e-09
-1.05214e-09
1.15215e-08
-1.00314e-08
2.97233e-08
3.16545e-08
3.58052e-09
1.02512e-07
-9.2274e-07
-3.45144e-06
-3.39298e-06
1.53495e-05
3.80872e-05
0.000772533
0.00244576
0.00715299
0.0160752
0.028429
0.0539418
0.0843813
0.13667
0.203792
0.293664
0.401648
0.528364
0.660368
0.788649
0.890756
0.957628
0.987234
0.996151
0.998861
0.999688
0.999919
0.999985
1
1
1
1
1
0.999945
0.999783
0.999672
0.998082
0.996724
0.990898
0.981831
0.966441
0.93883
0.907207
0.85411
0.789133
0.699879
0.595563
0.470739
0.339598
0.213183
0.108536
0.0426193
0.0126831
0.00386501
0.00112735
0.00031568
8.0759e-05
1.51418e-05
-9.98258e-07
-2.60635e-06
-8.12289e-07
4.7721e-07
5.67941e-07
1.31662e-07
-1.38435e-07
-1.15427e-07
-3.47201e-09
3.97262e-08
1.79282e-08
-6.81233e-09
-8.77775e-09
-8.20072e-10
2.69725e-09
1.14289e-09
-5.40614e-10
-5.30774e-10
2.89358e-11
1.76627e-10
3.46081e-11
-4.80683e-11
-1.91022e-11
1.1609e-11
2.8152e-12
0
