VARIABLEs = X,u
ZONE I=101
datapacking=block
0
0.01
0.02
0.03
0.04
0.05
0.06
0.07
0.08
0.09
0.1
0.11
0.12
0.13
0.14
0.15
0.16
0.17
0.18
0.19
0.2
0.21
0.22
0.23
0.24
0.25
0.26
0.27
0.28
0.29
0.3
0.31
0.32
0.33
0.34
0.35
0.36
0.37
0.38
0.39
0.4
0.41
0.42
0.43
0.44
0.45
0.46
0.47
0.48
0.49
0.5
0.51
0.52
0.53
0.54
0.55
0.56
0.57
0.58
0.59
0.6
0.61
0.62
0.63
0.64
0.65
0.66
0.67
0.68
0.69
0.7
0.71
0.72
0.73
0.74
0.75
0.76
0.77
0.78
0.79
0.8
0.81
0.82
0.83
0.84
0.85
0.86
0.87
0.88
0.89
0.9
0.91
0.92
0.93
0.94
0.95
0.96
0.97
0.98
0.99
1
0
4.82172e-15
1.36961e-13
-1.06715e-15
3.47303e-13
2.27528e-14
4.49881e-13
5.83196e-14
-2.33394e-13
-2.44996e-13
-1.28772e-12
1.88882e-13
-5.14181e-13
2.56365e-12
3.48102e-12
-4.07481e-13
1.17127e-11
-1.9372e-11
1.13817e-11
-8.91584e-12
-2.21872e-11
9.8298e-11
-5.00714e-11
1.79449e-10
-1.54983e-10
2.7136e-10
-6.30986e-10
2.33719e-10
5.29095e-10
-2.74574e-09
6.09715e-09
-6.62848e-09
6.04785e-09
-1.91822e-09
1.59513e-09
-2.68711e-08
1.05071e-08
-1.75417e-08
6.06887e-08
5.41409e-07
-7.64954e-07
-1.60893e-06
1.96e-05
0.000149408
0.000410976
0.00115689
0.00217651
0.00452037
0.00719995
0.013334
0.021036
0.0337587
0.0533052
0.0756652
0.109845
0.151594
0.207221
0.272342
0.353104
0.443557
0.547514
0.656555
0.763732
0.858378
0.92914
0.972736
0.991603
0.997261
0.999119
0.999702
0.999926
1.00002
0.999998
0.999885
0.999655
0.999057
0.998152
0.996541
0.992969
0.988134
0.979848
0.966136
0.950067
0.922923
0.891719
0.844823
0.787445
0.723775
0.643228
0.553465
0.45105
0.342593
0.235754
0.140993
0.0698264
0.0267144
0.0078295
0.00289018
0.00091073
0.0001117
0
