VARIABLEs = X,u
ZONE I=101
datapacking=block
0
0.01
0.02
0.03
0.04
0.05
0.06
0.07
0.08
0.09
0.1
0.11
0.12
0.13
0.14
0.15
0.16
0.17
0.18
0.19
0.2
0.21
0.22
0.23
0.24
0.25
0.26
0.27
0.28
0.29
0.3
0.31
0.32
0.33
0.34
0.35
0.36
0.37
0.38
0.39
0.4
0.41
0.42
0.43
0.44
0.45
0.46
0.47
0.48
0.49
0.5
0.51
0.52
0.53
0.54
0.55
0.56
0.57
0.58
0.59
0.6
0.61
0.62
0.63
0.64
0.65
0.66
0.67
0.68
0.69
0.7
0.71
0.72
0.73
0.74
0.75
0.76
0.77
0.78
0.79
0.8
0.81
0.82
0.83
0.84
0.85
0.86
0.87
0.88
0.89
0.9
0.91
0.92
0.93
0.94
0.95
0.96
0.97
0.98
0.99
1
0
0
-4.26326e-14
7.64544e-12
-6.72131e-10
3.86084e-08
-1.62961e-06
5.38923e-05
-0.00145403
0.0329067
-0.637442
10.7324
-158.951
2090.78
-24617.2
261138
-2.50941e+06
2.19454e+07
-1.75345e+08
1.28438e+09
-8.64975e+09
5.36938e+10
-3.07896e+11
1.63408e+12
-8.03982e+12
3.6724e+13
-1.55928e+14
6.1608e+14
-2.2672e+15
7.7773e+15
-2.48853e+16
7.43157e+16
-2.07226e+17
5.39763e+17
-1.31369e+18
2.98825e+18
-6.3542e+18
1.26324e+19
-2.34818e+19
4.08159e+19
-6.63434e+19
1.00843e+20
-1.43343e+20
1.90544e+20
-2.36863e+20
2.75351e+20
-2.99342e+20
3.04333e+20
-2.89361e+20
2.57312e+20
-2.14005e+20
1.66478e+20
-1.21139e+20
8.24562e+19
-5.25047e+19
3.12768e+19
-1.743e+19
9.08607e+18
-4.42695e+18
2.0045e+18
-8.08221e+17
1.8609e+17
2.99789e+17
-1.03911e+18
2.55169e+18
-5.68043e+18
1.17829e+19
-2.28601e+19
4.15049e+19
-7.05279e+19
1.12168e+20
-1.66964e+20
2.32599e+20
-3.03261e+20
3.70029e+20
-4.22527e+20
4.51509e+20
-4.51509e+20
4.22527e+20
-3.70029e+20
3.03261e+20
-2.32599e+20
1.66964e+20
-1.12168e+20
7.05279e+19
-4.1505e+19
2.28604e+19
-1.17842e+19
5.68487e+18
-2.56629e+18
1.08391e+18
-4.28249e+17
1.58237e+17
-5.46625e+16
1.76468e+16
-5.32139e+15
1.49802e+15
-3.93404e+14
9.63033e+13
-2.19539e+13
4.65559e+12
