VARIABLEs = X,u
ZONE I=101
datapacking=block
0
0.01
0.02
0.03
0.04
0.05
0.06
0.07
0.08
0.09
0.1
0.11
0.12
0.13
0.14
0.15
0.16
0.17
0.18
0.19
0.2
0.21
0.22
0.23
0.24
0.25
0.26
0.27
0.28
0.29
0.3
0.31
0.32
0.33
0.34
0.35
0.36
0.37
0.38
0.39
0.4
0.41
0.42
0.43
0.44
0.45
0.46
0.47
0.48
0.49
0.5
0.51
0.52
0.53
0.54
0.55
0.56
0.57
0.58
0.59
0.6
0.61
0.62
0.63
0.64
0.65
0.66
0.67
0.68
0.69
0.7
0.71
0.72
0.73
0.74
0.75
0.76
0.77
0.78
0.79
0.8
0.81
0.82
0.83
0.84
0.85
0.86
0.87
0.88
0.89
0.9
0.91
0.92
0.93
0.94
0.95
0.96
0.97
0.98
0.99
1
0
0
-1.11759e-08
1.19954e-06
-6.22682e-05
0.00208226
-0.0504095
0.941337
-14.1075
174.31
-1810.3
16031.5
-122395
812484
-4.72106e+06
2.41397e+07
-1.09069e+08
4.36894e+08
-1.55544e+09
4.93148e+09
-1.39433e+10
3.51932e+10
-7.93504e+10
1.59887e+11
-2.87963e+11
4.63606e+11
-6.67183e+11
8.58239e+11
-9.86811e+11
1.01425e+12
-9.31942e+11
7.657e+11
-5.62686e+11
3.69944e+11
-2.17664e+11
1.14632e+11
-5.40419e+10
2.28043e+10
-8.61023e+09
2.90702e+09
-8.76745e+08
2.3581e+08
-5.60723e+07
9.45587e+06
1.14983e+07
-6.51549e+07
2.77206e+08
-1.04494e+09
3.51507e+09
-1.05699e+10
2.84426e+10
-6.85412e+10
1.4798e+11
-2.86293e+11
4.9635e+11
-7.71073e+11
1.07317e+12
-1.33793e+12
1.49393e+12
-1.49393e+12
1.33793e+12
-1.07317e+12
7.71073e+11
-4.9635e+11
2.86293e+11
-1.4798e+11
6.85412e+10
-2.84426e+10
1.05699e+10
-3.51507e+09
1.04494e+09
-2.77261e+08
6.55299e+07
-1.37595e+07
2.55804e+06
-419277
60262.4
-7543.85
815.455
-75.2772
5.84933
-0.375238
0.0193436
-0.000770103
2.22214e-05
-4.13507e-07
3.72529e-09
0
0
0
0
0
0
0
0
0
0
0
0
0
0
