VARIABLEs = X,u
ZONE I=101
datapacking=block
0
0.01
0.02
0.03
0.04
0.05
0.06
0.07
0.08
0.09
0.1
0.11
0.12
0.13
0.14
0.15
0.16
0.17
0.18
0.19
0.2
0.21
0.22
0.23
0.24
0.25
0.26
0.27
0.28
0.29
0.3
0.31
0.32
0.33
0.34
0.35
0.36
0.37
0.38
0.39
0.4
0.41
0.42
0.43
0.44
0.45
0.46
0.47
0.48
0.49
0.5
0.51
0.52
0.53
0.54
0.55
0.56
0.57
0.58
0.59
0.6
0.61
0.62
0.63
0.64
0.65
0.66
0.67
0.68
0.69
0.7
0.71
0.72
0.73
0.74
0.75
0.76
0.77
0.78
0.79
0.8
0.81
0.82
0.83
0.84
0.85
0.86
0.87
0.88
0.89
0.9
0.91
0.92
0.93
0.94
0.95
0.96
0.97
0.98
0.99
1
0
0
-0.000732422
0.0317383
-0.631592
7.64258
-62.759
369.638
-1609.42
5264.16
-13026.1
24412.6
-34581.7
36954.9
-29837.5
18305
-8577.94
3082.75
-846.179
177.795
-26.5291
4.09961
0.761475
1.01123
0.999756
1
1
1
1
1
1
0.999756
1.01147
0.750732
4.31714
-29.2146
200.367
-982.788
3696.9
-10664.4
23706.2
-40516.6
53059.9
-53058.9
40517.6
-23705.2
10665.4
-3695.9
983.788
-199.367
30.2146
-3.31714
0.249268
-0.0114746
0.000244141
0
0
0
0
0
0
0
0
0
0
0
0
0
0
0
0
0
0
0
0
0
0
0
0
0
0
0
0
0
0
0
0
0
0
0
0
0
0
0
0
0
0
0
0
0
0
