VARIABLEs = X,u
ZONE I=101
datapacking=block
0
0.01
0.02
0.03
0.04
0.05
0.06
0.07
0.08
0.09
0.1
0.11
0.12
0.13
0.14
0.15
0.16
0.17
0.18
0.19
0.2
0.21
0.22
0.23
0.24
0.25
0.26
0.27
0.28
0.29
0.3
0.31
0.32
0.33
0.34
0.35
0.36
0.37
0.38
0.39
0.4
0.41
0.42
0.43
0.44
0.45
0.46
0.47
0.48
0.49
0.5
0.51
0.52
0.53
0.54
0.55
0.56
0.57
0.58
0.59
0.6
0.61
0.62
0.63
0.64
0.65
0.66
0.67
0.68
0.69
0.7
0.71
0.72
0.73
0.74
0.75
0.76
0.77
0.78
0.79
0.8
0.81
0.82
0.83
0.84
0.85
0.86
0.87
0.88
0.89
0.9
0.91
0.92
0.93
0.94
0.95
0.96
0.97
0.98
0.99
1
0
0
-2.72848e-12
4.23825e-10
-3.21734e-08
1.5907e-06
-5.75972e-05
0.00162835
-0.0374221
0.718694
-11.7681
166.802
-2070.91
22734.5
-222379
1.9504e+06
-1.54188e+07
1.10353e+08
-7.17691e+08
4.25479e+09
-2.30551e+10
1.14443e+11
-5.21423e+11
2.18412e+12
-8.42264e+12
2.99371e+13
-9.81699e+13
2.97233e+14
-8.31463e+14
2.15e+15
-5.14105e+15
1.13714e+16
-2.32709e+16
4.40673e+16
-7.72256e+16
1.25248e+17
-1.87997e+17
2.6116e+17
-3.35767e+17
3.99525e+17
-4.39976e+17
4.48441e+17
-4.23047e+17
3.69409e+17
-2.986e+17
2.23447e+17
-1.5481e+17
9.93107e+16
-5.89924e+16
3.24502e+16
-1.65294e+16
7.79624e+15
-3.4035e+15
1.37103e+15
-4.94852e+14
1.09496e+14
1.59999e+14
-6.16976e+14
1.70848e+15
-4.28531e+15
9.93276e+15
-2.13214e+16
4.24003e+16
-7.81218e+16
1.33365e+17
-2.10949e+17
3.09149e+17
-4.19752e+17
5.28e+17
-6.15281e+17
6.64196e+17
-6.64196e+17
6.15281e+17
-5.28e+17
4.19752e+17
-3.09149e+17
2.10949e+17
-1.33365e+17
7.81218e+16
-4.24003e+16
2.13215e+16
-9.93303e+15
4.28647e+15
-1.71308e+15
6.33843e+14
-2.17037e+14
6.87391e+13
-2.01236e+13
5.44105e+12
-1.35739e+12
3.12075e+11
-6.60279e+10
1.28348e+10
-2.28763e+09
3.7301e+08
-5.54903e+07
7.50748e+06
-920295
101764
-10097.2
893.319
