VARIABLEs = X,u
ZONE I=101
datapacking=block
0
0.01
0.02
0.03
0.04
0.05
0.06
0.07
0.08
0.09
0.1
0.11
0.12
0.13
0.14
0.15
0.16
0.17
0.18
0.19
0.2
0.21
0.22
0.23
0.24
0.25
0.26
0.27
0.28
0.29
0.3
0.31
0.32
0.33
0.34
0.35
0.36
0.37
0.38
0.39
0.4
0.41
0.42
0.43
0.44
0.45
0.46
0.47
0.48
0.49
0.5
0.51
0.52
0.53
0.54
0.55
0.56
0.57
0.58
0.59
0.6
0.61
0.62
0.63
0.64
0.65
0.66
0.67
0.68
0.69
0.7
0.71
0.72
0.73
0.74
0.75
0.76
0.77
0.78
0.79
0.8
0.81
0.82
0.83
0.84
0.85
0.86
0.87
0.88
0.89
0.9
0.91
0.92
0.93
0.94
0.95
0.96
0.97
0.98
0.99
1
0
0
-2.60209e-18
6.12357e-16
-7.09805e-14
5.40227e-12
-3.03654e-10
1.34426e-08
-4.88123e-07
1.49503e-05
-0.000394191
0.00908733
-0.18541
3.38107
-55.5519
827.91
-11255.7
140272
-1.60915e+06
1.70541e+07
-1.67513e+08
1.52924e+09
-1.30071e+10
1.03305e+11
-7.67622e+11
5.3459e+12
-3.49478e+13
2.14762e+14
-1.24217e+15
6.7699e+15
-3.48021e+16
1.68907e+17
-7.74586e+17
3.35883e+18
-1.37814e+19
5.35353e+19
-1.96997e+20
6.86996e+20
-2.27146e+21
7.1231e+21
-2.11927e+22
5.98383e+22
-1.6038e+23
4.08123e+23
-9.86224e+23
2.26344e+24
-4.93426e+24
1.02183e+25
-2.01037e+25
3.75782e+25
-6.67392e+25
1.12623e+26
-1.80584e+26
2.75138e+26
-3.9833e+26
5.47972e+26
-7.16305e+26
8.89741e+26
-1.05016e+27
1.17781e+27
-1.25524e+27
1.2712e+27
-1.22333e+27
1.11871e+27
-9.72176e+26
8.02855e+26
-6.3009e+26
4.69948e+26
-3.33108e+26
2.2439e+26
-1.4363e+26
8.73012e+25
-5.02329e+25
2.69737e+25
-1.25841e+25
2.85998e+24
5.8905e+24
-1.73493e+25
3.57966e+25
-6.66405e+25
1.1665e+26
-1.93651e+26
3.05457e+26
-4.57995e+26
6.52809e+26
-8.8457e+26
1.13945e+27
-1.39532e+27
1.62429e+27
-1.79746e+27
1.89085e+27
-1.89085e+27
1.79746e+27
-1.62429e+27
1.39532e+27
-1.13945e+27
8.8457e+26
-6.5281e+26
4.57999e+26
-3.0547e+26
1.93687e+26
