VARIABLEs = X,u
ZONE I=101
datapacking=block
0
0.01
0.02
0.03
0.04
0.05
0.06
0.07
0.08
0.09
0.1
0.11
0.12
0.13
0.14
0.15
0.16
0.17
0.18
0.19
0.2
0.21
0.22
0.23
0.24
0.25
0.26
0.27
0.28
0.29
0.3
0.31
0.32
0.33
0.34
0.35
0.36
0.37
0.38
0.39
0.4
0.41
0.42
0.43
0.44
0.45
0.46
0.47
0.48
0.49
0.5
0.51
0.52
0.53
0.54
0.55
0.56
0.57
0.58
0.59
0.6
0.61
0.62
0.63
0.64
0.65
0.66
0.67
0.68
0.69
0.7
0.71
0.72
0.73
0.74
0.75
0.76
0.77
0.78
0.79
0.8
0.81
0.82
0.83
0.84
0.85
0.86
0.87
0.88
0.89
0.9
0.91
0.92
0.93
0.94
0.95
0.96
0.97
0.98
0.99
1
0
0
-2.86102e-06
0.00021553
-0.00773907
0.176231
-2.85664
35.0727
-338.844
2642.03
-16919.8
90109.8
-402632
1.51884e+06
-4.85776e+06
1.32088e+07
-3.05822e+07
6.03332e+07
-1.01433e+08
1.45299e+08
-1.77306e+08
1.84317e+08
-1.63283e+08
1.23353e+08
-7.95391e+07
4.38154e+07
-2.06335e+07
8.30788e+06
-2.85841e+06
839066
-209544
44327
-7890.39
1172.75
-142.226
14.0116
15.0629
-154.542
1293.29
-8843.84
50529.8
-243153
992110
-3.44789e+06
1.02369e+07
-2.60127e+07
5.66193e+07
-1.05576e+08
1.68596e+08
-2.30446e+08
2.69464e+08
-2.69464e+08
2.30446e+08
-1.68596e+08
1.05576e+08
-5.66193e+07
2.60127e+07
-1.02369e+07
3.44789e+06
-992109
243154
-50528.8
8844.84
-1292.29
155.607
-15.1695
1.16704
-0.0681868
0.0028429
-7.53403e-05
9.53674e-07
0
0
0
0
0
0
0
0
0
0
0
0
0
0
0
0
0
0
0
0
0
0
0
0
0
0
0
0
0
0
