VARIABLEs = X,u
ZONE I=101
datapacking=block
0
0.01
0.02
0.03
0.04
0.05
0.06
0.07
0.08
0.09
0.1
0.11
0.12
0.13
0.14
0.15
0.16
0.17
0.18
0.19
0.2
0.21
0.22
0.23
0.24
0.25
0.26
0.27
0.28
0.29
0.3
0.31
0.32
0.33
0.34
0.35
0.36
0.37
0.38
0.39
0.4
0.41
0.42
0.43
0.44
0.45
0.46
0.47
0.48
0.49
0.5
0.51
0.52
0.53
0.54
0.55
0.56
0.57
0.58
0.59
0.6
0.61
0.62
0.63
0.64
0.65
0.66
0.67
0.68
0.69
0.7
0.71
0.72
0.73
0.74
0.75
0.76
0.77
0.78
0.79
0.8
0.81
0.82
0.83
0.84
0.85
0.86
0.87
0.88
0.89
0.9
0.91
0.92
0.93
0.94
0.95
0.96
0.97
0.98
0.99
1
0
0
-1.78814e-07
1.63317e-05
-0.000717103
0.020155
-0.407317
6.30335
-77.6766
782.6
-6568.13
46553
-281521
1.46385e+06
-6.58344e+06
2.57213e+07
-8.75844e+07
2.60533e+08
-6.78082e+08
1.54566e+09
-3.08731e+09
5.4047e+09
-8.29251e+09
1.11504e+10
-1.31388e+10
1.35678e+10
-1.22809e+10
9.74714e+09
-6.78649e+09
4.14714e+09
-2.22521e+09
1.04863e+09
-4.34e+08
1.57681e+08
-5.02433e+07
1.40183e+07
-3.41665e+06
724989
-132993
17992.3
20627.7
-149941
828708
-3.96387e+06
1.65183e+07
-6.01782e+07
1.92138e+08
-5.38553e+08
1.32665e+09
-2.87379e+09
5.47527e+09
-9.17445e+09
1.35169e+10
-1.75053e+10
1.99227e+10
-1.99227e+10
1.75053e+10
-1.35169e+10
9.17445e+09
-5.47527e+09
2.87379e+09
-1.32665e+09
5.38553e+08
-1.92138e+08
6.01782e+07
-1.65183e+07
3.96387e+06
-828739
150271
-23489.3
3140.28
-355.348
33.5666
-2.59747
0.160353
-0.00759357
0.000258982
-5.66244e-06
5.96046e-08
0
0
0
0
0
0
0
0
0
0
0
0
0
0
0
0
0
0
0
0
0
0
