VARIABLEs = X,u
ZONE I=101
datapacking=block
0
0.01
0.02
0.03
0.04
0.05
0.06
0.07
0.08
0.09
0.1
0.11
0.12
0.13
0.14
0.15
0.16
0.17
0.18
0.19
0.2
0.21
0.22
0.23
0.24
0.25
0.26
0.27
0.28
0.29
0.3
0.31
0.32
0.33
0.34
0.35
0.36
0.37
0.38
0.39
0.4
0.41
0.42
0.43
0.44
0.45
0.46
0.47
0.48
0.49
0.5
0.51
0.52
0.53
0.54
0.55
0.56
0.57
0.58
0.59
0.6
0.61
0.62
0.63
0.64
0.65
0.66
0.67
0.68
0.69
0.7
0.71
0.72
0.73
0.74
0.75
0.76
0.77
0.78
0.79
0.8
0.81
0.82
0.83
0.84
0.85
0.86
0.87
0.88
0.89
0.9
0.91
0.92
0.93
0.94
0.95
0.96
0.97
0.98
0.99
1
0
0
-4.36557e-11
6.0827e-09
-4.13085e-07
1.82203e-05
-0.000586854
0.0147136
-0.298924
5.05817
-72.7212
901.737
-9756.81
92973.6
-786096
5.93339e+06
-4.01814e+07
2.45164e+08
-1.3524e+09
6.76448e+09
-3.07534e+10
1.27337e+11
-4.80999e+11
1.65977e+12
-5.23779e+12
1.51294e+13
-4.00282e+13
9.70522e+13
-2.15726e+14
4.39711e+14
-8.22003e+14
1.40949e+15
-2.21691e+15
3.19844e+15
-4.23281e+15
5.13831e+15
-5.72157e+15
5.84423e+15
-5.47624e+15
4.70778e+15
-3.71342e+15
2.68787e+15
-1.78555e+15
1.08871e+15
-6.09353e+14
3.13077e+14
-1.47655e+14
6.39153e+13
-2.53847e+13
9.23237e+12
-3.01084e+12
6.32066e+11
8.67385e+11
-3.67392e+12
1.1317e+13
-3.14802e+13
8.02696e+13
-1.87897e+14
4.03923e+14
-7.9755e+14
1.44655e+15
-2.4101e+15
3.68849e+15
-5.18499e+15
6.69433e+15
-7.93776e+15
8.64368e+15
-8.64368e+15
7.93776e+15
-6.69433e+15
5.18499e+15
-3.68849e+15
2.4101e+15
-1.44655e+15
7.9755e+14
-4.03923e+14
1.87897e+14
-8.02703e+13
3.14836e+13
-1.13328e+13
3.74182e+12
-1.13242e+12
3.13846e+11
-7.95637e+10
1.84244e+10
-3.89055e+09
7.47609e+08
-1.30411e+08
2.05897e+07
-2.93193e+06
374965
-42851.1
4349.13
-389.093
30.4008
-2.05033
0.117581
-0.00562045
0.000217857
-6.57786e-06
1.45126e-07
