VARIABLEs = X,u
ZONE I=101
datapacking=block
0
0.01
0.02
0.03
0.04
0.05
0.06
0.07
0.08
0.09
0.1
0.11
0.12
0.13
0.14
0.15
0.16
0.17
0.18
0.19
0.2
0.21
0.22
0.23
0.24
0.25
0.26
0.27
0.28
0.29
0.3
0.31
0.32
0.33
0.34
0.35
0.36
0.37
0.38
0.39
0.4
0.41
0.42
0.43
0.44
0.45
0.46
0.47
0.48
0.49
0.5
0.51
0.52
0.53
0.54
0.55
0.56
0.57
0.58
0.59
0.6
0.61
0.62
0.63
0.64
0.65
0.66
0.67
0.68
0.69
0.7
0.71
0.72
0.73
0.74
0.75
0.76
0.77
0.78
0.79
0.8
0.81
0.82
0.83
0.84
0.85
0.86
0.87
0.88
0.89
0.9
0.91
0.92
0.93
0.94
0.95
0.96
0.97
0.98
0.99
1
0
0
-4.57764e-05
0.00271606
-0.0757904
1.32153
-16.1363
146.542
-1026.21
5670.15
-25090.3
89761.1
-261096
619288
-1.19886e+06
1.89374e+06
-2.43934e+06
2.56167e+06
-2.19469e+06
1.5365e+06
-880834
414222
-159912
50640.5
-13112.4
2761.37
-466.676
63.8066
-5.53127
1.50708
0.972336
1.00093
1.00095
0.97142
1.53294
-5.98842
69.4735
-519.014
3134.84
-15220.1
60191.4
-195013
519475
-1.13921e+06
2.05642e+06
-3.05224e+06
3.72018e+06
-3.72018e+06
3.05224e+06
-2.05642e+06
1.13921e+06
-519474
195014
-60190.4
15221.1
-3133.84
520.014
-68.4735
6.98842
-0.532944
0.0285797
-0.000961304
1.52588e-05
0
0
0
0
0
0
0
0
0
0
0
0
0
0
0
0
0
0
0
0
0
0
0
0
0
0
0
0
0
0
0
0
0
0
0
0
0
0
