VARIABLEs = X,u
ZONE I=101
datapacking=block
0
0.01
0.02
0.03
0.04
0.05
0.06
0.07
0.08
0.09
0.1
0.11
0.12
0.13
0.14
0.15
0.16
0.17
0.18
0.19
0.2
0.21
0.22
0.23
0.24
0.25
0.26
0.27
0.28
0.29
0.3
0.31
0.32
0.33
0.34
0.35
0.36
0.37
0.38
0.39
0.4
0.41
0.42
0.43
0.44
0.45
0.46
0.47
0.48
0.49
0.5
0.51
0.52
0.53
0.54
0.55
0.56
0.57
0.58
0.59
0.6
0.61
0.62
0.63
0.64
0.65
0.66
0.67
0.68
0.69
0.7
0.71
0.72
0.73
0.74
0.75
0.76
0.77
0.78
0.79
0.8
0.81
0.82
0.83
0.84
0.85
0.86
0.87
0.88
0.89
0.9
0.91
0.92
0.93
0.94
0.95
0.96
0.97
0.98
0.99
1
0
0
-6.66134e-16
1.35447e-13
-1.3533e-11
8.85626e-10
-4.26948e-08
1.61686e-06
-5.0089e-05
0.00130524
-0.0291968
0.56935
-9.79663
150.192
-2067.95
25741.6
-291305
3.01119e+06
-2.85479e+07
2.49106e+08
-2.00678e+09
1.49651e+10
-1.0355e+11
6.66193e+11
-3.99233e+12
2.23217e+13
-1.16606e+14
5.6984e+14
-2.60799e+15
1.11893e+16
-4.50426e+16
1.70251e+17
-6.04634e+17
2.01873e+18
-6.33965e+18
1.87342e+19
-5.21128e+19
1.36498e+20
-3.36738e+20
7.82578e+20
-1.71359e+21
3.53578e+21
-6.87554e+21
1.26009e+22
-2.17667e+22
3.54402e+22
-5.43901e+22
7.86807e+22
-1.07286e+23
1.37895e+23
-1.67064e+23
1.90787e+23
-2.05376e+23
2.08397e+23
-1.99334e+23
1.79735e+23
-1.52775e+23
1.22423e+23
-9.24854e+22
6.58721e+22
-4.42345e+22
2.80066e+22
-1.67181e+22
9.40644e+21
-4.98071e+21
2.45934e+21
-1.07105e+21
2.48699e+20
4.43667e+20
-1.41889e+21
3.19001e+21
-6.49197e+21
1.23748e+22
-2.22213e+22
3.76282e+22
-6.00963e+22
9.05282e+22
-1.28624e+23
1.72366e+23
-2.17855e+23
2.59694e+23
-2.91965e+23
3.09574e+23
-3.09574e+23
2.91965e+23
-2.59694e+23
2.17855e+23
-1.72366e+23
1.28624e+23
-9.05283e+22
6.00964e+22
-3.76285e+22
2.22225e+22
-1.23785e+22
6.50331e+21
-3.22233e+21
1.50573e+21
-6.63465e+20
2.75632e+20
-1.07947e+20
3.9844e+19
