VARIABLEs = X,u
ZONE I=101
datapacking=block
0
0.01
0.02
0.03
0.04
0.05
0.06
0.07
0.08
0.09
0.1
0.11
0.12
0.13
0.14
0.15
0.16
0.17
0.18
0.19
0.2
0.21
0.22
0.23
0.24
0.25
0.26
0.27
0.28
0.29
0.3
0.31
0.32
0.33
0.34
0.35
0.36
0.37
0.38
0.39
0.4
0.41
0.42
0.43
0.44
0.45
0.46
0.47
0.48
0.49
0.5
0.51
0.52
0.53
0.54
0.55
0.56
0.57
0.58
0.59
0.6
0.61
0.62
0.63
0.64
0.65
0.66
0.67
0.68
0.69
0.7
0.71
0.72
0.73
0.74
0.75
0.76
0.77
0.78
0.79
0.8
0.81
0.82
0.83
0.84
0.85
0.86
0.87
0.88
0.89
0.9
0.91
0.92
0.93
0.94
0.95
0.96
0.97
0.98
0.99
1
0
0
-1.14441e-05
0.000770569
-0.0245857
0.494278
-7.02364
75.0073
-624.912
4162
-22527.9
100226
-369299
1.13254e+06
-2.89902e+06
6.20259e+06
-1.1096e+07
1.65935e+07
-2.07362e+07
2.16531e+07
-1.89025e+07
1.38092e+07
-8.45384e+06
4.34228e+06
-1.87282e+06
678178
-205904
52260.5
-11029.9
1922.26
-271.944
32.1016
-1.77309
1.17725
1.18587
-1.94326
34.5509
-298.471
2146.73
-12550.7
60650.2
-244026
821979
-2.3255e+06
5.53524e+06
-1.10901e+07
1.86967e+07
-2.65031e+07
3.15628e+07
-3.15628e+07
2.65031e+07
-1.86967e+07
1.10901e+07
-5.53524e+06
2.3255e+06
-821978
244027
-60649.2
12551.7
-2145.73
299.471
-33.5509
2.94353
-0.194752
0.0091362
-0.000270844
3.8147e-06
0
0
0
0
0
0
0
0
0
0
0
0
0
0
0
0
0
0
0
0
0
0
0
0
0
0
0
0
0
0
0
0
0
0
