VARIABLEs = X,u
ZONE I=101
datapacking=block
0
0.01
0.02
0.03
0.04
0.05
0.06
0.07
0.08
0.09
0.1
0.11
0.12
0.13
0.14
0.15
0.16
0.17
0.18
0.19
0.2
0.21
0.22
0.23
0.24
0.25
0.26
0.27
0.28
0.29
0.3
0.31
0.32
0.33
0.34
0.35
0.36
0.37
0.38
0.39
0.4
0.41
0.42
0.43
0.44
0.45
0.46
0.47
0.48
0.49
0.5
0.51
0.52
0.53
0.54
0.55
0.56
0.57
0.58
0.59
0.6
0.61
0.62
0.63
0.64
0.65
0.66
0.67
0.68
0.69
0.7
0.71
0.72
0.73
0.74
0.75
0.76
0.77
0.78
0.79
0.8
0.81
0.82
0.83
0.84
0.85
0.86
0.87
0.88
0.89
0.9
0.91
0.92
0.93
0.94
0.95
0.96
0.97
0.98
0.99
1
0
6.5536e-12
6.5536e-12
2.52314e-09
-1.39873e-07
5.05121e-06
-0.000126749
0.00235281
-0.0334299
0.371276
-3.26238
22.8122
-127.026
561.129
-1950.96
5278.11
-10961.6
17267.5
-20555.1
18668.8
-13113.9
7226.04
-3153.58
1100.17
-305.516
69.3052
-11.0852
2.67628
0.821577
1.01407
0.999225
1.00003
1
1
1
0.999952
1.00094
0.98599
1.16445
-0.538823
12.5647
-68.9909
341.685
-1326.27
4106.27
-9972.24
18807.3
-27259.1
30299.9
-26014.2
17446.1
-9241.17
3900.45
-1319.11
358.144
-77.8929
13.4765
-1.83075
0.191098
-0.0147983
0.000801011
-2.70583e-05
4.29497e-07
0
0
0
0
0
0
0
0
0
0
0
0
0
0
0
0
0
0
0
0
0
0
0
0
0
0
0
0
0
0
0
0
0
0
0
0
0
0
