VARIABLEs = X,u
ZONE I=101
datapacking=block
0
0.01
0.02
0.03
0.04
0.05
0.06
0.07
0.08
0.09
0.1
0.11
0.12
0.13
0.14
0.15
0.16
0.17
0.18
0.19
0.2
0.21
0.22
0.23
0.24
0.25
0.26
0.27
0.28
0.29
0.3
0.31
0.32
0.33
0.34
0.35
0.36
0.37
0.38
0.39
0.4
0.41
0.42
0.43
0.44
0.45
0.46
0.47
0.48
0.49
0.5
0.51
0.52
0.53
0.54
0.55
0.56
0.57
0.58
0.59
0.6
0.61
0.62
0.63
0.64
0.65
0.66
0.67
0.68
0.69
0.7
0.71
0.72
0.73
0.74
0.75
0.76
0.77
0.78
0.79
0.8
0.81
0.82
0.83
0.84
0.85
0.86
0.87
0.88
0.89
0.9
0.91
0.92
0.93
0.94
0.95
0.96
0.97
0.98
0.99
1
0
1.84467e-45
1.84467e-45
2.83526e-42
-7.01506e-40
1.15125e-37
-1.39512e-35
1.33154e-33
-1.04238e-31
6.88263e-30
-3.91191e-28
1.94383e-26
-8.54762e-25
3.3589e-23
-1.18905e-21
3.81727e-20
-1.11766e-18
2.99889e-17
-7.40462e-16
1.68849e-14
-3.56704e-13
7.00046e-12
-1.2794e-10
2.1821e-09
-3.47982e-08
5.19734e-07
-7.2811e-06
9.5803e-05
-0.00118532
0.0138045
-0.151472
1.56718
-15.2998
141.026
-1227.96
10104.8
-78613.5
578379
-4.02507e+06
2.65003e+07
-1.65077e+08
9.72978e+08
-5.42619e+09
2.86309e+10
-1.42914e+11
6.74761e+11
-3.01281e+12
1.27185e+13
-5.07488e+13
1.91339e+14
-6.81434e+14
2.29154e+15
-7.27356e+15
2.17825e+16
-6.15223e+16
1.6381e+17
-4.11007e+17
9.71373e+17
-2.16164e+18
4.52774e+18
-8.92359e+18
1.65436e+19
-2.88435e+19
4.72835e+19
-7.28711e+19
1.05573e+20
-1.43781e+20
1.84085e+20
-2.21592e+20
2.50833e+20
-2.6706e+20
2.67514e+20
-2.52195e+20
2.23839e+20
-1.87115e+20
1.47378e+20
-1.09418e+20
7.66058e+19
-5.05984e+19
3.15421e+19
-1.85644e+19
1.03168e+19
-5.40648e+18
2.6459e+18
-1.13579e+18
2.28173e+17
5.79579e+17
-1.78722e+18
4.053e+18
-8.35677e+18
1.61279e+19
-2.92684e+19
4.99767e+19
-8.02903e+19
1.2135e+20
-1.72532e+20
2.3075e+20
-2.9032e+20
3.43655e+20
-3.82776e+20
4.0127e+20
