VARIABLEs = X,u
ZONE I=101
datapacking=block
0
0.01
0.02
0.03
0.04
0.05
0.06
0.07
0.08
0.09
0.1
0.11
0.12
0.13
0.14
0.15
0.16
0.17
0.18
0.19
0.2
0.21
0.22
0.23
0.24
0.25
0.26
0.27
0.28
0.29
0.3
0.31
0.32
0.33
0.34
0.35
0.36
0.37
0.38
0.39
0.4
0.41
0.42
0.43
0.44
0.45
0.46
0.47
0.48
0.49
0.5
0.51
0.52
0.53
0.54
0.55
0.56
0.57
0.58
0.59
0.6
0.61
0.62
0.63
0.64
0.65
0.66
0.67
0.68
0.69
0.7
0.71
0.72
0.73
0.74
0.75
0.76
0.77
0.78
0.79
0.8
0.81
0.82
0.83
0.84
0.85
0.86
0.87
0.88
0.89
0.9
0.91
0.92
0.93
0.94
0.95
0.96
0.97
0.98
0.99
1
0
1.07374e-21
1.07374e-21
7.74168e-19
-8.62633e-17
6.33564e-15
-3.3675e-13
1.38115e-11
-4.54724e-10
1.23446e-08
-2.81678e-07
5.47951e-06
-9.18579e-05
0.00133803
-0.0170437
0.190781
-1.88362
16.4481
-127.266
873.507
-5320.82
28759.5
-137839
585101
-2.19604e+06
7.27319e+06
-2.12072e+07
5.43063e+07
-1.21833e+08
2.38928e+08
-4.08885e+08
6.09971e+08
-7.93068e+08
8.99312e+08
-8.90757e+08
7.72264e+08
-5.8748e+08
3.93149e+08
-2.3203e+08
1.21046e+08
-5.59277e+07
2.29221e+07
-8.34285e+06
2.69815e+06
-775407
197911
-44799.3
8920.01
-1142.81
-2583.82
15995.3
-80718.5
361499
-1.4376e+06
5.06829e+06
-1.58092e+07
4.3533e+07
-1.05578e+08
2.24996e+08
-4.20478e+08
6.87987e+08
-9.84617e+08
1.23231e+09
-1.34959e+09
1.29501e+09
-1.09076e+09
8.0819e+08
-5.27972e+08
3.04781e+08
-1.55787e+08
7.06307e+07
-2.84428e+07
1.0183e+07
-3.24263e+06
918354
-231168
51652
-10223.7
1787.5
-275.003
37.0426
-4.34033
0.438704
-0.037839
0.00274554
-0.000164392
7.90732e-06
-2.93677e-07
7.90443e-09
-1.37198e-10
1.15292e-12
0
0
0
0
0
0
0
0
0
0
