VARIABLEs = X,u
ZONE I=101
datapacking=block
0
0.01
0.02
0.03
0.04
0.05
0.06
0.07
0.08
0.09
0.1
0.11
0.12
0.13
0.14
0.15
0.16
0.17
0.18
0.19
0.2
0.21
0.22
0.23
0.24
0.25
0.26
0.27
0.28
0.29
0.3
0.31
0.32
0.33
0.34
0.35
0.36
0.37
0.38
0.39
0.4
0.41
0.42
0.43
0.44
0.45
0.46
0.47
0.48
0.49
0.5
0.51
0.52
0.53
0.54
0.55
0.56
0.57
0.58
0.59
0.6
0.61
0.62
0.63
0.64
0.65
0.66
0.67
0.68
0.69
0.7
0.71
0.72
0.73
0.74
0.75
0.76
0.77
0.78
0.79
0.8
0.81
0.82
0.83
0.84
0.85
0.86
0.87
0.88
0.89
0.9
0.91
0.92
0.93
0.94
0.95
0.96
0.97
0.98
0.99
1
0
6.71089e-19
6.71089e-19
4.1943e-16
-4.00257e-14
2.51277e-12
-1.13431e-10
3.92534e-09
-1.0827e-07
2.44353e-06
-4.59683e-05
0.000730605
-0.00990861
0.115517
-1.1639
10.1731
-77.3243
511.749
-2949.79
14799.1
-64526.8
243971
-797608
2.24722e+06
-5.43706e+06
1.12579e+07
-1.98923e+07
2.99413e+07
-3.83762e+07
4.19356e+07
-3.91669e+07
3.13704e+07
-2.16265e+07
1.28795e+07
-6.64797e+06
2.98231e+06
-1.16519e+06
397007
-118022
30600.9
-6908.38
1356.21
-228.956
34.0649
1.61437
-36.683
265.326
-1602.25
8503.25
-39389.2
159163
-559618
1.70733e+06
-4.5054e+06
1.02493e+07
-2.00372e+07
3.35771e+07
-4.81522e+07
5.90765e+07
-6.20697e+07
5.5968e+07
-4.34357e+07
2.91068e+07
-1.68953e+07
8.51949e+06
-3.74098e+06
1.43304e+06
-479401
140099
-35744.3
7949.43
-1536.94
257.299
-37.0907
4.56947
-0.476269
0.0414298
-0.00295225
0.000167853
-7.3224e-06
2.30134e-07
-4.63871e-09
4.5036e-11
0
0
0
0
0
0
0
0
0
0
0
0
0
0
0
0
0
0
