VARIABLEs = X,u
ZONE I=101
datapacking=block
0
0.01
0.02
0.03
0.04
0.05
0.06
0.07
0.08
0.09
0.1
0.11
0.12
0.13
0.14
0.15
0.16
0.17
0.18
0.19
0.2
0.21
0.22
0.23
0.24
0.25
0.26
0.27
0.28
0.29
0.3
0.31
0.32
0.33
0.34
0.35
0.36
0.37
0.38
0.39
0.4
0.41
0.42
0.43
0.44
0.45
0.46
0.47
0.48
0.49
0.5
0.51
0.52
0.53
0.54
0.55
0.56
0.57
0.58
0.59
0.6
0.61
0.62
0.63
0.64
0.65
0.66
0.67
0.68
0.69
0.7
0.71
0.72
0.73
0.74
0.75
0.76
0.77
0.78
0.79
0.8
0.81
0.82
0.83
0.84
0.85
0.86
0.87
0.88
0.89
0.9
0.91
0.92
0.93
0.94
0.95
0.96
0.97
0.98
0.99
1
0
2.8823e-41
2.8823e-41
4.01505e-38
-8.97051e-36
1.32864e-33
-1.45061e-31
1.24521e-29
-8.75146e-28
5.17813e-26
-2.63234e-24
1.16758e-22
-4.57367e-21
1.59768e-19
-5.0167e-18
1.42534e-16
-3.68472e-15
8.7083e-14
-1.88915e-12
3.77505e-11
-6.96984e-10
1.19212e-08
-1.89328e-07
2.79765e-06
-3.85323e-05
0.000495437
-0.00595492
0.066989
-0.706024
6.97769
-64.7158
563.631
-4612.07
35473.2
-256540
1.74487e+06
-1.11634e+07
6.71882e+07
-3.8041e+08
2.02604e+09
-1.01489e+10
4.78068e+10
-2.11711e+11
8.81153e+11
-3.44553e+12
1.26527e+13
-4.36159e+13
1.4107e+14
-4.27898e+14
1.21657e+15
-3.2404e+15
8.0817e+15
-1.88639e+16
4.11887e+16
-8.4091e+16
1.60464e+17
-2.86098e+17
4.76485e+17
-7.41137e+17
1.07651e+18
-1.46016e+18
1.8496e+18
-2.18836e+18
2.41894e+18
-2.49881e+18
2.41326e+18
-2.17985e+18
1.8425e+18
-1.45802e+18
1.08074e+18
-7.50782e+17
4.89069e+17
-2.98893e+17
1.7146e+17
-9.23619e+16
4.67218e+16
-2.21403e+16
9.63486e+15
-3.26507e+15
-8.82832e+14
5.95735e+15
-1.57365e+16
3.61866e+16
-7.71285e+16
1.53615e+17
-2.86139e+17
4.98399e+17
-8.11591e+17
1.23532e+18
-1.75734e+18
2.33648e+18
-2.90349e+18
3.37283e+18
-3.66336e+18
3.72135e+18
-3.53678e+18
3.14613e+18
-2.62058e+18
2.04491e+18
-1.49562e+18
1.02577e+18
