VARIABLEs = X,u
ZONE I=101
datapacking=block
0
0.01
0.02
0.03
0.04
0.05
0.06
0.07
0.08
0.09
0.1
0.11
0.12
0.13
0.14
0.15
0.16
0.17
0.18
0.19
0.2
0.21
0.22
0.23
0.24
0.25
0.26
0.27
0.28
0.29
0.3
0.31
0.32
0.33
0.34
0.35
0.36
0.37
0.38
0.39
0.4
0.41
0.42
0.43
0.44
0.45
0.46
0.47
0.48
0.49
0.5
0.51
0.52
0.53
0.54
0.55
0.56
0.57
0.58
0.59
0.6
0.61
0.62
0.63
0.64
0.65
0.66
0.67
0.68
0.69
0.7
0.71
0.72
0.73
0.74
0.75
0.76
0.77
0.78
0.79
0.8
0.81
0.82
0.83
0.84
0.85
0.86
0.87
0.88
0.89
0.9
0.91
0.92
0.93
0.94
0.95
0.96
0.97
0.98
0.99
1
0
4.1943e-16
4.1943e-16
2.21879e-13
-1.7624e-11
9.18429e-10
-3.40998e-08
9.61389e-07
-2.1379e-05
0.000384559
-0.00569324
0.0702163
-0.727516
6.36781
-47.2401
297.443
-1589.07
7190.22
-27468
88210.2
-236898
529119
-977936
1.49055e+06
-1.8722e+06
1.94239e+06
-1.67218e+06
1.20128e+06
-724267
368356
-158681
58068.7
-18076.6
4788.94
-1076.07
206.067
-31.8544
5.3915
0.516403
1.04079
1.0273
0.67225
4.00672
-22.4774
157.431
-888.884
4319.02
-17832.3
62480.8
-184908
460005
-957102
1.65811e+06
-2.38475e+06
2.84567e+06
-2.82276e+06
2.33655e+06
-1.62168e+06
948344
-469342
197270
-70586.9
21526.4
-5593.36
1235.98
-231.405
36.4905
-4.80457
0.521698
-0.0459036
0.00319086
-0.000168646
6.36837e-06
-1.53052e-07
1.75922e-09
0
0
0
0
0
0
0
0
0
0
0
0
0
0
0
0
0
0
0
0
0
0
0
0
0
0
