VARIABLEs = X,u
ZONE I=101
datapacking=block
0
0.01
0.02
0.03
0.04
0.05
0.06
0.07
0.08
0.09
0.1
0.11
0.12
0.13
0.14
0.15
0.16
0.17
0.18
0.19
0.2
0.21
0.22
0.23
0.24
0.25
0.26
0.27
0.28
0.29
0.3
0.31
0.32
0.33
0.34
0.35
0.36
0.37
0.38
0.39
0.4
0.41
0.42
0.43
0.44
0.45
0.46
0.47
0.48
0.49
0.5
0.51
0.52
0.53
0.54
0.55
0.56
0.57
0.58
0.59
0.6
0.61
0.62
0.63
0.64
0.65
0.66
0.67
0.68
0.69
0.7
0.71
0.72
0.73
0.74
0.75
0.76
0.77
0.78
0.79
0.8
0.81
0.82
0.83
0.84
0.85
0.86
0.87
0.88
0.89
0.9
0.91
0.92
0.93
0.94
0.95
0.96
0.97
0.98
0.99
1
0
7.03687e-33
7.03687e-33
7.77575e-30
-1.36405e-27
1.58382e-25
-1.34898e-23
8.98867e-22
-4.87856e-20
2.21724e-18
-8.60971e-17
2.90017e-15
-8.57564e-14
2.24713e-12
-5.25833e-11
1.10579e-09
-2.10081e-08
3.62168e-07
-5.68669e-06
8.15835e-05
-0.00107225
0.0129395
-0.143644
1.46926
-13.8648
120.834
-973.399
7252.49
-49999.9
319044
-1.8844e+06
1.03019e+07
-5.21191e+07
2.43932e+08
-1.0557e+09
4.22251e+09
-1.55981e+10
5.31766e+10
-1.67174e+11
4.84222e+11
-1.29111e+12
3.16626e+12
-7.13551e+12
1.47658e+13
-2.8038e+13
4.88259e+13
-7.79453e+13
1.14043e+14
-1.52922e+14
1.87957e+14
-2.1183e+14
2.19016e+14
-2.07877e+14
1.81263e+14
-1.4533e+14
1.07233e+14
-7.28829e+13
4.56707e+13
-2.64082e+13
1.4102e+13
-6.95958e+12
3.17629e+12
-1.3412e+12
5.23694e+11
-1.87112e+11
5.33352e+10
1.67487e+10
-1.1398e+11
3.60634e+11
-1.01064e+12
2.60122e+12
-6.16344e+12
1.34369e+13
-2.69333e+13
4.96035e+13
-8.38944e+13
1.30252e+14
-1.85595e+14
2.42697e+14
-2.91295e+14
3.21e+14
-3.24924e+14
3.02288e+14
-2.58657e+14
2.03719e+14
-1.47808e+14
9.88756e+13
-6.10327e+13
3.47909e+13
-1.83283e+13
8.92945e+12
-4.02558e+12
1.68015e+12
-6.4945e+11
2.32562e+11
-7.71584e+10
2.37179e+10
-6.75385e+09
1.78103e+09
-4.34735e+08
9.81565e+07
