VARIABLEs = X,u
ZONE I=101
datapacking=block
0
0.01
0.02
0.03
0.04
0.05
0.06
0.07
0.08
0.09
0.1
0.11
0.12
0.13
0.14
0.15
0.16
0.17
0.18
0.19
0.2
0.21
0.22
0.23
0.24
0.25
0.26
0.27
0.28
0.29
0.3
0.31
0.32
0.33
0.34
0.35
0.36
0.37
0.38
0.39
0.4
0.41
0.42
0.43
0.44
0.45
0.46
0.47
0.48
0.49
0.5
0.51
0.52
0.53
0.54
0.55
0.56
0.57
0.58
0.59
0.6
0.61
0.62
0.63
0.64
0.65
0.66
0.67
0.68
0.69
0.7
0.71
0.72
0.73
0.74
0.75
0.76
0.77
0.78
0.79
0.8
0.81
0.82
0.83
0.84
0.85
0.86
0.87
0.88
0.89
0.9
0.91
0.92
0.93
0.94
0.95
0.96
0.97
0.98
0.99
1
0
1.18059e-49
1.18059e-49
1.98457e-46
-5.38656e-44
9.7018e-42
-1.29214e-39
1.35732e-37
-1.17117e-35
8.53633e-34
-5.36413e-32
2.95159e-30
-1.43961e-28
6.28538e-27
-2.47644e-25
8.86456e-24
-2.89931e-22
8.70679e-21
-2.41086e-19
6.17765e-18
-1.46962e-16
3.25492e-15
-6.72844e-14
1.30103e-12
-2.35787e-11
4.01213e-10
-6.42007e-09
9.6745e-08
-1.37465e-06
1.84386e-05
-0.000233709
0.00280178
-0.0317948
0.341789
-3.48274
33.6582
-308.662
2687.11
-22215.7
174477
-1.30208e+06
9.2351e+06
-6.22617e+07
3.99045e+08
-2.4315e+09
1.40859e+10
-7.75795e+10
4.06197e+11
-2.02168e+12
9.5636e+12
-4.29923e+13
1.83628e+14
-7.45025e+14
2.87065e+15
-1.05015e+16
3.64632e+16
-1.20133e+17
3.7543e+17
-1.11254e+18
3.12517e+18
-8.3187e+18
2.09755e+19
-5.00844e+19
1.1321e+20
-2.42176e+20
4.90138e+20
-9.38287e+20
1.69859e+21
-2.90734e+21
4.70433e+21
-7.19528e+21
1.04022e+22
-1.42141e+22
1.83593e+22
-2.24164e+22
2.58767e+22
-2.82459e+22
2.91609e+22
-2.84805e+22
2.63219e+22
-2.3027e+22
1.90742e+22
-1.49655e+22
1.11255e+22
-7.83939e+21
5.23752e+21
-3.31881e+21
1.99482e+21
-1.13648e+21
6.10514e+20
-3.00536e+20
1.13398e+20
2.55091e+19
-1.8403e+20
4.38725e+20
-8.90991e+20
1.67983e+21
-2.98532e+21
5.01517e+21
-7.96809e+21
1.19731e+22
