VARIABLEs = X,u
ZONE I=101
datapacking=block
0
0.01
0.02
0.03
0.04
0.05
0.06
0.07
0.08
0.09
0.1
0.11
0.12
0.13
0.14
0.15
0.16
0.17
0.18
0.19
0.2
0.21
0.22
0.23
0.24
0.25
0.26
0.27
0.28
0.29
0.3
0.31
0.32
0.33
0.34
0.35
0.36
0.37
0.38
0.39
0.4
0.41
0.42
0.43
0.44
0.45
0.46
0.47
0.48
0.49
0.5
0.51
0.52
0.53
0.54
0.55
0.56
0.57
0.58
0.59
0.6
0.61
0.62
0.63
0.64
0.65
0.66
0.67
0.68
0.69
0.7
0.71
0.72
0.73
0.74
0.75
0.76
0.77
0.78
0.79
0.8
0.81
0.82
0.83
0.84
0.85
0.86
0.87
0.88
0.89
0.9
0.91
0.92
0.93
0.94
0.95
0.96
0.97
0.98
0.99
1
0
1.15292e-42
1.15292e-42
1.66136e-39
-3.84475e-37
5.89957e-35
-6.67721e-33
5.94547e-31
-4.33714e-29
2.6654e-27
-1.4083e-25
6.497e-24
-2.64898e-22
9.63883e-21
-3.1551e-19
9.35247e-18
-2.52461e-16
6.23568e-15
-1.41505e-13
2.96068e-12
-5.72902e-11
1.02803e-09
-1.71471e-08
2.66399e-07
-3.86213e-06
5.2332e-05
-0.000663696
0.00788806
-0.0879516
0.920875
-9.06144
83.8571
-730.278
5987.69
-46241.1
336461
-2.30719e+06
1.49122e+07
-9.08559e+07
5.21824e+08
-2.82512e+09
1.44161e+10
-6.93242e+10
3.14091e+11
-1.34043e+12
5.38662e+12
-2.0376e+13
7.25237e+13
-2.42783e+14
7.64081e+14
-2.25965e+15
6.27646e+15
-1.63664e+16
4.0045e+16
-9.18972e+16
1.97709e+17
-3.98608e+17
7.5285e+17
-1.33163e+18
2.20531e+18
-3.41894e+18
4.96149e+18
-6.73944e+18
8.56948e+18
-1.02015e+19
1.13723e+19
-1.18748e+19
1.16184e+19
-1.06555e+19
9.1643e+18
-7.39469e+18
5.60074e+18
-3.98372e+18
2.66234e+18
-1.67255e+18
9.88187e+17
-5.49304e+17
2.87295e+17
-1.411e+17
6.40763e+16
-2.39528e+16
-1.1226e+15
2.83304e+16
-7.68144e+16
1.7503e+17
-3.68386e+17
7.25413e+17
-1.33871e+18
2.31531e+18
-3.75216e+18
5.6968e+18
-8.10251e+18
1.07954e+19
-1.34745e+19
1.57578e+19
-1.72693e+19
1.77402e+19
-1.70879e+19
1.54389e+19
-1.30895e+19
1.04181e+19
