VARIABLEs = X,u
ZONE I=101
datapacking=block
0
0.01
0.02
0.03
0.04
0.05
0.06
0.07
0.08
0.09
0.1
0.11
0.12
0.13
0.14
0.15
0.16
0.17
0.18
0.19
0.2
0.21
0.22
0.23
0.24
0.25
0.26
0.27
0.28
0.29
0.3
0.31
0.32
0.33
0.34
0.35
0.36
0.37
0.38
0.39
0.4
0.41
0.42
0.43
0.44
0.45
0.46
0.47
0.48
0.49
0.5
0.51
0.52
0.53
0.54
0.55
0.56
0.57
0.58
0.59
0.6
0.61
0.62
0.63
0.64
0.65
0.66
0.67
0.68
0.69
0.7
0.71
0.72
0.73
0.74
0.75
0.76
0.77
0.78
0.79
0.8
0.81
0.82
0.83
0.84
0.85
0.86
0.87
0.88
0.89
0.9
0.91
0.92
0.93
0.94
0.95
0.96
0.97
0.98
0.99
1
0
4.72237e-51
4.72237e-51
8.16497e-48
-2.28146e-45
4.23086e-43
-5.80414e-41
6.28272e-39
-5.58865e-37
4.20117e-35
-2.72401e-33
1.54731e-31
-7.79444e-30
3.51647e-28
-1.43238e-26
5.30355e-25
-1.79522e-23
5.58257e-22
-1.60158e-20
4.25456e-19
-1.04991e-17
2.41366e-16
-5.18221e-15
1.04146e-13
-1.96301e-12
3.47643e-11
-5.79389e-10
9.10033e-09
-1.34883e-07
1.88875e-06
-2.5013e-05
0.000313573
-0.00372444
0.0419432
-0.44816
4.54609
-43.8033
401.091
-3491.58
28906.5
-227664
1.70618e+06
-1.21695e+07
8.26234e+07
-5.3403e+08
3.28617e+09
-1.92526e+10
1.07389e+11
-5.70269e+11
2.88283e+12
-1.38717e+13
6.35259e+13
-2.76827e+14
1.14767e+15
-4.52567e+15
1.69706e+16
-6.04994e+16
2.04983e+17
-6.59891e+17
2.01781e+18
-5.85874e+18
1.61476e+19
-4.22328e+19
1.04784e+20
-2.46551e+20
5.49995e+20
-1.16286e+21
2.32972e+21
-4.42165e+21
7.94846e+21
-1.35309e+22
2.181e+22
-3.32838e+22
4.80879e+22
-6.5775e+22
8.51773e+22
-1.04438e+23
1.21259e+23
-1.3334e+23
1.38893e+23
-1.37079e+23
1.28216e+23
-1.13688e+23
9.55908e+22
-7.62394e+22
5.76958e+22
-4.1443e+22
2.82644e+22
-1.83076e+22
1.12638e+22
-6.57835e+21
3.63134e+21
-1.85231e+21
7.67125e+20
1.14778e+19
-8.31494e+20
2.0704e+21
-4.20901e+21
7.89102e+21
-1.39412e+22
2.33097e+22
