VARIABLEs = X,u
ZONE I=101
datapacking=block
0
0.01
0.02
0.03
0.04
0.05
0.06
0.07
0.08
0.09
0.1
0.11
0.12
0.13
0.14
0.15
0.16
0.17
0.18
0.19
0.2
0.21
0.22
0.23
0.24
0.25
0.26
0.27
0.28
0.29
0.3
0.31
0.32
0.33
0.34
0.35
0.36
0.37
0.38
0.39
0.4
0.41
0.42
0.43
0.44
0.45
0.46
0.47
0.48
0.49
0.5
0.51
0.52
0.53
0.54
0.55
0.56
0.57
0.58
0.59
0.6
0.61
0.62
0.63
0.64
0.65
0.66
0.67
0.68
0.69
0.7
0.71
0.72
0.73
0.74
0.75
0.76
0.77
0.78
0.79
0.8
0.81
0.82
0.83
0.84
0.85
0.86
0.87
0.88
0.89
0.9
0.91
0.92
0.93
0.94
0.95
0.96
0.97
0.98
0.99
1
0
1.6384e-10
1.6384e-10
5.52141e-08
-2.61931e-06
8.06212e-05
-0.00169891
0.0260713
-0.30049
2.64652
-17.9408
93.5692
-372.678
1117.98
-2478.17
3979.25
-4590.51
3876.88
-2444.08
1174.71
-432.957
125.298
-26.5577
5.68987
0.398246
1.05637
0.99636
1.00014
0.999997
1
1
1
1
0.999999
1.00003
0.999335
1.01076
0.868096
2.24755
-8.19328
53.9286
-236.322
822.646
-2166.04
4281.95
-6233.91
6662.09
-5292.67
3179.08
-1464.93
522.967
-145.246
31.3241
-5.19827
0.651661
-0.0597323
0.00377957
-0.00014764
2.68435e-06
0
0
0
0
0
0
0
0
0
0
0
0
0
0
0
0
0
0
0
0
0
0
0
0
0
0
0
0
0
0
0
0
0
0
0
0
0
0
0
0
0
0
