VARIABLEs = X,u
ZONE I=101
datapacking=block
0
0.01
0.02
0.03
0.04
0.05
0.06
0.07
0.08
0.09
0.1
0.11
0.12
0.13
0.14
0.15
0.16
0.17
0.18
0.19
0.2
0.21
0.22
0.23
0.24
0.25
0.26
0.27
0.28
0.29
0.3
0.31
0.32
0.33
0.34
0.35
0.36
0.37
0.38
0.39
0.4
0.41
0.42
0.43
0.44
0.45
0.46
0.47
0.48
0.49
0.5
0.51
0.52
0.53
0.54
0.55
0.56
0.57
0.58
0.59
0.6
0.61
0.62
0.63
0.64
0.65
0.66
0.67
0.68
0.69
0.7
0.71
0.72
0.73
0.74
0.75
0.76
0.77
0.78
0.79
0.8
0.81
0.82
0.83
0.84
0.85
0.86
0.87
0.88
0.89
0.9
0.91
0.92
0.93
0.94
0.95
0.96
0.97
0.98
0.99
1
0
5.03951e-24
2.25296e-23
9.5088e-23
3.99919e-22
1.6816e-21
7.07073e-21
2.97303e-20
1.25e-19
5.25476e-19
2.2081e-18
9.27022e-18
3.88482e-17
1.62266e-16
6.74134e-16
2.77801e-15
1.13182e-14
4.54293e-14
1.78996e-13
6.89959e-13
2.59387e-12
9.4862e-12
3.36775e-11
1.15873e-10
3.85907e-10
1.24301e-09
3.87e-09
1.16426e-08
3.38406e-08
9.50324e-08
2.57871e-07
6.76258e-07
1.71439e-06
4.20258e-06
9.9647e-06
2.28608e-05
5.07619e-05
0.000109128
0.000227209
0.000458275
0.000895696
0.00169683
0.00311646
0.00555036
0.00958736
0.0160645
0.0261145
0.0411904
0.0630447
0.0936415
0.134983
0.18884
0.256406
0.337905
0.432231
0.5367
0.64701
0.757484
0.861617
0.952886
1.0257
1.07633
1.10355
1.10896
1.09668
1.07263
1.04347
1.01538
0.993052
0.979032
0.973601
0.975124
0.980744
0.987199
0.99152
0.99145
0.985511
0.972784
0.952543
0.923892
0.885591
0.836117
0.773998
0.698307
0.609225
0.508489
0.399617
0.287805
0.179457
0.0814038
-7.96911e-05
-0.060284
-0.0968862
-0.110394
-0.104084
-0.0834192
-0.055041
-0.0255658
-0.000443918
0.0168546
0.0251613
