VARIABLEs = X,u
ZONE I=101
datapacking=block
0
0.01
0.02
0.03
0.04
0.05
0.06
0.07
0.08
0.09
0.1
0.11
0.12
0.13
0.14
0.15
0.16
0.17
0.18
0.19
0.2
0.21
0.22
0.23
0.24
0.25
0.26
0.27
0.28
0.29
0.3
0.31
0.32
0.33
0.34
0.35
0.36
0.37
0.38
0.39
0.4
0.41
0.42
0.43
0.44
0.45
0.46
0.47
0.48
0.49
0.5
0.51
0.52
0.53
0.54
0.55
0.56
0.57
0.58
0.59
0.6
0.61
0.62
0.63
0.64
0.65
0.66
0.67
0.68
0.69
0.7
0.71
0.72
0.73
0.74
0.75
0.76
0.77
0.78
0.79
0.8
0.81
0.82
0.83
0.84
0.85
0.86
0.87
0.88
0.89
0.9
0.91
0.92
0.93
0.94
0.95
0.96
0.97
0.98
0.99
1
0
4.0925e-12
1.82954e-11
7.71973e-11
3.24208e-10
1.35611e-09
5.6208e-09
2.28977e-08
9.0763e-08
3.46486e-07
1.26243e-06
4.3597e-06
1.42021e-05
4.35148e-05
0.000125221
0.000338287
0.000858181
0.00204576
0.00458691
0.00968356
0.0192697
0.0361838
0.0641804
0.107639
0.170853
0.256888
0.3662
0.495392
0.636639
0.778256
0.906579
1.00885
1.07634
1.10665
1.10433
1.07949
1.04479
1.01194
0.98884
0.978329
0.978705
0.985581
0.994126
1.0008
1.00408
1.00424
1.00245
0.999842
0.996839
0.992784
0.985909
0.973397
0.951499
0.915769
0.861588
0.785103
0.684543
0.561623
0.422505
0.277755
0.140927
0.025898
-0.0564143
-0.100902
-0.109642
-0.0911978
-0.0580227
-0.0228536
0.00461579
0.0196715
0.022633
0.0173117
0.00872686
0.00106274
-0.00345612
-0.00461732
-0.003515
-0.00161217
-2.37585e-05
0.000772133
0.000843048
0.000523891
0.000149686
-8.88668e-05
-0.000158148
-0.000117801
-4.58837e-05
6.81004e-06
2.61744e-05
2.17865e-05
9.35668e-06
-3.57868e-07
-4.11109e-06
-3.53316e-06
-1.50098e-06
6.36797e-08
6.30515e-07
5.12861e-07
1.96037e-07
-2.61666e-08
-9.30001e-08
