VARIABLEs = X,u
ZONE I=101
datapacking=block
0
0.01
0.02
0.03
0.04
0.05
0.06
0.07
0.08
0.09
0.1
0.11
0.12
0.13
0.14
0.15
0.16
0.17
0.18
0.19
0.2
0.21
0.22
0.23
0.24
0.25
0.26
0.27
0.28
0.29
0.3
0.31
0.32
0.33
0.34
0.35
0.36
0.37
0.38
0.39
0.4
0.41
0.42
0.43
0.44
0.45
0.46
0.47
0.48
0.49
0.5
0.51
0.52
0.53
0.54
0.55
0.56
0.57
0.58
0.59
0.6
0.61
0.62
0.63
0.64
0.65
0.66
0.67
0.68
0.69
0.7
0.71
0.72
0.73
0.74
0.75
0.76
0.77
0.78
0.79
0.8
0.81
0.82
0.83
0.84
0.85
0.86
0.87
0.88
0.89
0.9
0.91
0.92
0.93
0.94
0.95
0.96
0.97
0.98
0.99
1
0
3.37696e-24
1.5097e-23
6.37181e-23
2.67984e-22
1.12683e-21
4.73807e-21
1.99222e-20
8.37631e-20
3.52132e-19
1.47978e-18
6.21337e-18
2.60452e-17
1.08842e-16
4.52553e-16
1.86722e-15
7.6208e-15
3.06598e-14
1.21159e-13
4.68676e-13
1.76925e-12
6.50071e-12
2.31978e-11
8.0263e-11
2.68914e-10
8.71659e-10
2.73184e-09
8.27527e-09
2.42246e-08
6.85282e-08
1.87354e-07
4.9512e-07
1.26508e-06
3.12606e-06
7.47282e-06
1.72867e-05
3.87092e-05
8.39327e-05
0.000176276
0.000358695
0.000707373
0.00135231
0.00250672
0.00450647
0.00785864
0.0132957
0.021827
0.034773
0.053765
0.080686
0.117533
0.16619
0.228108
0.303934
0.393134
0.493688
0.601961
0.712824
0.820075
0.917136
0.997963
1.05798
1.09489
1.1091
1.10369
1.0839
1.05618
1.02702
1.00179
0.984022
0.974942
0.973689
0.977854
0.984266
0.989761
0.991732
0.988353
0.978481
0.961335
0.936125
0.90178
0.856903
0.79999
0.729862
0.646205
0.550081
0.444256
0.333237
0.222964
0.120148
0.0313677
-0.0379424
-0.0844087
-0.107332
-0.108848
-0.0935587
-0.0677013
-0.0380051
-0.0105051
0.0104294
0.0226373
