VARIABLEs = X,u
ZONE I=101
datapacking=block
0
0.01
0.02
0.03
0.04
0.05
0.06
0.07
0.08
0.09
0.1
0.11
0.12
0.13
0.14
0.15
0.16
0.17
0.18
0.19
0.2
0.21
0.22
0.23
0.24
0.25
0.26
0.27
0.28
0.29
0.3
0.31
0.32
0.33
0.34
0.35
0.36
0.37
0.38
0.39
0.4
0.41
0.42
0.43
0.44
0.45
0.46
0.47
0.48
0.49
0.5
0.51
0.52
0.53
0.54
0.55
0.56
0.57
0.58
0.59
0.6
0.61
0.62
0.63
0.64
0.65
0.66
0.67
0.68
0.69
0.7
0.71
0.72
0.73
0.74
0.75
0.76
0.77
0.78
0.79
0.8
0.81
0.82
0.83
0.84
0.85
0.86
0.87
0.88
0.89
0.9
0.91
0.92
0.93
0.94
0.95
0.96
0.97
0.98
0.99
1
0
3.36798e-20
1.50568e-19
6.35487e-19
2.67271e-18
1.12382e-17
4.72506e-17
1.98624e-16
8.34472e-16
3.50108e-15
1.46476e-14
6.09663e-14
2.51615e-13
1.02548e-12
4.10827e-12
1.61026e-11
6.1479e-11
2.27759e-10
8.16139e-10
2.82178e-09
9.39649e-09
3.00987e-08
9.26674e-08
2.74104e-07
7.7884e-07
2.12591e-06
5.57563e-06
1.40547e-05
3.40636e-05
7.94099e-05
0.000178138
0.000384704
0.00080014
0.00160344
0.00309707
0.00576794
0.010361
0.0179566
0.0300334
0.0484888
0.0755828
0.113769
0.165391
0.232242
0.315046
0.412926
0.523022
0.640377
0.758229
0.868736
0.964089
1.03781
1.08594
1.10789
1.10654
1.08773
1.05903
1.02821
1.00175
0.98372
0.975413
0.975598
0.981366
0.989195
0.99591
0.99927
0.998079
0.991878
0.9804
0.963025
0.938429
0.904539
0.858831
0.798878
0.723048
0.631205
0.525243
0.409326
0.289728
0.1742
0.0709425
-0.0127068
-0.0715749
-0.103667
-0.110599
-0.0972954
-0.0709796
-0.0396824
-0.010642
0.0109988
0.0228828
0.0253867
0.0209234
0.012872
0.00448416
-0.00192303
-0.00531965
-0.00585908
-0.00446054
-0.00228668
-0.000308068
