VARIABLEs = X,u
ZONE I=101
datapacking=block
0
0.01
0.02
0.03
0.04
0.05
0.06
0.07
0.08
0.09
0.1
0.11
0.12
0.13
0.14
0.15
0.16
0.17
0.18
0.19
0.2
0.21
0.22
0.23
0.24
0.25
0.26
0.27
0.28
0.29
0.3
0.31
0.32
0.33
0.34
0.35
0.36
0.37
0.38
0.39
0.4
0.41
0.42
0.43
0.44
0.45
0.46
0.47
0.48
0.49
0.5
0.51
0.52
0.53
0.54
0.55
0.56
0.57
0.58
0.59
0.6
0.61
0.62
0.63
0.64
0.65
0.66
0.67
0.68
0.69
0.7
0.71
0.72
0.73
0.74
0.75
0.76
0.77
0.78
0.79
0.8
0.81
0.82
0.83
0.84
0.85
0.86
0.87
0.88
0.89
0.9
0.91
0.92
0.93
0.94
0.95
0.96
0.97
0.98
0.99
1
0
4.99942e-12
2.23498e-11
9.43027e-11
3.96009e-10
1.65593e-09
6.85845e-09
2.79005e-08
1.10346e-07
4.19917e-07
1.52381e-06
5.23694e-06
1.69658e-05
5.16667e-05
0.000147705
0.000396255
0.000997906
0.0023608
0.00525171
0.0109973
0.021702
0.0404033
0.0710386
0.118077
0.185711
0.276633
0.390621
0.523373
0.666125
0.806494
0.930639
1.02631
1.08594
1.10862
1.10034
1.07216
1.03689
1.00568
0.985363
0.977627
0.979949
0.987621
0.995969
1.00189
1.00436
1.00393
1.00189
0.999244
0.996197
0.991848
0.984204
0.970244
0.946047
0.907055
0.848676
0.767315
0.66177
0.534605
0.392973
0.248302
0.114576
0.0054297
-0.0691762
-0.105603
-0.107496
-0.0846206
-0.0499015
-0.0157286
0.00917339
0.0212824
0.0219107
0.0153831
0.00670413
-0.000329053
-0.00399657
-0.00448312
-0.00305976
-0.0011591
0.000249059
0.000840945
0.000779524
0.000421169
7.214e-05
-0.000120109
-0.000153441
-9.85014e-05
-2.88544e-05
1.47945e-05
2.63317e-05
1.84511e-05
6.15856e-06
-1.90691e-06
-4.19231e-06
-2.96964e-06
-9.66457e-07
3.08353e-07
6.32297e-07
4.19279e-07
1.16046e-07
-5.77397e-08
-8.92513e-08
