VARIABLEs = X,u
ZONE I=101
datapacking=block
0
0.01
0.02
0.03
0.04
0.05
0.06
0.07
0.08
0.09
0.1
0.11
0.12
0.13
0.14
0.15
0.16
0.17
0.18
0.19
0.2
0.21
0.22
0.23
0.24
0.25
0.26
0.27
0.28
0.29
0.3
0.31
0.32
0.33
0.34
0.35
0.36
0.37
0.38
0.39
0.4
0.41
0.42
0.43
0.44
0.45
0.46
0.47
0.48
0.49
0.5
0.51
0.52
0.53
0.54
0.55
0.56
0.57
0.58
0.59
0.6
0.61
0.62
0.63
0.64
0.65
0.66
0.67
0.68
0.69
0.7
0.71
0.72
0.73
0.74
0.75
0.76
0.77
0.78
0.79
0.8
0.81
0.82
0.83
0.84
0.85
0.86
0.87
0.88
0.89
0.9
0.91
0.92
0.93
0.94
0.95
0.96
0.97
0.98
0.99
1
0
2.48946e-17
1.11293e-16
4.69722e-16
1.9755e-15
8.30553e-15
3.49041e-14
1.46515e-13
6.13329e-13
2.55334e-12
1.05281e-11
4.27708e-11
1.70196e-10
6.59472e-10
2.47492e-09
8.95537e-09
3.11341e-08
1.0373e-07
3.30626e-07
1.0071e-06
2.93003e-06
8.14092e-06
2.16037e-05
5.4774e-05
0.000132739
0.000307628
0.000682174
0.00144827
0.00294531
0.00574079
0.0107298
0.0192396
0.0331107
0.0547115
0.0868315
0.132404
0.194032
0.273346
0.370287
0.482489
0.604965
0.730297
0.849445
0.9531
1.03337
1.08536
1.10828
1.10563
1.08442
1.05357
1.02191
0.996345
0.980686
0.975412
0.978329
0.985792
0.994044
1.00023
1.00281
1.00146
0.996404
0.987756
0.974892
0.956156
0.928907
0.889891
0.83586
0.764331
0.674384
0.567359
0.447288
0.320869
0.196865
0.0848999
-0.00617606
-0.0700075
-0.104096
-0.110383
-0.0948299
-0.0660401
-0.0332921
-0.00452538
0.0151549
0.0240762
0.023623
0.0171264
0.00846264
0.000830543
-0.00395641
-0.00556625
-0.00475801
-0.00276596
-0.000729793
0.000649332
0.00118038
0.00104866
0.000597711
0.000138406
-0.000153119
-0.000244139
-0.000194725
