VARIABLEs = X,u
ZONE I=101
datapacking=block
0
0.01
0.02
0.03
0.04
0.05
0.06
0.07
0.08
0.09
0.1
0.11
0.12
0.13
0.14
0.15
0.16
0.17
0.18
0.19
0.2
0.21
0.22
0.23
0.24
0.25
0.26
0.27
0.28
0.29
0.3
0.31
0.32
0.33
0.34
0.35
0.36
0.37
0.38
0.39
0.4
0.41
0.42
0.43
0.44
0.45
0.46
0.47
0.48
0.49
0.5
0.51
0.52
0.53
0.54
0.55
0.56
0.57
0.58
0.59
0.6
0.61
0.62
0.63
0.64
0.65
0.66
0.67
0.68
0.69
0.7
0.71
0.72
0.73
0.74
0.75
0.76
0.77
0.78
0.79
0.8
0.81
0.82
0.83
0.84
0.85
0.86
0.87
0.88
0.89
0.9
0.91
0.92
0.93
0.94
0.95
0.96
0.97
0.98
0.99
1
0
2.24787e-14
1.00493e-13
4.24122e-13
1.7833e-12
7.49e-12
3.13776e-11
1.30674e-10
5.38098e-10
2.17558e-09
8.5682e-09
3.26181e-08
1.19226e-07
4.16239e-07
1.3827e-06
4.35971e-06
1.3029e-05
3.68819e-05
9.88859e-05
0.000251192
0.000604878
0.00138172
0.00299639
0.00617369
0.0120949
0.0225472
0.0400248
0.0677012
0.109184
0.16798
0.246679
0.345944
0.463578
0.593972
0.728269
0.855442
0.96419
1.04527
1.09365
1.10969
1.09912
1.07148
1.03765
1.0072
0.986339
0.977094
0.977817
0.98463
0.993201
1.00018
1.00387
1.00416
1.0018
0.997593
0.991605
0.982805
0.968954
0.946787
0.912393
0.861788
0.791679
0.700413
0.588955
0.461625
0.326245
0.193423
0.0748993
-0.0187477
-0.0804747
-0.108489
-0.106698
-0.0836679
-0.0503521
-0.0173038
0.00774414
0.0212083
0.0235981
0.0182897
0.00973058
0.0017764
-0.00331697
-0.00507224
-0.00431134
-0.00238744
-0.0005007
0.000676014
0.00102958
0.000811671
0.00038148
1.4645e-05
-0.000170446
-0.000188206
-0.000116509
-3.25242e-05
2.05571e-05
3.55687e-05
2.62163e-05
1.00331e-05
-1.72378e-06
-5.99891e-06
-4.96638e-06
