VARIABLEs = X,u
ZONE I=101
datapacking=block
0
0.01
0.02
0.03
0.04
0.05
0.06
0.07
0.08
0.09
0.1
0.11
0.12
0.13
0.14
0.15
0.16
0.17
0.18
0.19
0.2
0.21
0.22
0.23
0.24
0.25
0.26
0.27
0.28
0.29
0.3
0.31
0.32
0.33
0.34
0.35
0.36
0.37
0.38
0.39
0.4
0.41
0.42
0.43
0.44
0.45
0.46
0.47
0.48
0.49
0.5
0.51
0.52
0.53
0.54
0.55
0.56
0.57
0.58
0.59
0.6
0.61
0.62
0.63
0.64
0.65
0.66
0.67
0.68
0.69
0.7
0.71
0.72
0.73
0.74
0.75
0.76
0.77
0.78
0.79
0.8
0.81
0.82
0.83
0.84
0.85
0.86
0.87
0.88
0.89
0.9
0.91
0.92
0.93
0.94
0.95
0.96
0.97
0.98
0.99
1
0
1.23633e-18
5.52712e-18
2.33277e-17
9.81101e-17
4.12517e-16
1.73416e-15
7.28629e-15
3.05723e-14
1.27894e-13
5.32006e-13
2.19216e-12
8.90556e-12
3.54813e-11
1.37911e-10
5.20424e-10
1.89883e-09
6.67666e-09
2.25689e-08
7.32137e-08
2.27678e-07
6.78297e-07
1.93543e-06
5.28924e-06
1.3847e-05
3.47382e-05
8.35464e-05
0.000192717
0.000426575
0.000906504
0.00185035
0.00362952
0.00684458
0.0124143
0.021664
0.0363864
0.0588373
0.0916207
0.137424
0.198588
0.276534
0.37114
0.480205
0.59917
0.721271
0.838217
0.941348
1.0231
1.07844
1.10594
1.10809
1.0908
1.06212
1.03051
1.00308
0.98436
0.975814
0.976135
0.982222
0.990385
0.99741
1.00118
1.00076
0.995984
0.986854
0.972898
0.95279
0.924289
0.884523
0.830549
0.760084
0.672257
0.568269
0.451781
0.328898
0.207645
0.0969334
0.00513285
-0.0614517
-0.0998542
-0.111102
-0.100022
-0.0741957
-0.042298
-0.0122681
0.0102073
0.0225062
0.0250223
0.0203684
0.0121637
0.0038182
-0.00233134
-0.00535425
-0.00555277
-0.00396624
-0.00179891
2.00336e-05
0.00103844
0.00125269
0.000935624
0.000431748
