VARIABLEs = X,u
ZONE I=101
datapacking=block
0
0.01
0.02
0.03
0.04
0.05
0.06
0.07
0.08
0.09
0.1
0.11
0.12
0.13
0.14
0.15
0.16
0.17
0.18
0.19
0.2
0.21
0.22
0.23
0.24
0.25
0.26
0.27
0.28
0.29
0.3
0.31
0.32
0.33
0.34
0.35
0.36
0.37
0.38
0.39
0.4
0.41
0.42
0.43
0.44
0.45
0.46
0.47
0.48
0.49
0.5
0.51
0.52
0.53
0.54
0.55
0.56
0.57
0.58
0.59
0.6
0.61
0.62
0.63
0.64
0.65
0.66
0.67
0.68
0.69
0.7
0.71
0.72
0.73
0.74
0.75
0.76
0.77
0.78
0.79
0.8
0.81
0.82
0.83
0.84
0.85
0.86
0.87
0.88
0.89
0.9
0.91
0.92
0.93
0.94
0.95
0.96
0.97
0.98
0.99
1
0
0.0496626
0.169604
0.393712
0.680793
0.930164
1.06329
1.08143
1.04373
1.00697
0.992262
0.993208
0.997841
1.00036
1.00067
1.00027
1
0.999949
0.999976
0.999998
1
1
1
1
1
1
1
1
1
1
1
0.984897
0.906098
0.713385
0.425549
0.14244
-0.0346838
-0.0830773
-0.0548515
-0.0147895
0.00549203
0.00740382
0.00308152
2.83218e-05
-0.000660821
-0.000346233
-3.99283e-05
4.66349e-05
2.86164e-05
4.54331e-06
-2.85856e-06
-1.93044e-06
-3.35469e-07
1.60825e-07
1.11745e-07
1.917e-08
-8.52118e-09
-5.70477e-09
-8.98608e-10
4.26849e-10
2.60987e-10
3.52132e-11
-2.00797e-11
-1.08024e-11
-1.14173e-12
8.79973e-13
4.06823e-13
2.87327e-14
-3.57404e-14
-1.39808e-14
-4.10557e-16
1.34264e-15
4.38554e-16
-8.73565e-18
-4.66591e-17
-1.25189e-17
1.01891e-18
1.50167e-18
3.2247e-19
-5.28601e-20
-4.48114e-20
-7.35131e-21
2.12005e-21
1.24054e-21
1.41447e-22
-7.30421e-23
-3.1833e-23
-1.97058e-24
2.25036e-24
7.54733e-25
2.84809e-27
-6.32299e-26
-1.64115e-26
1.09994e-27
1.63767e-27
3.22208e-28
-5.28784e-29
-3.93182e-29
-5.51361e-30
1.78025e-30
8.76666e-31
