VARIABLEs = X,u
ZONE I=101
datapacking=block
0
0.01
0.02
0.03
0.04
0.05
0.06
0.07
0.08
0.09
0.1
0.11
0.12
0.13
0.14
0.15
0.16
0.17
0.18
0.19
0.2
0.21
0.22
0.23
0.24
0.25
0.26
0.27
0.28
0.29
0.3
0.31
0.32
0.33
0.34
0.35
0.36
0.37
0.38
0.39
0.4
0.41
0.42
0.43
0.44
0.45
0.46
0.47
0.48
0.49
0.5
0.51
0.52
0.53
0.54
0.55
0.56
0.57
0.58
0.59
0.6
0.61
0.62
0.63
0.64
0.65
0.66
0.67
0.68
0.69
0.7
0.71
0.72
0.73
0.74
0.75
0.76
0.77
0.78
0.79
0.8
0.81
0.82
0.83
0.84
0.85
0.86
0.87
0.88
0.89
0.9
0.91
0.92
0.93
0.94
0.95
0.96
0.97
0.98
0.99
1
0
0.201627
0.530508
0.862865
1.04587
1.07166
1.0329
1.00231
0.994497
0.996958
0.999597
1.00032
1.00019
1.00003
0.999984
0.999991
0.999999
1
1
1
1
1
1
1
1
1
1
1
1
1
1
0.893135
0.595772
0.230533
-0.00836884
-0.0707431
-0.0414245
-0.00730686
0.00460347
0.00351261
0.000762722
-0.000243164
-0.000211017
-4.53685e-05
1.20574e-05
1.01098e-05
1.942e-06
-5.6673e-07
-4.06199e-07
-6.41477e-08
2.43029e-08
1.40432e-08
1.64492e-09
-9.27107e-10
-4.23964e-10
-3.01601e-11
3.12933e-11
1.12688e-11
2.10923e-13
-9.38983e-13
-2.64271e-13
1.17328e-14
2.52353e-14
5.43395e-15
-6.95839e-16
-6.11636e-16
-9.57646e-17
2.46224e-17
1.34321e-17
1.3513e-18
-6.97013e-19
-2.67632e-19
-1.14164e-20
1.70532e-20
4.81991e-21
-1.14698e-22
-3.72482e-22
-7.74619e-23
8.58277e-24
7.3796e-24
1.07478e-24
-2.66963e-25
-1.33569e-25
-1.16858e-26
6.42783e-27
2.20977e-27
5.90035e-29
-1.33592e-28
-3.31739e-29
1.51178e-30
2.49166e-30
4.42574e-31
-6.49763e-32
-4.24021e-32
-4.96572e-33
1.62933e-33
6.6208e-34
3.8553e-35
-3.32793e-35
-9.45747e-36
6.7124e-38
