VARIABLEs = X,u
ZONE I=101
datapacking=block
0
0.01
0.02
0.03
0.04
0.05
0.06
0.07
0.08
0.09
0.1
0.11
0.12
0.13
0.14
0.15
0.16
0.17
0.18
0.19
0.2
0.21
0.22
0.23
0.24
0.25
0.26
0.27
0.28
0.29
0.3
0.31
0.32
0.33
0.34
0.35
0.36
0.37
0.38
0.39
0.4
0.41
0.42
0.43
0.44
0.45
0.46
0.47
0.48
0.49
0.5
0.51
0.52
0.53
0.54
0.55
0.56
0.57
0.58
0.59
0.6
0.61
0.62
0.63
0.64
0.65
0.66
0.67
0.68
0.69
0.7
0.71
0.72
0.73
0.74
0.75
0.76
0.77
0.78
0.79
0.8
0.81
0.82
0.83
0.84
0.85
0.86
0.87
0.88
0.89
0.9
0.91
0.92
0.93
0.94
0.95
0.96
0.97
0.98
0.99
1
0
0.00368062
0.0150699
0.0488344
0.127928
0.272915
0.482189
0.719691
0.926921
1.05536
1.0942
1.0712
1.02893
0.998287
0.987886
0.990793
0.996915
1.00064
1.00138
1.00076
1.00011
0.999869
0.999891
0.999968
1.00001
1.00001
1
1
0.999999
0.999999
1
0.999601
0.995716
0.977429
0.922305
0.803562
0.610872
0.369988
0.138967
-0.0229528
-0.0903915
-0.0821469
-0.0412904
-0.00526263
0.0107047
0.0105169
0.0045792
6.11609e-05
-0.00133809
-0.000928129
-0.000237388
9.7235e-05
0.000120503
4.73731e-05
-1.60832e-06
-1.18959e-05
-6.12112e-06
-6.52685e-07
9.61657e-07
6.22088e-07
1.14608e-07
-6.65561e-08
-5.36051e-08
-1.25286e-08
4.08129e-09
4.07888e-09
1.08596e-09
-2.29348e-10
-2.81137e-10
-8.04512e-11
1.22741e-11
1.78531e-11
5.27704e-12
-6.52051e-13
-1.05657e-12
-3.12611e-13
3.54905e-14
5.87185e-14
1.69285e-14
-1.99132e-15
-3.0792e-15
-8.44193e-16
1.13005e-16
1.52812e-16
3.89263e-17
-6.30919e-18
-7.18862e-18
-1.66173e-18
3.3896e-19
3.20817e-19
6.55548e-20
-1.72975e-20
-1.35867e-20
-2.3754e-21
8.33533e-22
5.45958e-22
7.79984e-23
-3.78641e-23
-2.0805e-23
-2.25226e-24
1.62211e-24
