VARIABLEs = X,u
ZONE I=101
datapacking=block
0
0.01
0.02
0.03
0.04
0.05
0.06
0.07
0.08
0.09
0.1
0.11
0.12
0.13
0.14
0.15
0.16
0.17
0.18
0.19
0.2
0.21
0.22
0.23
0.24
0.25
0.26
0.27
0.28
0.29
0.3
0.31
0.32
0.33
0.34
0.35
0.36
0.37
0.38
0.39
0.4
0.41
0.42
0.43
0.44
0.45
0.46
0.47
0.48
0.49
0.5
0.51
0.52
0.53
0.54
0.55
0.56
0.57
0.58
0.59
0.6
0.61
0.62
0.63
0.64
0.65
0.66
0.67
0.68
0.69
0.7
0.71
0.72
0.73
0.74
0.75
0.76
0.77
0.78
0.79
0.8
0.81
0.82
0.83
0.84
0.85
0.86
0.87
0.88
0.89
0.9
0.91
0.92
0.93
0.94
0.95
0.96
0.97
0.98
0.99
1
0
2.47954e-11
1.10845e-10
4.67596e-10
1.96159e-09
8.1766e-09
3.3621e-08
1.34964e-07
5.22857e-07
1.93401e-06
6.77223e-06
2.23152e-05
6.89391e-05
0.0001993
0.000538845
0.00136284
0.00322685
0.00716032
0.0149083
0.0291617
0.0536562
0.0929752
0.151896
0.23422
0.341242
0.470256
0.613711
0.759601
0.893376
1.00109
1.0729
1.1058
1.10436
1.07927
1.044
1.01093
0.988184
0.978428
0.979552
0.986812
0.995244
1.00144
1.00417
1.00396
1.00215
0.99991
0.997626
0.994677
0.989419
0.979222
0.960475
0.928684
0.878884
0.806552
0.709047
0.58725
0.446829
0.298436
0.156351
0.0356238
-0.0515984
-0.0993526
-0.109512
-0.0910867
-0.0573386
-0.0217742
0.00551127
0.0198662
0.0219899
0.0161146
0.00748344
0.000222428
-0.00370109
-0.00436257
-0.00302911
-0.00117001
0.00021512
0.000793732
0.000731674
0.000386371
5.79659e-05
-0.000115781
-0.000139628
-8.49987e-05
-2.13939e-05
1.56937e-05
2.34394e-05
1.50251e-05
4.11498e-06
-2.30056e-06
-3.62995e-06
-2.25918e-06
-5.52809e-07
3.80281e-07
5.21969e-07
2.91529e-07
4.94078e-08
-6.39384e-08
-6.82577e-08
-3.15438e-08
-1.16182e-09
