VARIABLEs = X,u
ZONE I=101
datapacking=block
0
0.01
0.02
0.03
0.04
0.05
0.06
0.07
0.08
0.09
0.1
0.11
0.12
0.13
0.14
0.15
0.16
0.17
0.18
0.19
0.2
0.21
0.22
0.23
0.24
0.25
0.26
0.27
0.28
0.29
0.3
0.31
0.32
0.33
0.34
0.35
0.36
0.37
0.38
0.39
0.4
0.41
0.42
0.43
0.44
0.45
0.46
0.47
0.48
0.49
0.5
0.51
0.52
0.53
0.54
0.55
0.56
0.57
0.58
0.59
0.6
0.61
0.62
0.63
0.64
0.65
0.66
0.67
0.68
0.69
0.7
0.71
0.72
0.73
0.74
0.75
0.76
0.77
0.78
0.79
0.8
0.81
0.82
0.83
0.84
0.85
0.86
0.87
0.88
0.89
0.9
0.91
0.92
0.93
0.94
0.95
0.96
0.97
0.98
0.99
1
0
1.83276e-08
8.18809e-08
3.43848e-07
1.41868e-06
5.6786e-06
2.1654e-05
7.74001e-05
0.000256356
0.00078147
0.00218596
0.00560798
0.0132076
0.0286062
0.0571015
0.105286
0.179728
0.284676
0.419317
0.57571
0.738703
0.88866
1.00659
1.07993
1.10661
1.09539
1.06234
1.02487
0.996099
0.981777
0.980607
0.987139
0.995356
1.00124
1.00355
1.00313
1.00157
1.00015
0.999392
0.999106
0.998629
0.996888
0.992127
0.981388
0.960021
0.92167
0.859178
0.766639
0.642268
0.491088
0.326018
0.166163
0.0322003
-0.0597523
-0.103341
-0.103861
-0.0758609
-0.0375108
-0.00429712
0.0152457
0.0203167
0.015526
0.00719754
0.000249955
-0.00319252
-0.00346079
-0.00207988
-0.000532592
0.000389321
0.000602486
0.000403894
0.000125236
-4.92553e-05
-9.32576e-05
-6.23666e-05
-1.80776e-05
8.01243e-06
1.32645e-05
7.93957e-06
1.68616e-06
-1.42576e-06
-1.68598e-06
-8.13847e-07
-5.75584e-08
2.22038e-07
1.81604e-07
6.15424e-08
-1.24632e-08
-2.76608e-08
-1.55135e-08
-2.43778e-09
2.90044e-09
2.65495e-09
9.33078e-10
-1.37059e-10
-3.48926e-10
-1.86184e-10
-2.33582e-11
3.53073e-11
2.81332e-11
8.04829e-12
