VARIABLEs = X,u
ZONE I=101
datapacking=block
0
0.01
0.02
0.03
0.04
0.05
0.06
0.07
0.08
0.09
0.1
0.11
0.12
0.13
0.14
0.15
0.16
0.17
0.18
0.19
0.2
0.21
0.22
0.23
0.24
0.25
0.26
0.27
0.28
0.29
0.3
0.31
0.32
0.33
0.34
0.35
0.36
0.37
0.38
0.39
0.4
0.41
0.42
0.43
0.44
0.45
0.46
0.47
0.48
0.49
0.5
0.51
0.52
0.53
0.54
0.55
0.56
0.57
0.58
0.59
0.6
0.61
0.62
0.63
0.64
0.65
0.66
0.67
0.68
0.69
0.7
0.71
0.72
0.73
0.74
0.75
0.76
0.77
0.78
0.79
0.8
0.81
0.82
0.83
0.84
0.85
0.86
0.87
0.88
0.89
0.9
0.91
0.92
0.93
0.94
0.95
0.96
0.97
0.98
0.99
1
0
4.52028e-11
2.0207e-10
8.5233e-10
3.57366e-09
1.48729e-08
6.09443e-08
2.43162e-07
9.3345e-07
3.41088e-06
1.17659e-05
3.8101e-05
0.000115444
0.000326783
0.000863901
0.00213395
0.0049297
0.0106632
0.0216243
0.0411678
0.0736696
0.12407
0.19688
0.294702
0.416587
0.556798
0.704652
0.845897
0.965582
1.05172
1.09852
1.10802
1.08935
1.05577
1.02068
0.994018
0.980232
0.978476
0.984461
0.992983
1.00002
1.00371
1.00419
1.00272
1.00061
0.998541
0.99624
0.99243
0.984876
0.970365
0.944698
0.902919
0.840031
0.752295
0.638925
0.503664
0.35551
0.207964
0.0765846
-0.024649
-0.0870593
-0.109714
-0.0995707
-0.069167
-0.0326805
-0.0018541
0.0167389
0.022273
0.0182357
0.0099125
0.00197759
-0.00292871
-0.00438079
-0.00343761
-0.00161041
-6.37743e-05
0.000705592
0.000768608
0.000464025
0.000119715
-8.84435e-05
-0.000139354
-9.61874e-05
-3.20743e-05
1.02739e-05
2.27068e-05
1.64771e-05
5.69237e-06
-1.45851e-06
-3.48293e-06
-2.44056e-06
-7.5985e-07
2.70613e-07
5.03131e-07
3.13803e-07
7.39623e-08
-5.15761e-08
-6.64895e-08
-3.41848e-08
-3.81725e-09
8.551e-09
