VARIABLEs = X,u
ZONE I=101
datapacking=block
0
0.01
0.02
0.03
0.04
0.05
0.06
0.07
0.08
0.09
0.1
0.11
0.12
0.13
0.14
0.15
0.16
0.17
0.18
0.19
0.2
0.21
0.22
0.23
0.24
0.25
0.26
0.27
0.28
0.29
0.3
0.31
0.32
0.33
0.34
0.35
0.36
0.37
0.38
0.39
0.4
0.41
0.42
0.43
0.44
0.45
0.46
0.47
0.48
0.49
0.5
0.51
0.52
0.53
0.54
0.55
0.56
0.57
0.58
0.59
0.6
0.61
0.62
0.63
0.64
0.65
0.66
0.67
0.68
0.69
0.7
0.71
0.72
0.73
0.74
0.75
0.76
0.77
0.78
0.79
0.8
0.81
0.82
0.83
0.84
0.85
0.86
0.87
0.88
0.89
0.9
0.91
0.92
0.93
0.94
0.95
0.96
0.97
0.98
0.99
1
0
2.03515e-15
9.09829e-15
3.83995e-14
1.61481e-13
6.78633e-13
2.84807e-12
1.19119e-11
4.94709e-11
2.02926e-10
8.16707e-10
3.20213e-09
1.21479e-08
4.43317e-08
1.54909e-07
5.16579e-07
1.64032e-06
4.95315e-06
1.4214e-05
3.87593e-05
0.00010045
0.00024753
0.000580314
0.00129521
0.00275397
0.00558244
0.0107951
0.019927
0.0351345
0.0592021
0.0953833
0.147007
0.216833
0.306203
0.414174
0.536854
0.667263
0.795917
0.912191
1.00625
1.07113
1.1043
1.10831
1.09016
1.05955
1.02651
0.999137
0.982053
0.976053
0.978831
0.986432
0.994834
1.00112
1.00394
1.00328
0.999789
0.993928
0.985357
0.972582
0.952974
0.923056
0.879028
0.817459
0.736132
0.634928
0.516573
0.386996
0.255023
0.131287
0.0264273
-0.051049
-0.0966692
-0.111074
-0.099865
-0.072193
-0.0384723
-0.00791228
0.0133909
0.0232777
0.0231368
0.0166012
0.00789232
0.000409157
-0.00403995
-0.00527074
-0.00421278
-0.00219213
-0.000325561
0.000791617
0.00109058
0.000836089
0.000384234
4.82845e-06
-0.000186592
-0.000204985
-0.000129057
-3.82979e-05
2.10675e-05
3.96802e-05
3.07949e-05
1.29884e-05
