VARIABLEs = X,u
ZONE I=101
datapacking=block
0
0.01
0.02
0.03
0.04
0.05
0.06
0.07
0.08
0.09
0.1
0.11
0.12
0.13
0.14
0.15
0.16
0.17
0.18
0.19
0.2
0.21
0.22
0.23
0.24
0.25
0.26
0.27
0.28
0.29
0.3
0.31
0.32
0.33
0.34
0.35
0.36
0.37
0.38
0.39
0.4
0.41
0.42
0.43
0.44
0.45
0.46
0.47
0.48
0.49
0.5
0.51
0.52
0.53
0.54
0.55
0.56
0.57
0.58
0.59
0.6
0.61
0.62
0.63
0.64
0.65
0.66
0.67
0.68
0.69
0.7
0.71
0.72
0.73
0.74
0.75
0.76
0.77
0.78
0.79
0.8
0.81
0.82
0.83
0.84
0.85
0.86
0.87
0.88
0.89
0.9
0.91
0.92
0.93
0.94
0.95
0.96
0.97
0.98
0.99
1
0
0.367573
0.785389
1.02677
1.06525
1.02775
1.00128
0.996246
0.998391
0.999914
1.00017
1.00006
1
0.999994
0.999998
1
1
1
1
1
1
1
1
1
1
1
1
1
1
1
1
0.752815
0.322929
0.0192047
-0.0612466
-0.0340894
-0.00477479
0.00324772
0.00188483
0.000247533
-0.000144191
-7.43082e-05
-7.30958e-06
5.48533e-06
2.3047e-06
1.24409e-07
-1.78048e-07
-5.87968e-08
-3.80165e-12
4.96387e-09
1.25915e-09
-8.54597e-11
-1.20385e-10
-2.26502e-11
3.70505e-12
2.57107e-12
3.31952e-13
-1.08821e-13
-4.87737e-14
-3.49033e-15
2.59793e-15
8.24254e-16
7.82729e-18
-5.35998e-17
-1.23376e-17
8.22639e-19
9.83267e-19
1.5991e-19
-2.84948e-20
-1.6266e-20
-1.67631e-21
6.60994e-22
2.43885e-22
1.06259e-23
-1.2705e-23
-3.30189e-24
8.0635e-26
2.15189e-25
3.96812e-26
-4.60901e-27
-3.2925e-27
-4.03433e-28
1.10239e-28
4.59424e-29
2.94295e-30
-2.05422e-30
-5.84119e-31
-2.54813e-34
3.32178e-32
6.67875e-33
-5.40116e-34
-4.83858e-34
-6.61507e-35
1.38831e-35
6.44033e-36
5.05516e-37
-2.56328e-37
-7.84815e-38
-1.37431e-39
4.03118e-39
8.66844e-40
