VARIABLEs = X,u
ZONE I=101
datapacking=block
0
0.01
0.02
0.03
0.04
0.05
0.06
0.07
0.08
0.09
0.1
0.11
0.12
0.13
0.14
0.15
0.16
0.17
0.18
0.19
0.2
0.21
0.22
0.23
0.24
0.25
0.26
0.27
0.28
0.29
0.3
0.31
0.32
0.33
0.34
0.35
0.36
0.37
0.38
0.39
0.4
0.41
0.42
0.43
0.44
0.45
0.46
0.47
0.48
0.49
0.5
0.51
0.52
0.53
0.54
0.55
0.56
0.57
0.58
0.59
0.6
0.61
0.62
0.63
0.64
0.65
0.66
0.67
0.68
0.69
0.7
0.71
0.72
0.73
0.74
0.75
0.76
0.77
0.78
0.79
0.8
0.81
0.82
0.83
0.84
0.85
0.86
0.87
0.88
0.89
0.9
0.91
0.92
0.93
0.94
0.95
0.96
0.97
0.98
0.99
1
0
1.6704e-19
7.46767e-19
3.15179e-18
1.32557e-17
5.57366e-17
2.34332e-16
9.84893e-16
4.13599e-15
1.73351e-14
7.23756e-14
3.00121e-13
1.23122e-12
4.97384e-12
1.96883e-11
7.59961e-11
2.84809e-10
1.03255e-09
3.61092e-09
1.21544e-08
3.93196e-08
1.2213e-07
3.64024e-07
1.04097e-06
2.85594e-06
7.5187e-06
1.89998e-05
4.61035e-05
0.000107469
0.000240763
0.000518626
0.00107466
0.00214304
0.0041144
0.00760798
0.013554
0.0232725
0.0385224
0.0614876
0.0946587
0.140577
0.201428
0.278514
0.371682
0.478823
0.59563
0.71572
0.831243
0.933933
1.01644
1.07371
1.10394
1.10908
1.09438
1.06732
1.03604
1.00772
0.987254
0.976645
0.975164
0.980116
0.987946
0.995302
0.999747
0.999963
0.995498
0.986212
0.971681
0.950763
0.921473
0.881203
0.827228
0.757399
0.670877
0.568768
0.4545
0.333821
0.21432
0.104481
0.0123766
-0.0557496
-0.0966962
-0.110984
-0.102779
-0.0790247
-0.0479712
-0.0174665
0.00653835
0.0208973
0.0253961
0.0221483
0.0145199
0.00595594
-0.000944059
-0.00488657
-0.00584899
-0.00468155
-0.00256429
-0.000531182
0.000804503
0.00129508
