VARIABLEs = X,u
ZONE I=101
datapacking=block
0
0.01
0.02
0.03
0.04
0.05
0.06
0.07
0.08
0.09
0.1
0.11
0.12
0.13
0.14
0.15
0.16
0.17
0.18
0.19
0.2
0.21
0.22
0.23
0.24
0.25
0.26
0.27
0.28
0.29
0.3
0.31
0.32
0.33
0.34
0.35
0.36
0.37
0.38
0.39
0.4
0.41
0.42
0.43
0.44
0.45
0.46
0.47
0.48
0.49
0.5
0.51
0.52
0.53
0.54
0.55
0.56
0.57
0.58
0.59
0.6
0.61
0.62
0.63
0.64
0.65
0.66
0.67
0.68
0.69
0.7
0.71
0.72
0.73
0.74
0.75
0.76
0.77
0.78
0.79
0.8
0.81
0.82
0.83
0.84
0.85
0.86
0.87
0.88
0.89
0.9
0.91
0.92
0.93
0.94
0.95
0.96
0.97
0.98
0.99
1
0
3.04925e-21
1.36319e-20
5.75347e-20
2.41978e-19
1.01747e-18
4.27811e-18
1.79861e-17
7.55942e-17
3.1747e-16
1.33098e-15
5.56157e-15
2.31055e-14
9.51274e-14
3.86591e-13
1.54413e-12
6.03565e-12
2.29949e-11
8.50917e-11
3.04958e-10
1.05613e-09
3.52851e-09
1.13595e-08
3.52125e-08
1.05055e-07
3.01614e-07
8.33305e-07
2.21587e-06
5.67263e-06
1.3985e-05
3.32153e-05
7.60286e-05
0.000167784
0.000357132
0.000733458
0.00145395
0.0027829
0.00514466
0.00918865
0.0158597
0.0264598
0.0426785
0.0665639
0.1004
0.146472
0.206698
0.282179
0.372706
0.476343
0.589208
0.705576
0.818367
0.92002
1.00362
1.0641
1.09916
1.10979
1.1001
1.07651
1.0465
1.01714
0.993818
0.979458
0.974363
0.976685
0.983294
0.99077
0.996205
0.997619
0.993951
0.984695
0.969386
0.947144
0.916442
0.875192
0.821122
0.752379
0.6682
0.569521
0.459341
0.342762
0.226594
0.118561
0.0261842
-0.0444526
-0.0898093
-0.109588
-0.106826
-0.0873118
-0.0584304
-0.0277034
-0.00137852
0.0165849
0.0249082
0.0247185
0.0187541
0.0103278
0.00236479
-0.00323832
-0.00581986
-0.00576395
