VARIABLEs = X,u
ZONE I=101
datapacking=block
0
0.01
0.02
0.03
0.04
0.05
0.06
0.07
0.08
0.09
0.1
0.11
0.12
0.13
0.14
0.15
0.16
0.17
0.18
0.19
0.2
0.21
0.22
0.23
0.24
0.25
0.26
0.27
0.28
0.29
0.3
0.31
0.32
0.33
0.34
0.35
0.36
0.37
0.38
0.39
0.4
0.41
0.42
0.43
0.44
0.45
0.46
0.47
0.48
0.49
0.5
0.51
0.52
0.53
0.54
0.55
0.56
0.57
0.58
0.59
0.6
0.61
0.62
0.63
0.64
0.65
0.66
0.67
0.68
0.69
0.7
0.71
0.72
0.73
0.74
0.75
0.76
0.77
0.78
0.79
0.8
0.81
0.82
0.83
0.84
0.85
0.86
0.87
0.88
0.89
0.9
0.91
0.92
0.93
0.94
0.95
0.96
0.97
0.98
0.99
1
0
0.0100133
0.039164
0.115285
0.265501
0.489305
0.741635
0.951767
1.06819
1.08966
1.05651
1.01572
0.992991
0.989352
0.994374
0.999227
1.00107
1.00089
1.00027
0.999941
0.999902
0.999959
1
1.00001
1
1
0.999999
1
1
1
1
0.998386
0.985474
0.935932
0.815478
0.609478
0.350723
0.111519
-0.0416176
-0.0906563
-0.0685876
-0.0261573
0.00259949
0.0106743
0.00703352
0.00175711
-0.000805367
-0.000984569
-0.00039699
7.41455e-06
9.77614e-05
5.21215e-05
6.41257e-06
-7.69482e-06
-5.1846e-06
-1.01601e-06
5.11871e-07
4.28863e-07
1.02506e-07
-3.02608e-08
-3.09538e-08
-8.16536e-09
1.66852e-09
2.00634e-09
5.51582e-10
-8.98449e-11
-1.18927e-10
-3.26986e-11
4.87641e-12
6.52134e-12
1.73374e-12
-2.68033e-13
-3.33179e-13
-8.31136e-14
1.4649e-14
1.59285e-14
3.62183e-15
-7.76676e-16
-7.14364e-16
-1.43555e-16
3.91985e-17
3.00967e-17
5.14928e-18
-1.86337e-18
-1.19191e-18
-1.64757e-19
8.30679e-20
4.43699e-20
4.53849e-21
-3.46994e-21
-1.55146e-21
-9.70971e-23
1.35947e-22
5.08694e-23
8.97437e-25
-5.00324e-24
-1.55886e-24
5.49836e-26
1.7324e-25
4.43811e-26
-4.49246e-27
