VARIABLEs = X,u
ZONE I=101
datapacking=block
0
0.01
0.02
0.03
0.04
0.05
0.06
0.07
0.08
0.09
0.1
0.11
0.12
0.13
0.14
0.15
0.16
0.17
0.18
0.19
0.2
0.21
0.22
0.23
0.24
0.25
0.26
0.27
0.28
0.29
0.3
0.31
0.32
0.33
0.34
0.35
0.36
0.37
0.38
0.39
0.4
0.41
0.42
0.43
0.44
0.45
0.46
0.47
0.48
0.49
0.5
0.51
0.52
0.53
0.54
0.55
0.56
0.57
0.58
0.59
0.6
0.61
0.62
0.63
0.64
0.65
0.66
0.67
0.68
0.69
0.7
0.71
0.72
0.73
0.74
0.75
0.76
0.77
0.78
0.79
0.8
0.81
0.82
0.83
0.84
0.85
0.86
0.87
0.88
0.89
0.9
0.91
0.92
0.93
0.94
0.95
0.96
0.97
0.98
0.99
1
0
1.65711e-07
7.39647e-07
3.08866e-06
1.25303e-05
4.84708e-05
0.000175132
0.00058217
0.00176509
0.00486347
0.0121739
0.0277248
0.0575865
0.109399
0.190647
0.305663
0.452209
0.619256
0.787697
0.934733
1.04078
1.09612
1.10408
1.07918
1.04096
1.00672
0.986232
0.980702
0.985312
0.993417
0.999989
1.00303
1.00306
1.00168
1.0003
0.999575
0.999447
0.99951
0.999193
0.997631
0.993164
0.982613
0.960665
0.919877
0.851915
0.750268
0.613936
0.450581
0.27716
0.11671
-0.00827289
-0.0833588
-0.10715
-0.0911733
-0.0546933
-0.017042
0.00885026
0.0190429
0.0169408
0.00920179
0.00173064
-0.00246849
-0.00327703
-0.00214752
-0.000663051
0.000275201
0.000524801
0.000363037
0.000115274
-3.91641e-05
-7.63712e-05
-4.91627e-05
-1.26928e-05
7.14251e-06
1.00097e-05
5.32655e-06
7.2325e-07
-1.19909e-06
-1.11572e-06
-4.31033e-07
3.81564e-08
1.58371e-07
9.84219e-08
2.05325e-08
-1.4777e-08
-1.57167e-08
-6.15254e-09
3.81679e-10
1.93086e-09
1.11774e-09
1.8357e-10
-1.80587e-10
-1.57817e-10
-4.89592e-11
1.06892e-11
1.85283e-11
8.18071e-12
2.13125e-13
-1.84669e-12
-1.0958e-12
-1.79938e-13
