VARIABLEs = X,u
ZONE I=101
datapacking=block
0
0.01
0.02
0.03
0.04
0.05
0.06
0.07
0.08
0.09
0.1
0.11
0.12
0.13
0.14
0.15
0.16
0.17
0.18
0.19
0.2
0.21
0.22
0.23
0.24
0.25
0.26
0.27
0.28
0.29
0.3
0.31
0.32
0.33
0.34
0.35
0.36
0.37
0.38
0.39
0.4
0.41
0.42
0.43
0.44
0.45
0.46
0.47
0.48
0.49
0.5
0.51
0.52
0.53
0.54
0.55
0.56
0.57
0.58
0.59
0.6
0.61
0.62
0.63
0.64
0.65
0.66
0.67
0.68
0.69
0.7
0.71
0.72
0.73
0.74
0.75
0.76
0.77
0.78
0.79
0.8
0.81
0.82
0.83
0.84
0.85
0.86
0.87
0.88
0.89
0.9
0.91
0.92
0.93
0.94
0.95
0.96
0.97
0.98
0.99
1
0
6.1563e-24
2.75223e-23
1.1616e-22
4.88544e-22
2.05425e-21
8.63765e-21
3.63187e-20
1.527e-19
6.41913e-19
2.69729e-18
1.13232e-17
4.74445e-17
1.98121e-16
8.22741e-16
3.38822e-15
1.37918e-14
5.52914e-14
2.17526e-13
8.36954e-13
3.13987e-12
1.14558e-11
4.05636e-11
1.3917e-10
4.62097e-10
1.48367e-09
4.60387e-09
1.38024e-08
3.99745e-08
1.11844e-07
3.02341e-07
7.89813e-07
1.99436e-06
4.86919e-06
1.1498e-05
2.62685e-05
5.80813e-05
0.000124326
0.00025772
0.00051751
0.00100691
0.0018988
0.00347121
0.00615302
0.0105775
0.0176373
0.0285296
0.0447738
0.0681794
0.100743
0.144453
0.201005
0.271437
0.355737
0.452493
0.558679
0.669667
0.779537
0.881679
0.969659
1.03818
1.08398
1.10642
1.10766
1.09232
1.06659
1.03714
1.00994
0.989262
0.977162
0.973457
0.976172
0.982287
0.988548
0.992121
0.990932
0.983664
0.969485
0.947661
0.917228
0.876856
0.824978
0.760168
0.681669
0.58994
0.487081
0.376988
0.265175
0.158235
0.0629951
-0.0144924
-0.069941
-0.101593
-0.110567
-0.100682
-0.0777672
-0.0485863
-0.0196161
0.00404999
0.0194241
0.0258275
