VARIABLEs = X,u
ZONE I=101
datapacking=block
0
0.01
0.02
0.03
0.04
0.05
0.06
0.07
0.08
0.09
0.1
0.11
0.12
0.13
0.14
0.15
0.16
0.17
0.18
0.19
0.2
0.21
0.22
0.23
0.24
0.25
0.26
0.27
0.28
0.29
0.3
0.31
0.32
0.33
0.34
0.35
0.36
0.37
0.38
0.39
0.4
0.41
0.42
0.43
0.44
0.45
0.46
0.47
0.48
0.49
0.5
0.51
0.52
0.53
0.54
0.55
0.56
0.57
0.58
0.59
0.6
0.61
0.62
0.63
0.64
0.65
0.66
0.67
0.68
0.69
0.7
0.71
0.72
0.73
0.74
0.75
0.76
0.77
0.78
0.79
0.8
0.81
0.82
0.83
0.84
0.85
0.86
0.87
0.88
0.89
0.9
0.91
0.92
0.93
0.94
0.95
0.96
0.97
0.98
0.99
1
0
1.01071e-16
4.51845e-16
1.90704e-15
8.02026e-15
3.37168e-14
1.41657e-13
5.9417e-13
2.48288e-12
1.03006e-11
4.22203e-11
1.69967e-10
6.67821e-10
2.54563e-09
9.36472e-09
3.31075e-08
1.12131e-07
3.63028e-07
1.12195e-06
3.30746e-06
9.29779e-06
2.4926e-05
6.37431e-05
0.000155565
0.000362512
0.000807073
0.0017177
0.00349687
0.00681342
0.0127127
0.0227257
0.0389408
0.0639859
0.100861
0.152569
0.221541
0.308906
0.413733
0.532479
0.658849
0.784273
0.899033
0.993909
1.06198
1.10013
1.10975
1.09647
1.06881
1.03621
1.00693
0.986425
0.976683
0.976499
0.982585
0.990991
0.998353
1.00261
1.00307
0.999933
0.993575
0.983826
0.969529
0.948426
0.917394
0.87294
0.811904
0.732261
0.633924
0.519387
0.394016
0.265792
0.144387
0.0396587
-0.0401927
-0.0903376
-0.110417
-0.104648
-0.0808345
-0.0485211
-0.0168001
0.00758557
0.0213298
0.0246011
0.0201524
0.0119093
0.00355523
-0.00245099
-0.00521708
-0.00517158
-0.00347137
-0.00136299
0.00026827
0.0010641
0.0011112
0.000729376
0.000256652
-8.56823e-05
-0.000227147
-0.00020857
-0.000115362
-2.23319e-05
