VARIABLEs = X,u
ZONE I=101
datapacking=block
0
0.01
0.02
0.03
0.04
0.05
0.06
0.07
0.08
0.09
0.1
0.11
0.12
0.13
0.14
0.15
0.16
0.17
0.18
0.19
0.2
0.21
0.22
0.23
0.24
0.25
0.26
0.27
0.28
0.29
0.3
0.31
0.32
0.33
0.34
0.35
0.36
0.37
0.38
0.39
0.4
0.41
0.42
0.43
0.44
0.45
0.46
0.47
0.48
0.49
0.5
0.51
0.52
0.53
0.54
0.55
0.56
0.57
0.58
0.59
0.6
0.61
0.62
0.63
0.64
0.65
0.66
0.67
0.68
0.69
0.7
0.71
0.72
0.73
0.74
0.75
0.76
0.77
0.78
0.79
0.8
0.81
0.82
0.83
0.84
0.85
0.86
0.87
0.88
0.89
0.9
0.91
0.92
0.93
0.94
0.95
0.96
0.97
0.98
0.99
1
0
0.0122323
0.0472778
0.135979
0.303965
0.542086
0.794677
0.988381
1.08069
1.08363
1.04438
1.00721
0.990636
0.990673
0.996197
1.0001
1.00109
1.00065
1.00012
0.999912
0.999925
0.999979
1.00001
1.00001
1
1
0.999999
1
1
1
1
0.997866
0.981532
0.921702
0.783222
0.558771
0.293615
0.0666513
-0.062127
-0.0889541
-0.0568095
-0.0159833
0.00654817
0.0100117
0.00514625
0.000625496
-0.000990162
-0.000773256
-0.000214508
6.03132e-05
8.20233e-05
3.05881e-05
-1.48303e-06
-6.98403e-06
-3.12109e-06
-1.49399e-07
5.10629e-07
2.58685e-07
2.49852e-08
-3.34761e-08
-1.84257e-08
-2.2283e-09
2.02632e-09
1.16367e-09
1.51091e-10
-1.15348e-10
-6.64128e-11
-8.47922e-12
6.23257e-12
3.46697e-12
4.05546e-13
-3.20459e-13
-1.6684e-13
-1.65721e-14
1.56579e-14
7.43771e-15
5.627e-16
-7.25048e-16
-3.08039e-16
-1.42439e-17
3.17368e-17
1.18662e-17
1.26399e-19
-1.31085e-18
-4.24946e-19
1.38202e-20
5.10403e-20
1.41104e-20
-1.21712e-21
-1.87262e-21
-4.319e-22
6.75762e-23
6.47229e-23
1.20434e-23
-3.07797e-24
-2.10654e-24
-2.98516e-25
1.23513e-25
6.45027e-26
6.19518e-27
-4.50122e-27
