VARIABLEs = X,u
ZONE I=101
datapacking=block
0
0.01
0.02
0.03
0.04
0.05
0.06
0.07
0.08
0.09
0.1
0.11
0.12
0.13
0.14
0.15
0.16
0.17
0.18
0.19
0.2
0.21
0.22
0.23
0.24
0.25
0.26
0.27
0.28
0.29
0.3
0.31
0.32
0.33
0.34
0.35
0.36
0.37
0.38
0.39
0.4
0.41
0.42
0.43
0.44
0.45
0.46
0.47
0.48
0.49
0.5
0.51
0.52
0.53
0.54
0.55
0.56
0.57
0.58
0.59
0.6
0.61
0.62
0.63
0.64
0.65
0.66
0.67
0.68
0.69
0.7
0.71
0.72
0.73
0.74
0.75
0.76
0.77
0.78
0.79
0.8
0.81
0.82
0.83
0.84
0.85
0.86
0.87
0.88
0.89
0.9
0.91
0.92
0.93
0.94
0.95
0.96
0.97
0.98
0.99
1
0
6.80886e-25
3.04396e-24
1.28473e-23
5.40329e-23
2.272e-22
9.55326e-22
4.0169e-21
1.68895e-20
7.10069e-20
2.98453e-19
1.25371e-18
5.26e-18
2.20179e-17
9.18037e-17
3.8042e-16
1.56232e-15
6.33849e-15
2.53183e-14
9.9231e-14
3.80418e-13
1.42255e-12
5.17665e-12
1.8297e-11
6.27226e-11
2.08308e-10
6.6972e-10
2.08337e-09
6.26908e-09
1.82453e-08
5.13587e-08
1.39843e-07
3.68388e-07
9.391e-07
2.31725e-06
5.53624e-06
1.28105e-05
2.87181e-05
6.23899e-05
0.000131391
0.000268309
0.000531411
0.00102108
0.00190382
0.00344518
0.006052
0.0103218
0.0170941
0.0274926
0.0429442
0.0651545
0.0960189
0.137453
0.191139
0.258192
0.338803
0.43189
0.534879
0.643655
0.752788
0.856038
0.947104
1.02051
1.07249
1.10164
1.10921
1.09892
1.07633
1.04782
1.0195
0.996192
0.980728
0.973753
0.973969
0.978748
0.984893
0.989341
0.989629
0.984048
0.971499
0.951178
0.922237
0.883585
0.833902
0.771906
0.6968
0.608786
0.509509
0.402287
0.29204
0.184871
0.0873491
0.00558353
-0.0557343
-0.0941311
-0.109812
-0.105657
-0.0867211
-0.0593315
-0.0299558
-0.004102
