VARIABLEs = X,u
ZONE I=101
datapacking=block
0
0.01
0.02
0.03
0.04
0.05
0.06
0.07
0.08
0.09
0.1
0.11
0.12
0.13
0.14
0.15
0.16
0.17
0.18
0.19
0.2
0.21
0.22
0.23
0.24
0.25
0.26
0.27
0.28
0.29
0.3
0.31
0.32
0.33
0.34
0.35
0.36
0.37
0.38
0.39
0.4
0.41
0.42
0.43
0.44
0.45
0.46
0.47
0.48
0.49
0.5
0.51
0.52
0.53
0.54
0.55
0.56
0.57
0.58
0.59
0.6
0.61
0.62
0.63
0.64
0.65
0.66
0.67
0.68
0.69
0.7
0.71
0.72
0.73
0.74
0.75
0.76
0.77
0.78
0.79
0.8
0.81
0.82
0.83
0.84
0.85
0.86
0.87
0.88
0.89
0.9
0.91
0.92
0.93
0.94
0.95
0.96
0.97
0.98
0.99
1
0
1.51635e-24
6.77898e-24
2.86113e-23
1.20333e-22
5.05981e-22
2.12754e-21
8.9457e-21
3.76128e-20
1.58127e-19
6.64573e-19
2.79111e-18
1.17054e-17
4.89602e-17
2.03873e-16
8.43094e-16
3.45222e-15
1.39498e-14
5.54333e-14
2.15888e-13
8.21461e-13
3.04557e-12
1.09773e-11
3.83957e-11
1.30149e-10
4.27101e-10
1.356e-09
4.16331e-09
1.23587e-08
3.54673e-08
9.8408e-08
2.64023e-07
6.85096e-07
1.71976e-06
4.17751e-06
9.8226e-06
2.2363e-05
4.93128e-05
0.000105353
0.000218132
0.000437821
0.000852101
0.00160845
0.00294538
0.00523335
0.00902397
0.015103
0.0245374
0.0387028
0.0592705
0.0881343
0.127256
0.178424
0.242929
0.32119
0.412402
0.514261
0.622885
0.732983
0.83832
0.932444
1.00959
1.06558
1.09857
1.10938
1.10145
1.08018
1.052
1.02321
0.998922
0.982305
0.974295
0.973804
0.978308
0.984617
0.989617
0.990774
0.986322
0.975141
0.956438
0.929391
0.892914
0.845644
0.786181
0.713532
0.627638
0.529857
0.423236
0.3125
0.203684
0.103441
0.0181269
-0.0471913
-0.08959
-0.10883
-0.107429
-0.0902323
-0.0635339
-0.0339425
-0.00723405
0.0125507
