VARIABLEs = X,u
ZONE I=101
datapacking=block
0
0.01
0.02
0.03
0.04
0.05
0.06
0.07
0.08
0.09
0.1
0.11
0.12
0.13
0.14
0.15
0.16
0.17
0.18
0.19
0.2
0.21
0.22
0.23
0.24
0.25
0.26
0.27
0.28
0.29
0.3
0.31
0.32
0.33
0.34
0.35
0.36
0.37
0.38
0.39
0.4
0.41
0.42
0.43
0.44
0.45
0.46
0.47
0.48
0.49
0.5
0.51
0.52
0.53
0.54
0.55
0.56
0.57
0.58
0.59
0.6
0.61
0.62
0.63
0.64
0.65
0.66
0.67
0.68
0.69
0.7
0.71
0.72
0.73
0.74
0.75
0.76
0.77
0.78
0.79
0.8
0.81
0.82
0.83
0.84
0.85
0.86
0.87
0.88
0.89
0.9
0.91
0.92
0.93
0.94
0.95
0.96
0.97
0.98
0.99
1
0
2.04874e-25
9.15905e-25
3.86566e-24
1.62581e-23
6.83629e-23
2.87451e-22
1.20866e-21
5.082e-21
2.13666e-20
8.98164e-20
3.77381e-19
1.58413e-18
6.63742e-18
2.77208e-17
1.15176e-16
4.74861e-16
1.937e-15
7.79184e-15
3.08077e-14
1.19348e-13
4.5172e-13
1.66628e-12
5.97813e-12
2.08268e-11
7.03692e-11
2.30388e-10
7.30442e-10
2.24179e-09
6.65891e-09
1.91418e-08
5.32549e-08
1.43414e-07
3.73905e-07
9.44002e-07
2.30857e-06
5.47004e-06
1.25616e-05
2.79658e-05
6.0376e-05
0.000126438
0.000256908
0.000506613
0.000969779
0.00180244
0.00325328
0.00570337
0.00971308
0.0160713
0.0258382
0.040367
0.0612872
0.0904297
0.129677
0.18073
0.244801
0.32227
0.41234
0.512797
0.619922
0.728653
0.833007
0.926761
1.00429
1.06142
1.09616
1.10905
1.10314
1.08346
1.05615
1.02739
1.00235
0.984427
0.9749
0.973024
0.976536
0.982362
0.987347
0.988789
0.984702
0.973768
0.955083
0.927834
0.891049
0.843548
0.784125
0.711933
0.626967
0.530523
0.42548
0.316309
0.208756
0.109205
0.0238213
-0.0423814
-0.0863768
-0.107668
-0.10841
-0.093049
-0.0675424
-0.038305
