VARIABLEs = X,u
ZONE I=101
datapacking=block
0
0.01
0.02
0.03
0.04
0.05
0.06
0.07
0.08
0.09
0.1
0.11
0.12
0.13
0.14
0.15
0.16
0.17
0.18
0.19
0.2
0.21
0.22
0.23
0.24
0.25
0.26
0.27
0.28
0.29
0.3
0.31
0.32
0.33
0.34
0.35
0.36
0.37
0.38
0.39
0.4
0.41
0.42
0.43
0.44
0.45
0.46
0.47
0.48
0.49
0.5
0.51
0.52
0.53
0.54
0.55
0.56
0.57
0.58
0.59
0.6
0.61
0.62
0.63
0.64
0.65
0.66
0.67
0.68
0.69
0.7
0.71
0.72
0.73
0.74
0.75
0.76
0.77
0.78
0.79
0.8
0.81
0.82
0.83
0.84
0.85
0.86
0.87
0.88
0.89
0.9
0.91
0.92
0.93
0.94
0.95
0.96
0.97
0.98
0.99
1
0
5.56628e-23
2.48845e-22
1.05027e-21
4.41722e-21
1.85737e-20
7.80977e-20
3.2837e-19
1.38052e-18
5.80225e-18
2.43692e-17
1.02195e-16
4.27343e-16
1.77824e-15
7.34301e-15
2.99892e-14
1.20679e-13
4.76645e-13
1.841e-12
6.93049e-12
2.5357e-11
8.99618e-11
3.0894e-10
1.0256e-09
3.28829e-09
1.01765e-08
3.03892e-08
8.75544e-08
2.43381e-07
6.52838e-07
1.69017e-06
4.22456e-06
1.01975e-05
2.37803e-05
5.35913e-05
0.000116755
0.000245986
0.000501344
0.000988749
0.00188749
0.00348856
0.00624418
0.0108259
0.0181842
0.0295962
0.0466817
0.0713633
0.105745
0.151889
0.211497
0.285505
0.373663
0.474179
0.583525
0.69652
0.806734
0.907216
0.991467
1.05447
1.0936
1.1091
1.10414
1.08418
1.056
1.02641
1.00105
0.983503
0.97495
0.97437
0.979187
0.986123
0.992022
0.994395
0.991609
0.982721
0.967089
0.943949
0.912123
0.869993
0.815742
0.747845
0.66566
0.569993
0.463475
0.350636
0.237603
0.131429
0.0391335
-0.0333941
-0.0824005
-0.106968
-0.109216
-0.0939302
-0.0676589
-0.0374785
-0.00970237
0.011163
0.022981
0.0259675
0.0221536
0.0145246
