VARIABLEs = X,u
ZONE I=101
datapacking=block
0
0.01
0.02
0.03
0.04
0.05
0.06
0.07
0.08
0.09
0.1
0.11
0.12
0.13
0.14
0.15
0.16
0.17
0.18
0.19
0.2
0.21
0.22
0.23
0.24
0.25
0.26
0.27
0.28
0.29
0.3
0.31
0.32
0.33
0.34
0.35
0.36
0.37
0.38
0.39
0.4
0.41
0.42
0.43
0.44
0.45
0.46
0.47
0.48
0.49
0.5
0.51
0.52
0.53
0.54
0.55
0.56
0.57
0.58
0.59
0.6
0.61
0.62
0.63
0.64
0.65
0.66
0.67
0.68
0.69
0.7
0.71
0.72
0.73
0.74
0.75
0.76
0.77
0.78
0.79
0.8
0.81
0.82
0.83
0.84
0.85
0.86
0.87
0.88
0.89
0.9
0.91
0.92
0.93
0.94
0.95
0.96
0.97
0.98
0.99
1
0
2.73508e-08
1.22179e-07
5.12694e-07
2.11032e-06
8.40439e-06
3.17822e-05
0.000112295
0.000366611
0.00109903
0.00301767
0.00758797
0.0174948
0.0370574
0.0722797
0.130127
0.216747
0.334801
0.480726
0.643257
0.804495
0.943912
1.04425
1.09703
1.10524
1.08184
1.04461
1.00985
0.987585
0.980008
0.98333
0.991329
0.998695
1.00278
1.00353
1.00234
1.00076
0.999693
0.999277
0.999087
0.998337
0.995785
0.98931
0.975321
0.948376
0.90147
0.827433
0.721468
0.584225
0.42412
0.257375
0.104922
-0.0133124
-0.0846962
-0.108017
-0.0934593
-0.0583617
-0.0206989
0.00673887
0.019121
0.0186946
0.0114455
0.00337458
-0.0018944
-0.00358447
-0.00281358
-0.00121694
3.947e-05
0.000561063
0.000512735
0.000243175
1.38158e-05
-8.37578e-05
-7.85009e-05
-3.55302e-05
-6.9968e-07
1.2412e-05
1.03631e-05
3.92845e-06
-4.92755e-07
-1.72109e-06
-1.15141e-06
-3.00534e-07
1.50182e-07
2.05923e-07
1.01516e-07
8.57405e-09
-2.49377e-08
-1.98844e-08
-6.23531e-09
1.59064e-09
2.86039e-09
1.43724e-09
1.35821e-10
-3.10327e-10
-2.35168e-10
-6.46552e-11
2.23312e-11
3.08225e-11
1.30304e-11
-4.24174e-14
