VARIABLEs = X,u
ZONE I=101
datapacking=block
0
0.01
0.02
0.03
0.04
0.05
0.06
0.07
0.08
0.09
0.1
0.11
0.12
0.13
0.14
0.15
0.16
0.17
0.18
0.19
0.2
0.21
0.22
0.23
0.24
0.25
0.26
0.27
0.28
0.29
0.3
0.31
0.32
0.33
0.34
0.35
0.36
0.37
0.38
0.39
0.4
0.41
0.42
0.43
0.44
0.45
0.46
0.47
0.48
0.49
0.5
0.51
0.52
0.53
0.54
0.55
0.56
0.57
0.58
0.59
0.6
0.61
0.62
0.63
0.64
0.65
0.66
0.67
0.68
0.69
0.7
0.71
0.72
0.73
0.74
0.75
0.76
0.77
0.78
0.79
0.8
0.81
0.82
0.83
0.84
0.85
0.86
0.87
0.88
0.89
0.9
0.91
0.92
0.93
0.94
0.95
0.96
0.97
0.98
0.99
1
0
8.31775e-25
3.71852e-24
1.56943e-23
6.6007e-23
2.77549e-22
1.16703e-21
4.90706e-21
2.06322e-20
8.67415e-20
3.64581e-19
1.53142e-18
6.42453e-18
2.68877e-17
1.12073e-16
4.64186e-16
1.90498e-15
7.72118e-15
3.08025e-14
1.20539e-13
4.61258e-13
1.72122e-12
6.24878e-12
2.20297e-11
7.53089e-11
2.49371e-10
7.99252e-10
2.47827e-09
7.43231e-09
2.15557e-08
6.04608e-08
1.64025e-07
4.30477e-07
1.0932e-06
2.68701e-06
6.39429e-06
1.47365e-05
3.2901e-05
7.1181e-05
0.000149275
0.000303526
0.000598559
0.00114505
0.00212543
0.0038288
0.00669498
0.0113652
0.0187328
0.0299831
0.0466054
0.0703578
0.103163
0.146922
0.20324
0.273083
0.356415
0.451867
0.556536
0.666001
0.774597
0.875977
0.963913
1.0332
1.0805
1.10496
1.10837
1.09494
1.07051
1.04153
1.01392
0.992126
0.978522
0.973292
0.974785
0.980176
0.986239
0.990013
0.989206
0.982271
0.968214
0.946251
0.915492
0.874775
0.822739
0.75814
0.68033
0.589768
0.488435
0.380007
0.269711
0.16384
0.0689728
-0.00897646
-0.0657053
-0.0992699
-0.110458
-0.102679
-0.0813642
-0.05299
-0.0239272
0.000628675
