VARIABLEs = X,u
ZONE I=101
datapacking=block
0
0.01
0.02
0.03
0.04
0.05
0.06
0.07
0.08
0.09
0.1
0.11
0.12
0.13
0.14
0.15
0.16
0.17
0.18
0.19
0.2
0.21
0.22
0.23
0.24
0.25
0.26
0.27
0.28
0.29
0.3
0.31
0.32
0.33
0.34
0.35
0.36
0.37
0.38
0.39
0.4
0.41
0.42
0.43
0.44
0.45
0.46
0.47
0.48
0.49
0.5
0.51
0.52
0.53
0.54
0.55
0.56
0.57
0.58
0.59
0.6
0.61
0.62
0.63
0.64
0.65
0.66
0.67
0.68
0.69
0.7
0.71
0.72
0.73
0.74
0.75
0.76
0.77
0.78
0.79
0.8
0.81
0.82
0.83
0.84
0.85
0.86
0.87
0.88
0.89
0.9
0.91
0.92
0.93
0.94
0.95
0.96
0.97
0.98
0.99
1
0
6.14811e-22
2.74857e-21
1.16006e-20
4.87894e-20
2.05151e-19
8.62598e-19
3.62673e-18
1.52453e-17
6.40508e-17
2.68774e-16
1.12509e-15
4.68897e-15
1.94027e-14
7.9439e-14
3.20531e-13
1.26932e-12
4.91351e-12
1.8525e-11
6.78144e-11
2.40435e-10
8.24038e-10
2.72618e-09
8.69761e-09
2.67433e-08
7.9224e-08
2.26088e-07
6.21583e-07
1.64663e-06
4.20414e-06
1.03486e-05
2.45672e-05
5.62679e-05
0.000124382
0.000265467
0.00054723
0.0010899
0.00209798
0.00390428
0.00702627
0.0122309
0.0205986
0.0335694
0.0529472
0.0808341
0.119467
0.170938
0.236812
0.317671
0.412666
0.519191
0.632777
0.747328
0.855723
0.950744
1.02619
1.07796
1.10482
1.10871
1.09437
1.06847
1.03827
1.01032
0.989254
0.977284
0.974134
0.97762
0.984525
0.991523
0.995878
0.995764
0.990179
0.978569
0.960341
0.934471
0.899359
0.852978
0.793311
0.718956
0.629772
0.527393
0.415488
0.29965
0.186885
0.0847247
0.000102775
-0.0618076
-0.0985408
-0.110835
-0.102519
-0.0797843
-0.0499703
-0.0201603
0.0040887
0.0195735
0.0256599
0.0238874
0.0171343
0.00862004
0.00103363
-0.00400224
