VARIABLEs = X,u
ZONE I=101
datapacking=block
0
0.01
0.02
0.03
0.04
0.05
0.06
0.07
0.08
0.09
0.1
0.11
0.12
0.13
0.14
0.15
0.16
0.17
0.18
0.19
0.2
0.21
0.22
0.23
0.24
0.25
0.26
0.27
0.28
0.29
0.3
0.31
0.32
0.33
0.34
0.35
0.36
0.37
0.38
0.39
0.4
0.41
0.42
0.43
0.44
0.45
0.46
0.47
0.48
0.49
0.5
0.51
0.52
0.53
0.54
0.55
0.56
0.57
0.58
0.59
0.6
0.61
0.62
0.63
0.64
0.65
0.66
0.67
0.68
0.69
0.7
0.71
0.72
0.73
0.74
0.75
0.76
0.77
0.78
0.79
0.8
0.81
0.82
0.83
0.84
0.85
0.86
0.87
0.88
0.89
0.9
0.91
0.92
0.93
0.94
0.95
0.96
0.97
0.98
0.99
1
0
0.13511
0.391965
0.719967
0.974289
1.07471
1.06208
1.02051
0.99713
0.993853
0.997431
0.999937
1.00043
1.0002
1.00001
0.999975
0.999988
0.999999
1
1
1
1
1
1
1
1
1
1
1
1
1
0.9389
0.726377
0.391423
0.0905163
-0.0574762
-0.068505
-0.0293108
-0.00091027
0.00596107
0.00323047
0.000419273
-0.000385248
-0.000237425
-3.69165e-05
2.14073e-05
1.3596e-05
2.06596e-06
-1.08163e-06
-6.47234e-07
-8.55846e-08
5.01163e-08
2.64616e-08
2.70391e-09
-2.11342e-09
-9.46027e-10
-6.0893e-11
8.05974e-11
2.98735e-11
5.65386e-13
-2.77594e-12
-8.36735e-13
3.05771e-14
8.65377e-14
2.07415e-14
-2.24823e-15
-2.45028e-15
-4.49333e-16
9.51642e-17
6.32113e-17
8.20645e-18
-3.19444e-18
-1.488e-18
-1.12803e-19
9.22807e-20
3.19199e-20
5.43729e-22
-2.37451e-21
-6.20056e-22
3.3169e-23
5.53874e-23
1.07339e-23
-1.61091e-24
-1.18206e-24
-1.59187e-25
4.95285e-26
2.3167e-26
1.79449e-27
-1.25119e-27
-4.1634e-28
-6.68319e-30
2.78359e-29
6.80246e-30
-3.97212e-31
-5.60854e-31
-9.88722e-32
1.62322e-32
1.03623e-32
1.20895e-33
-4.2988e-34
-1.76235e-34
