VARIABLEs = X,u
ZONE I=101
datapacking=block
0
0.01
0.02
0.03
0.04
0.05
0.06
0.07
0.08
0.09
0.1
0.11
0.12
0.13
0.14
0.15
0.16
0.17
0.18
0.19
0.2
0.21
0.22
0.23
0.24
0.25
0.26
0.27
0.28
0.29
0.3
0.31
0.32
0.33
0.34
0.35
0.36
0.37
0.38
0.39
0.4
0.41
0.42
0.43
0.44
0.45
0.46
0.47
0.48
0.49
0.5
0.51
0.52
0.53
0.54
0.55
0.56
0.57
0.58
0.59
0.6
0.61
0.62
0.63
0.64
0.65
0.66
0.67
0.68
0.69
0.7
0.71
0.72
0.73
0.74
0.75
0.76
0.77
0.78
0.79
0.8
0.81
0.82
0.83
0.84
0.85
0.86
0.87
0.88
0.89
0.9
0.91
0.92
0.93
0.94
0.95
0.96
0.97
0.98
0.99
1
0
7.52057e-24
3.36214e-23
1.41902e-22
5.96809e-22
2.50949e-21
1.05518e-20
4.43671e-20
1.86538e-19
7.84149e-19
3.29485e-18
1.38307e-17
5.79424e-17
2.41893e-16
1.00407e-15
4.13225e-15
1.68048e-14
6.72878e-14
2.64316e-13
1.01511e-12
3.80013e-12
1.38315e-11
4.88462e-11
1.67108e-10
5.53172e-10
1.77038e-09
5.47507e-09
1.6357e-08
4.72022e-08
1.31576e-07
3.5433e-07
9.22022e-07
2.31895e-06
5.63876e-06
1.32603e-05
3.01678e-05
6.64189e-05
0.000141558
0.000292151
0.00058403
0.00113119
0.00212335
0.00386359
0.00681608
0.0116609
0.0193487
0.0311424
0.0486273
0.0736671
0.108283
0.154441
0.213744
0.287059
0.37412
0.473196
0.580919
0.692343
0.801325
0.90119
0.985633
1.04969
1.09061
1.10834
1.10561
1.08748
1.06037
1.03091
1.00481
0.985882
0.975701
0.973632
0.977397
0.983851
0.989783
0.992513
0.990152
0.981531
0.965882
0.942448
0.910184
0.867674
0.813321
0.74577
0.664457
0.570147
0.46531
0.354217
0.242683
0.137452
0.0453029
-0.0279785
-0.078568
-0.105295
-0.109886
-0.0966757
-0.0718142
-0.0421309
-0.0139093
0.0081523
0.0215621
0.0261205
