VARIABLEs = X,u
ZONE I=101
datapacking=block
0
0.01
0.02
0.03
0.04
0.05
0.06
0.07
0.08
0.09
0.1
0.11
0.12
0.13
0.14
0.15
0.16
0.17
0.18
0.19
0.2
0.21
0.22
0.23
0.24
0.25
0.26
0.27
0.28
0.29
0.3
0.31
0.32
0.33
0.34
0.35
0.36
0.37
0.38
0.39
0.4
0.41
0.42
0.43
0.44
0.45
0.46
0.47
0.48
0.49
0.5
0.51
0.52
0.53
0.54
0.55
0.56
0.57
0.58
0.59
0.6
0.61
0.62
0.63
0.64
0.65
0.66
0.67
0.68
0.69
0.7
0.71
0.72
0.73
0.74
0.75
0.76
0.77
0.78
0.79
0.8
0.81
0.82
0.83
0.84
0.85
0.86
0.87
0.88
0.89
0.9
0.91
0.92
0.93
0.94
0.95
0.96
0.97
0.98
0.99
1
0
0.00165271
0.00693594
0.0238158
0.0677803
0.159515
0.313545
0.522374
0.749619
0.942886
1.06103
1.09604
1.07319
1.03119
0.99936
0.987269
0.989365
0.995818
1.00032
1.0016
1.00105
1.00026
0.999872
0.999844
0.999936
1
1.00002
1.00001
1
0.999999
0.999999
0.999869
0.998418
0.990576
0.963286
0.894871
0.76414
0.56812
0.33521
0.118472
-0.0311781
-0.0930109
-0.084317
-0.0439506
-0.00695085
0.0108896
0.0119019
0.00588714
0.000594307
-0.00145581
-0.00123837
-0.000430739
6.491e-05
0.000161732
8.50872e-05
1.04575e-05
-1.51013e-05
-1.13475e-05
-2.87425e-06
1.01731e-06
1.19534e-06
4.11489e-07
-4.10746e-08
-1.06463e-07
-4.47395e-08
-7.35556e-10
8.34766e-09
4.08234e-09
3.37702e-10
-5.92874e-10
-3.27332e-10
-4.05076e-11
3.89979e-11
2.36829e-11
3.5313e-12
-2.41866e-12
-1.57272e-12
-2.56819e-13
1.4341e-13
9.6975e-14
1.63687e-14
-8.20642e-15
-5.59683e-15
-9.35637e-16
4.55402e-16
3.04027e-16
4.85115e-17
-2.45281e-17
-1.56034e-17
-2.29093e-18
1.27976e-18
7.58494e-19
9.82903e-20
-6.44756e-20
-3.49763e-20
-3.78663e-21
3.12623e-21
1.53112e-21
1.27076e-22
-1.45475e-22
-6.3634e-23
