VARIABLEs = X,u
ZONE I=101
datapacking=block
0
0.01
0.02
0.03
0.04
0.05
0.06
0.07
0.08
0.09
0.1
0.11
0.12
0.13
0.14
0.15
0.16
0.17
0.18
0.19
0.2
0.21
0.22
0.23
0.24
0.25
0.26
0.27
0.28
0.29
0.3
0.31
0.32
0.33
0.34
0.35
0.36
0.37
0.38
0.39
0.4
0.41
0.42
0.43
0.44
0.45
0.46
0.47
0.48
0.49
0.5
0.51
0.52
0.53
0.54
0.55
0.56
0.57
0.58
0.59
0.6
0.61
0.62
0.63
0.64
0.65
0.66
0.67
0.68
0.69
0.7
0.71
0.72
0.73
0.74
0.75
0.76
0.77
0.78
0.79
0.8
0.81
0.82
0.83
0.84
0.85
0.86
0.87
0.88
0.89
0.9
0.91
0.92
0.93
0.94
0.95
0.96
0.97
0.98
0.99
1
0
1.66153e-11
7.42771e-11
3.13358e-10
1.31495e-09
5.48623e-09
2.26051e-08
9.10803e-08
3.5485e-07
1.32264e-06
4.6756e-06
1.55786e-05
4.87301e-05
0.0001428
0.000391724
0.00100599
0.00242024
0.00546007
0.0115642
0.0230216
0.0431305
0.0761317
0.126754
0.199265
0.296084
0.416254
0.554296
0.700046
0.839903
0.959467
1.04694
1.09625
1.10871
1.09252
1.06022
1.02496
0.996934
0.981266
0.97785
0.982903
0.991337
0.998894
1.00332
1.00438
1.00315
1.00095
0.998582
0.995877
0.991623
0.983585
0.968541
0.942346
0.900206
0.837369
0.750341
0.638449
0.505295
0.359431
0.2137
0.0830039
-0.0190533
-0.0836821
-0.109329
-0.102028
-0.0734462
-0.0372948
-0.00542033
0.0150165
0.0224087
0.019611
0.0116505
0.003341
-0.00229383
-0.00442631
-0.00386794
-0.00209204
-0.00037872
0.000612803
0.000834009
0.000583662
0.000214074
-4.93012e-05
-0.000145225
-0.000120911
-5.39334e-05
2.67556e-07
2.29585e-05
2.11656e-05
9.96593e-06
4.65203e-07
-3.54029e-06
-3.29055e-06
-1.48674e-06
-2.06524e-08
5.40584e-07
4.59131e-07
1.81281e-07
-1.78324e-08
-7.89696e-08
-5.66751e-08
-1.72292e-08
