VARIABLEs = X,u
ZONE I=101
datapacking=block
0
0.01
0.02
0.03
0.04
0.05
0.06
0.07
0.08
0.09
0.1
0.11
0.12
0.13
0.14
0.15
0.16
0.17
0.18
0.19
0.2
0.21
0.22
0.23
0.24
0.25
0.26
0.27
0.28
0.29
0.3
0.31
0.32
0.33
0.34
0.35
0.36
0.37
0.38
0.39
0.4
0.41
0.42
0.43
0.44
0.45
0.46
0.47
0.48
0.49
0.5
0.51
0.52
0.53
0.54
0.55
0.56
0.57
0.58
0.59
0.6
0.61
0.62
0.63
0.64
0.65
0.66
0.67
0.68
0.69
0.7
0.71
0.72
0.73
0.74
0.75
0.76
0.77
0.78
0.79
0.8
0.81
0.82
0.83
0.84
0.85
0.86
0.87
0.88
0.89
0.9
0.91
0.92
0.93
0.94
0.95
0.96
0.97
0.98
0.99
1
0
2.23594e-06
9.95132e-06
4.09499e-05
0.00015999
0.000578927
0.00190183
0.00561188
0.0148213
0.0350596
0.0744926
0.142714
0.247553
0.390449
0.562403
0.743297
0.906373
1.02695
1.09158
1.10291
1.07757
1.03824
1.00427
0.985619
0.982247
0.988011
0.995811
1.00114
1.0029
1.00226
1.00089
0.999905
0.999572
0.999668
0.999856
0.999867
0.999362
0.997468
0.991999
0.978491
0.949523
0.895227
0.805839
0.676292
0.511212
0.327398
0.151135
0.010193
-0.07635
-0.105305
-0.0896722
-0.0519196
-0.0140518
0.0102594
0.0180861
0.0143437
0.0064823
0.000109063
-0.00268709
-0.00258343
-0.00128206
-0.000125809
0.000384579
0.00037558
0.000172215
6.01691e-06
-5.53987e-05
-4.5341e-05
-1.62035e-05
2.65997e-06
7.14433e-06
4.32921e-06
8.77359e-07
-6.92553e-07
-7.341e-07
-2.94019e-07
1.40827e-08
9.14803e-08
5.49556e-08
1.00796e-08
-8.32209e-09
-7.76014e-09
-2.56772e-09
4.29863e-10
8.95324e-10
4.16638e-10
2.29606e-11
-8.65224e-11
-5.40639e-11
-9.92924e-12
6.94615e-12
6.02077e-12
1.68254e-12
-4.34073e-13
-5.94863e-13
-2.16182e-13
1.51169e-14
5.31409e-14
2.37046e-14
9.47835e-16
-4.34373e-15
