VARIABLEs = X,u
ZONE I=101
datapacking=block
0
0.01
0.02
0.03
0.04
0.05
0.06
0.07
0.08
0.09
0.1
0.11
0.12
0.13
0.14
0.15
0.16
0.17
0.18
0.19
0.2
0.21
0.22
0.23
0.24
0.25
0.26
0.27
0.28
0.29
0.3
0.31
0.32
0.33
0.34
0.35
0.36
0.37
0.38
0.39
0.4
0.41
0.42
0.43
0.44
0.45
0.46
0.47
0.48
0.49
0.5
0.51
0.52
0.53
0.54
0.55
0.56
0.57
0.58
0.59
0.6
0.61
0.62
0.63
0.64
0.65
0.66
0.67
0.68
0.69
0.7
0.71
0.72
0.73
0.74
0.75
0.76
0.77
0.78
0.79
0.8
0.81
0.82
0.83
0.84
0.85
0.86
0.87
0.88
0.89
0.9
0.91
0.92
0.93
0.94
0.95
0.96
0.97
0.98
0.99
1
0
1.1119e-09
4.96977e-09
2.09354e-08
8.73199e-08
3.58367e-07
1.42795e-06
5.44313e-06
1.95933e-05
6.59706e-05
0.000206529
0.00059933
0.00161049
0.00400853
0.00925155
0.0198287
0.0395323
0.0734402
0.127344
0.20644
0.313385
0.446202
0.596904
0.751744
0.893579
1.00599
1.07789
1.10684
1.0996
1.06971
1.03279
1.00176
0.983606
0.978883
0.983527
0.991847
0.999169
1.0032
1.00393
1.00267
1.00089
0.999486
0.998494
0.997178
0.9941
0.987009
0.972549
0.946049
0.90174
0.833728
0.737803
0.613695
0.466997
0.309704
0.158602
0.0315303
-0.0574712
-0.102344
-0.106768
-0.0826531
-0.0459003
-0.0112091
0.0119894
0.0210364
0.0188439
0.0110269
0.00291675
-0.0023149
-0.00400586
-0.00320474
-0.00148665
-4.83574e-05
0.000630772
0.000652379
0.000362984
6.84708e-05
-8.88607e-05
-0.000111226
-6.55688e-05
-1.44375e-05
1.30625e-05
1.70014e-05
9.63211e-06
1.77646e-06
-2.0751e-06
-2.35304e-06
-1.16575e-06
-1.02824e-07
3.23937e-07
2.87582e-07
1.11796e-07
-1.08466e-08
-4.48425e-08
-2.97095e-08
-7.4165e-09
4.00623e-09
5.17503e-09
2.42784e-09
1.26442e-10
-6.40805e-10
-4.76049e-10
