VARIABLEs = X,u
ZONE I=101
datapacking=block
0
0.01
0.02
0.03
0.04
0.05
0.06
0.07
0.08
0.09
0.1
0.11
0.12
0.13
0.14
0.15
0.16
0.17
0.18
0.19
0.2
0.21
0.22
0.23
0.24
0.25
0.26
0.27
0.28
0.29
0.3
0.31
0.32
0.33
0.34
0.35
0.36
0.37
0.38
0.39
0.4
0.41
0.42
0.43
0.44
0.45
0.46
0.47
0.48
0.49
0.5
0.51
0.52
0.53
0.54
0.55
0.56
0.57
0.58
0.59
0.6
0.61
0.62
0.63
0.64
0.65
0.66
0.67
0.68
0.69
0.7
0.71
0.72
0.73
0.74
0.75
0.76
0.77
0.78
0.79
0.8
0.81
0.82
0.83
0.84
0.85
0.86
0.87
0.88
0.89
0.9
0.91
0.92
0.93
0.94
0.95
0.96
0.97
0.98
0.99
1
0
2.03244e-13
9.08613e-13
3.83454e-12
1.61185e-11
6.76274e-11
2.82472e-10
1.16868e-09
4.75483e-09
1.88599e-08
7.22955e-08
2.65751e-07
9.31024e-07
3.09492e-06
9.73421e-06
2.89212e-05
8.11147e-05
0.000214751
0.000536899
0.00126841
0.00283394
0.00599333
0.0120084
0.0228153
0.0411392
0.0704566
0.114694
0.17759
0.261719
0.367349
0.491419
0.627056
0.763996
0.89006
0.993495
1.06561
1.10294
1.10808
1.08903
1.05691
1.02303
0.996137
0.98071
0.976823
0.981294
0.989576
0.997574
1.00279
1.00453
1.00345
1.00059
0.996596
0.991145
0.982719
0.968652
0.945345
0.908626
0.854323
0.77911
0.681592
0.563415
0.430031
0.290687
0.157342
0.0425504
-0.043247
-0.0942465
-0.110773
-0.0991532
-0.0699334
-0.0349783
-0.00442862
0.0155
0.023245
0.0211137
0.0135005
0.00490576
-0.00152592
-0.00456894
-0.00463632
-0.00301387
-0.00105247
0.000359452
0.000939408
0.000858563
0.000471753
8.92663e-05
-0.000131314
-0.000179094
-0.000123268
-4.31041e-05
1.2483e-05
3.15288e-05
2.52837e-05
1.07029e-05
-6.22062e-07
-5.099e-06
-4.47612e-06
-2.01182e-06
-8.06877e-09
7.99205e-07
