VARIABLEs = X,u
ZONE I=101
datapacking=block
0
0.01
0.02
0.03
0.04
0.05
0.06
0.07
0.08
0.09
0.1
0.11
0.12
0.13
0.14
0.15
0.16
0.17
0.18
0.19
0.2
0.21
0.22
0.23
0.24
0.25
0.26
0.27
0.28
0.29
0.3
0.31
0.32
0.33
0.34
0.35
0.36
0.37
0.38
0.39
0.4
0.41
0.42
0.43
0.44
0.45
0.46
0.47
0.48
0.49
0.5
0.51
0.52
0.53
0.54
0.55
0.56
0.57
0.58
0.59
0.6
0.61
0.62
0.63
0.64
0.65
0.66
0.67
0.68
0.69
0.7
0.71
0.72
0.73
0.74
0.75
0.76
0.77
0.78
0.79
0.8
0.81
0.82
0.83
0.84
0.85
0.86
0.87
0.88
0.89
0.9
0.91
0.92
0.93
0.94
0.95
0.96
0.97
0.98
0.99
1
0
0.246309
0.610653
0.927906
1.06445
1.0598
1.01923
0.997767
0.995441
0.998388
1.00005
1.00025
1.00009
0.999998
0.999988
0.999996
1
1
1
1
1
1
1
1
1
1
1
1
1
1
1
0.858671
0.514567
0.151761
-0.0401311
-0.063658
-0.0266605
-0.000829527
0.00442239
0.00204689
0.000149015
-0.000238319
-0.000107736
-7.09527e-06
1.08778e-05
4.40409e-06
1.66525e-07
-4.30376e-07
-1.47544e-07
6.07399e-10
1.48774e-08
4.15707e-09
-2.50067e-10
-4.52489e-10
-9.93679e-11
1.36448e-11
1.21991e-11
1.99479e-12
-5.10959e-13
-2.93428e-13
-3.20163e-14
1.54925e-14
6.32152e-15
3.3472e-16
-4.0373e-16
-1.21914e-16
1.25815e-18
9.31285e-18
2.08731e-18
-1.8902e-19
-1.93275e-19
-3.09531e-20
6.52987e-21
3.64002e-21
3.70398e-22
-1.66345e-22
-6.23659e-23
-2.64503e-24
3.59225e-24
9.67748e-25
-2.48621e-26
-6.89281e-26
-1.33866e-26
1.56144e-27
1.19928e-27
1.58289e-28
-4.2354e-29
-1.90748e-29
-1.40015e-30
8.9683e-31
2.77213e-31
2.96082e-33
-1.64775e-32
-3.64256e-33
2.44152e-34
2.72657e-34
4.20232e-35
-7.71507e-36
-4.12475e-36
-3.91588e-37
1.65058e-37
