VARIABLEs = X,u
ZONE I=101
datapacking=block
0
0.01
0.02
0.03
0.04
0.05
0.06
0.07
0.08
0.09
0.1
0.11
0.12
0.13
0.14
0.15
0.16
0.17
0.18
0.19
0.2
0.21
0.22
0.23
0.24
0.25
0.26
0.27
0.28
0.29
0.3
0.31
0.32
0.33
0.34
0.35
0.36
0.37
0.38
0.39
0.4
0.41
0.42
0.43
0.44
0.45
0.46
0.47
0.48
0.49
0.5
0.51
0.52
0.53
0.54
0.55
0.56
0.57
0.58
0.59
0.6
0.61
0.62
0.63
0.64
0.65
0.66
0.67
0.68
0.69
0.7
0.71
0.72
0.73
0.74
0.75
0.76
0.77
0.78
0.79
0.8
0.81
0.82
0.83
0.84
0.85
0.86
0.87
0.88
0.89
0.9
0.91
0.92
0.93
0.94
0.95
0.96
0.97
0.98
0.99
1
0
1.50029e-08
6.70306e-08
2.81581e-07
1.16304e-06
4.66635e-06
1.78644e-05
6.42094e-05
0.00021415
0.000658126
0.00185765
0.00481256
0.0114526
0.0250767
0.0506263
0.0944456
0.163175
0.261661
0.390285
0.542692
0.705234
0.859056
0.984741
1.06806
1.1045
1.10053
1.07091
1.03314
1.00159
0.983772
0.979872
0.985138
0.993429
1.00012
1.00331
1.00343
1.002
1.00046
0.99951
0.999124
0.998719
0.997295
0.993244
0.983876
0.964915
0.93036
0.873177
0.787095
0.669327
0.523339
0.360354
0.198281
0.0577303
-0.04388
-0.0978518
-0.106928
-0.0838583
-0.0463963
-0.0109908
0.0120767
0.020308
0.0173096
0.00928639
0.00167461
-0.00269654
-0.00364333
-0.00251613
-0.000894829
0.000228033
0.000608594
0.000481585
0.000196016
-1.67348e-05
-9.31779e-05
-7.55525e-05
-2.96514e-05
3.22248e-06
1.36595e-05
1.00713e-05
3.2819e-06
-9.16452e-07
-1.85177e-06
-1.12148e-06
-2.36633e-07
1.90753e-07
2.17942e-07
9.85255e-08
2.6345e-09
-2.86113e-08
-2.09129e-08
-5.91048e-09
2.15071e-09
3.18614e-09
1.51184e-09
9.2498e-11
-3.64739e-10
-2.61648e-10
-6.73811e-11
2.82355e-11
3.57236e-11
1.46776e-11
