VARIABLEs = X,u
ZONE I=101
datapacking=block
0
0.01
0.02
0.03
0.04
0.05
0.06
0.07
0.08
0.09
0.1
0.11
0.12
0.13
0.14
0.15
0.16
0.17
0.18
0.19
0.2
0.21
0.22
0.23
0.24
0.25
0.26
0.27
0.28
0.29
0.3
0.31
0.32
0.33
0.34
0.35
0.36
0.37
0.38
0.39
0.4
0.41
0.42
0.43
0.44
0.45
0.46
0.47
0.48
0.49
0.5
0.51
0.52
0.53
0.54
0.55
0.56
0.57
0.58
0.59
0.6
0.61
0.62
0.63
0.64
0.65
0.66
0.67
0.68
0.69
0.7
0.71
0.72
0.73
0.74
0.75
0.76
0.77
0.78
0.79
0.8
0.81
0.82
0.83
0.84
0.85
0.86
0.87
0.88
0.89
0.9
0.91
0.92
0.93
0.94
0.95
0.96
0.97
0.98
0.99
1
0
1.00802e-12
4.50637e-12
1.90165e-11
7.99064e-11
3.34818e-10
1.39371e-09
5.72548e-09
2.30104e-08
8.96042e-08
3.35042e-07
1.19398e-06
4.033e-06
1.28651e-05
3.86745e-05
0.000109458
0.000291611
0.00073157
0.00172944
0.00385597
0.0081165
0.0161452
0.0303796
0.0541245
0.0913825
0.146335
0.22243
0.321164
0.440851
0.575793
0.716325
0.850021
0.963991
1.04776
1.09586
1.1093
1.09517
1.06466
1.02987
1.00073
0.982862
0.97709
0.980533
0.988549
0.996754
1.00235
1.00449
1.00378
1.00139
0.998181
0.994095
0.987933
0.977354
0.95901
0.928787
0.882238
0.815327
0.725518
0.613053
0.482031
0.340798
0.201205
0.0766425
-0.0208077
-0.0833105
-0.109323
-0.103968
-0.0775126
-0.0424092
-0.00992207
0.0125167
0.0224139
0.0216172
0.0145061
0.00583794
-0.000917608
-0.00428913
-0.00457527
-0.00305422
-0.00111917
0.000297626
0.000889624
0.000821827
0.000449701
8.27226e-05
-0.000125152
-0.000166553
-0.000111307
-3.61752e-05
1.36639e-05
2.90139e-05
2.18887e-05
8.37829e-06
-1.33522e-06
-4.68288e-06
-3.71503e-06
-1.45745e-06
1.78346e-07
7.26593e-07
5.61165e-07
2.03891e-07
