VARIABLEs = X,u
ZONE I=101
datapacking=block
0
0.01
0.02
0.03
0.04
0.05
0.06
0.07
0.08
0.09
0.1
0.11
0.12
0.13
0.14
0.15
0.16
0.17
0.18
0.19
0.2
0.21
0.22
0.23
0.24
0.25
0.26
0.27
0.28
0.29
0.3
0.31
0.32
0.33
0.34
0.35
0.36
0.37
0.38
0.39
0.4
0.41
0.42
0.43
0.44
0.45
0.46
0.47
0.48
0.49
0.5
0.51
0.52
0.53
0.54
0.55
0.56
0.57
0.58
0.59
0.6
0.61
0.62
0.63
0.64
0.65
0.66
0.67
0.68
0.69
0.7
0.71
0.72
0.73
0.74
0.75
0.76
0.77
0.78
0.79
0.8
0.81
0.82
0.83
0.84
0.85
0.86
0.87
0.88
0.89
0.9
0.91
0.92
0.93
0.94
0.95
0.96
0.97
0.98
0.99
1
0
1.50629e-14
6.734e-14
2.84205e-13
1.19503e-12
5.01986e-12
2.10376e-11
8.76898e-11
3.61714e-10
1.46657e-09
5.79981e-09
2.2201e-08
8.17052e-08
2.87543e-07
9.63885e-07
3.06955e-06
9.27211e-06
2.65467e-05
7.20278e-05
0.000185247
0.000451832
0.00104584
0.00229897
0.00480308
0.00954461
0.0180539
0.0325288
0.0558636
0.0914997
0.143015
0.213424
0.304245
0.414524
0.5401
0.673456
0.804398
0.921614
1.01485
1.07714
1.10652
1.10646
1.08501
1.05269
1.01983
0.994246
0.979808
0.976402
0.980978
0.989236
0.997262
1.00258
1.00437
1.00308
0.999533
0.994192
0.986529
0.974823
0.956224
0.927058
0.883328
0.821403
0.738893
0.635622
0.514478
0.38182
0.247145
0.121829
0.0170903
-0.0583867
-0.100487
-0.110693
-0.0956886
-0.0655974
-0.0313647
-0.00211958
0.0166747
0.0237824
0.0214575
0.0138483
0.00522174
-0.00137291
-0.00466019
-0.00493431
-0.00338709
-0.00135412
0.000217895
0.000959746
0.000976946
0.000605559
0.000179036
-0.00010403
-0.000198853
-0.000160822
-7.41092e-05
-1.44144e-06
3.26755e-05
3.35692e-05
1.87386e-05
3.54958e-06
-4.74963e-06
-6.09564e-06
