VARIABLEs = X,u
ZONE I=101
datapacking=block
0
0.01
0.02
0.03
0.04
0.05
0.06
0.07
0.08
0.09
0.1
0.11
0.12
0.13
0.14
0.15
0.16
0.17
0.18
0.19
0.2
0.21
0.22
0.23
0.24
0.25
0.26
0.27
0.28
0.29
0.3
0.31
0.32
0.33
0.34
0.35
0.36
0.37
0.38
0.39
0.4
0.41
0.42
0.43
0.44
0.45
0.46
0.47
0.48
0.49
0.5
0.51
0.52
0.53
0.54
0.55
0.56
0.57
0.58
0.59
0.6
0.61
0.62
0.63
0.64
0.65
0.66
0.67
0.68
0.69
0.7
0.71
0.72
0.73
0.74
0.75
0.76
0.77
0.78
0.79
0.8
0.81
0.82
0.83
0.84
0.85
0.86
0.87
0.88
0.89
0.9
0.91
0.92
0.93
0.94
0.95
0.96
0.97
0.98
0.99
1
0
8.25158e-13
3.6889e-12
1.5567e-11
6.54155e-11
2.74153e-10
1.14176e-09
4.69525e-09
1.89025e-08
7.37949e-08
2.76861e-07
9.90747e-07
3.36277e-06
1.07854e-05
3.26153e-05
9.28952e-05
0.000249146
0.000629417
0.00149877
0.00336681
0.00714169
0.014319
0.0271629
0.0487973
0.0830907
0.134216
0.205821
0.29987
0.415399
0.547582
0.687568
0.823429
0.942237
1.03285
1.0886
1.10907
1.10012
1.07221
1.03745
1.00643
0.98579
0.977411
0.979115
0.986498
0.994982
1.00134
1.00428
1.00414
1.00202
0.998904
0.994971
0.989278
0.979716
0.963133
0.935554
0.892573
0.830029
0.745018
0.637141
0.509646
0.369984
0.229325
0.100858
-0.0028982
-0.0730549
-0.106643
-0.10738
-0.0845608
-0.0503693
-0.0165339
0.00854113
0.0212549
0.0225829
0.0164929
0.00780953
0.000390841
-0.00381582
-0.00474569
-0.00352173
-0.00157344
2.5964e-05
0.000821838
0.000887095
0.000555639
0.000164226
-9.0771e-05
-0.000170032
-0.000131234
-5.47552e-05
4.26766e-06
2.81773e-05
2.52717e-05
1.19909e-05
6.17301e-07
-4.40266e-06
-4.27924e-06
-2.08781e-06
-1.57549e-07
6.82913e-07
6.56837e-07
3.04161e-07
