VARIABLEs = X,u
ZONE I=101
datapacking=block
0
0.01
0.02
0.03
0.04
0.05
0.06
0.07
0.08
0.09
0.1
0.11
0.12
0.13
0.14
0.15
0.16
0.17
0.18
0.19
0.2
0.21
0.22
0.23
0.24
0.25
0.26
0.27
0.28
0.29
0.3
0.31
0.32
0.33
0.34
0.35
0.36
0.37
0.38
0.39
0.4
0.41
0.42
0.43
0.44
0.45
0.46
0.47
0.48
0.49
0.5
0.51
0.52
0.53
0.54
0.55
0.56
0.57
0.58
0.59
0.6
0.61
0.62
0.63
0.64
0.65
0.66
0.67
0.68
0.69
0.7
0.71
0.72
0.73
0.74
0.75
0.76
0.77
0.78
0.79
0.8
0.81
0.82
0.83
0.84
0.85
0.86
0.87
0.88
0.89
0.9
0.91
0.92
0.93
0.94
0.95
0.96
0.97
0.98
0.99
1
0
1.2314e-12
5.50501e-12
2.32304e-11
9.76069e-11
4.08899e-10
1.70118e-09
6.98119e-09
2.8007e-08
1.08777e-07
4.05331e-07
1.43836e-06
4.83461e-06
1.53374e-05
4.58312e-05
0.000128884
0.000341053
0.000849585
0.00199376
0.00441182
0.00921448
0.0181833
0.0339355
0.0599548
0.100362
0.159315
0.240007
0.343412
0.467068
0.604392
0.744939
0.875877
0.984485
1.06109
1.10152
1.10819
1.0894
1.05687
1.02257
0.995622
0.980572
0.977263
0.982197
0.990605
0.998373
1.00316
1.00453
1.00333
1.00074
0.997456
0.993178
0.986457
0.974726
0.954451
0.921392
0.871087
0.799666
0.705016
0.588077
0.453836
0.311522
0.173594
0.0535212
-0.0371979
-0.0918991
-0.110511
-0.0995145
-0.070016
-0.0345671
-0.00382214
0.0158345
0.0230012
0.0203109
0.0124395
0.00398154
-0.00202685
-0.00458148
-0.00430052
-0.00256645
-0.000700834
0.000515805
0.000915796
0.000738518
0.000345831
1.28728e-05
-0.000148074
-0.000156814
-9.05175e-05
-1.97465e-05
2.04767e-05
2.82881e-05
1.81646e-05
5.14491e-06
-2.7732e-06
-4.64551e-06
-3.07881e-06
-8.96764e-07
4.20781e-07
7.15568e-07
4.55413e-07
1.16921e-07
