VARIABLEs = X,u
ZONE I=101
datapacking=block
0
0.01
0.02
0.03
0.04
0.05
0.06
0.07
0.08
0.09
0.1
0.11
0.12
0.13
0.14
0.15
0.16
0.17
0.18
0.19
0.2
0.21
0.22
0.23
0.24
0.25
0.26
0.27
0.28
0.29
0.3
0.31
0.32
0.33
0.34
0.35
0.36
0.37
0.38
0.39
0.4
0.41
0.42
0.43
0.44
0.45
0.46
0.47
0.48
0.49
0.5
0.51
0.52
0.53
0.54
0.55
0.56
0.57
0.58
0.59
0.6
0.61
0.62
0.63
0.64
0.65
0.66
0.67
0.68
0.69
0.7
0.71
0.72
0.73
0.74
0.75
0.76
0.77
0.78
0.79
0.8
0.81
0.82
0.83
0.84
0.85
0.86
0.87
0.88
0.89
0.9
0.91
0.92
0.93
0.94
0.95
0.96
0.97
0.98
0.99
1
0
1.51433e-22
6.76996e-22
2.85732e-21
1.20173e-20
5.05306e-20
2.12468e-19
8.93331e-19
3.75553e-18
1.57822e-17
6.6264e-17
2.77705e-16
1.15984e-15
4.81627e-15
1.98242e-14
8.05896e-14
3.22293e-13
1.26298e-12
4.83192e-12
1.79889e-11
6.49954e-11
2.27413e-10
7.69307e-10
2.51319e-09
7.92233e-09
2.40864e-08
7.06128e-08
1.99601e-07
5.44067e-07
1.43031e-06
3.62756e-06
8.8784e-06
2.09768e-05
4.78608e-05
0.00010549
0.000224692
0.00046265
0.000921192
0.00177423
0.00330642
0.0059635
0.0104122
0.0176022
0.0288174
0.045695
0.070188
0.104443
0.150576
0.210337
0.284702
0.37343
0.474693
0.584884
0.698693
0.809537
0.910321
0.994444
1.05687
1.09505
1.10939
1.10327
1.08239
1.05372
1.02412
0.999201
0.982396
0.974684
0.974843
0.980151
0.987278
0.993111
0.995273
0.992268
0.983264
0.967675
0.944719
0.913144
0.87122
0.817019
0.748931
0.666279
0.569897
0.462502
0.34876
0.23496
0.128318
0.0359736
-0.0361318
-0.084289
-0.10772
-0.108756
-0.0924212
-0.0654674
-0.03509
-0.00760325
0.0126014
0.023583
0.0257757
0.0213905
0.0135083
0.00514318
