VARIABLEs = X,u
ZONE I=101
datapacking=block
0
0.01
0.02
0.03
0.04
0.05
0.06
0.07
0.08
0.09
0.1
0.11
0.12
0.13
0.14
0.15
0.16
0.17
0.18
0.19
0.2
0.21
0.22
0.23
0.24
0.25
0.26
0.27
0.28
0.29
0.3
0.31
0.32
0.33
0.34
0.35
0.36
0.37
0.38
0.39
0.4
0.41
0.42
0.43
0.44
0.45
0.46
0.47
0.48
0.49
0.5
0.51
0.52
0.53
0.54
0.55
0.56
0.57
0.58
0.59
0.6
0.61
0.62
0.63
0.64
0.65
0.66
0.67
0.68
0.69
0.7
0.71
0.72
0.73
0.74
0.75
0.76
0.77
0.78
0.79
0.8
0.81
0.82
0.83
0.84
0.85
0.86
0.87
0.88
0.89
0.9
0.91
0.92
0.93
0.94
0.95
0.96
0.97
0.98
0.99
1
0
0.0149431
0.0570075
0.159953
0.346526
0.597247
0.846114
1.01987
1.08766
1.07464
1.03245
1.00043
0.98971
0.992411
0.997777
1.00063
1.00098
1.00043
1.00001
0.999909
0.999949
0.999993
1.00001
1
1
1
1
1
1
1
1
0.997177
0.976558
0.904615
0.746508
0.50442
0.236691
0.0263327
-0.0765296
-0.0832077
-0.0444404
-0.00738419
0.00883054
0.00866474
0.00339313
-0.00015916
-0.000983413
-0.0005481
-8.1109e-05
7.99504e-05
6.04726e-05
1.44277e-05
-5.06077e-06
-5.30271e-06
-1.55157e-06
2.6173e-07
3.96233e-07
1.29026e-07
-1.16194e-08
-2.62552e-08
-8.99342e-09
4.87117e-10
1.58082e-09
5.46281e-10
-2.28879e-11
-8.77781e-11
-2.95594e-11
1.34455e-12
4.53372e-12
1.44369e-12
-8.88682e-14
-2.18828e-13
-6.41333e-14
5.71531e-15
9.89353e-15
2.60072e-15
-3.3586e-16
-4.19461e-16
-9.62502e-17
1.78181e-17
1.66858e-17
3.2344e-18
-8.57279e-19
-6.22839e-19
-9.73875e-20
3.77075e-20
2.18099e-20
2.54642e-21
-1.52797e-21
-7.15799e-22
-5.3046e-23
5.74065e-23
2.1976e-23
5.85705e-25
-2.00983e-24
-6.28813e-25
1.80729e-26
6.58178e-26
1.66548e-26
-1.62964e-27
-2.02128e-27
