VARIABLEs = X,u
ZONE I=101
datapacking=block
0
0.01
0.02
0.03
0.04
0.05
0.06
0.07
0.08
0.09
0.1
0.11
0.12
0.13
0.14
0.15
0.16
0.17
0.18
0.19
0.2
0.21
0.22
0.23
0.24
0.25
0.26
0.27
0.28
0.29
0.3
0.31
0.32
0.33
0.34
0.35
0.36
0.37
0.38
0.39
0.4
0.41
0.42
0.43
0.44
0.45
0.46
0.47
0.48
0.49
0.5
0.51
0.52
0.53
0.54
0.55
0.56
0.57
0.58
0.59
0.6
0.61
0.62
0.63
0.64
0.65
0.66
0.67
0.68
0.69
0.7
0.71
0.72
0.73
0.74
0.75
0.76
0.77
0.78
0.79
0.8
0.81
0.82
0.83
0.84
0.85
0.86
0.87
0.88
0.89
0.9
0.91
0.92
0.93
0.94
0.95
0.96
0.97
0.98
0.99
1
0
1.3565e-07
6.05545e-07
2.53043e-06
1.02859e-05
3.99409e-05
0.000145149
0.00048616
0.00148734
0.00413996
0.0104779
0.0241448
0.0507736
0.0977029
0.172535
0.280408
0.420629
0.584112
0.753397
0.906215
1.02193
1.08836
1.10591
1.08686
1.05007
1.01375
0.989617
0.980778
0.983538
0.991367
0.998647
1.00262
1.00328
1.0021
1.00062
0.999692
0.999428
0.999472
0.999268
0.998008
0.994217
0.985065
0.965711
0.929156
0.867189
0.772784
0.643608
0.485353
0.313006
0.148509
0.0148381
-0.0714597
-0.105961
-0.0974773
-0.0639509
-0.0251728
0.00415767
0.0180128
0.0183279
0.0113321
0.00336669
-0.00178054
-0.00335508
-0.00255265
-0.00102931
0.000101875
0.000520636
0.000432918
0.000180211
-9.98975e-06
-7.67806e-05
-6.08026e-05
-2.22392e-05
3.64934e-06
1.06703e-05
7.08994e-06
1.8596e-06
-9.36362e-07
-1.30024e-06
-6.53715e-07
-6.38125e-08
1.56279e-07
1.2883e-07
4.22904e-08
-9.07898e-09
-1.83457e-08
-9.57321e-09
-1.1083e-09
1.93623e-09
1.53845e-09
4.48322e-10
-1.29544e-10
-1.9733e-10
-8.6602e-11
-1.71896e-12
2.08228e-11
1.26933e-11
2.27346e-12
-1.77513e-12
-1.55987e-12
-4.60189e-13
