VARIABLEs = X,u
ZONE I=101
datapacking=block
0
0.01
0.02
0.03
0.04
0.05
0.06
0.07
0.08
0.09
0.1
0.11
0.12
0.13
0.14
0.15
0.16
0.17
0.18
0.19
0.2
0.21
0.22
0.23
0.24
0.25
0.26
0.27
0.28
0.29
0.3
0.31
0.32
0.33
0.34
0.35
0.36
0.37
0.38
0.39
0.4
0.41
0.42
0.43
0.44
0.45
0.46
0.47
0.48
0.49
0.5
0.51
0.52
0.53
0.54
0.55
0.56
0.57
0.58
0.59
0.6
0.61
0.62
0.63
0.64
0.65
0.66
0.67
0.68
0.69
0.7
0.71
0.72
0.73
0.74
0.75
0.76
0.77
0.78
0.79
0.8
0.81
0.82
0.83
0.84
0.85
0.86
0.87
0.88
0.89
0.9
0.91
0.92
0.93
0.94
0.95
0.96
0.97
0.98
0.99
1
0
6.75469e-13
3.01971e-12
1.27432e-11
5.35522e-11
2.24477e-10
9.35328e-10
3.85009e-09
1.55258e-08
6.07623e-08
2.28718e-07
8.21807e-07
2.80267e-06
9.03719e-06
2.74887e-05
7.87851e-05
0.000212703
0.000541078
0.0012977
0.00293681
0.00627733
0.012685
0.0242575
0.0439378
0.0754482
0.122923
0.190162
0.279539
0.390762
0.519849
0.658787
0.796227
0.919327
1.01641
1.07972
1.10745
1.10413
1.0794
1.04521
1.01265
0.98936
0.978269
0.978002
0.984501
0.993085
1.00013
1.0039
1.0044
1.00261
0.999624
0.99582
0.990513
0.981842
0.966857
0.941734
0.902131
0.843798
0.763518
0.660309
0.536608
0.398969
0.257825
0.126048
0.0164529
-0.0611455
-0.102415
-0.10964
-0.0910285
-0.0583317
-0.023587
0.0039214
0.0194901
0.0231491
0.0183425
0.00985933
0.00188832
-0.00315041
-0.0047911
-0.00395025
-0.00205343
-0.000298127
0.000707716
0.000928288
0.000659453
0.000256022
-4.41736e-05
-0.000165722
-0.000149071
-7.49827e-05
-7.80517e-06
2.54383e-05
2.80198e-05
1.58552e-05
3.09708e-06
-3.73441e-06
-4.71082e-06
-2.76268e-06
-5.90273e-07
5.70679e-07
7.31467e-07
4.13824e-07
