VARIABLEs = X,u
ZONE I=101
datapacking=block
0
0.01
0.02
0.03
0.04
0.05
0.06
0.07
0.08
0.09
0.1
0.11
0.12
0.13
0.14
0.15
0.16
0.17
0.18
0.19
0.2
0.21
0.22
0.23
0.24
0.25
0.26
0.27
0.28
0.29
0.3
0.31
0.32
0.33
0.34
0.35
0.36
0.37
0.38
0.39
0.4
0.41
0.42
0.43
0.44
0.45
0.46
0.47
0.48
0.49
0.5
0.51
0.52
0.53
0.54
0.55
0.56
0.57
0.58
0.59
0.6
0.61
0.62
0.63
0.64
0.65
0.66
0.67
0.68
0.69
0.7
0.71
0.72
0.73
0.74
0.75
0.76
0.77
0.78
0.79
0.8
0.81
0.82
0.83
0.84
0.85
0.86
0.87
0.88
0.89
0.9
0.91
0.92
0.93
0.94
0.95
0.96
0.97
0.98
0.99
1
0
2.04601e-23
9.14687e-23
3.86052e-22
1.62365e-21
6.82718e-21
2.87067e-20
1.20702e-19
5.07468e-19
2.13307e-18
8.96101e-18
3.75991e-17
1.57385e-16
6.56061e-16
2.71669e-15
1.11405e-14
4.50804e-14
1.79335e-13
6.98781e-13
2.65797e-12
9.84047e-12
3.53742e-11
1.23233e-10
4.15439e-10
1.35387e-09
4.26218e-09
1.29565e-08
3.80238e-08
1.07725e-07
2.94655e-07
7.78247e-07
1.98535e-06
4.89323e-06
1.16555e-05
2.684e-05
5.97723e-05
0.000128773
0.000268468
0.000541804
0.00105876
0.00200388
0.00367433
0.00652844
0.0112422
0.0187665
0.0303712
0.0476591
0.0725229
0.107024
0.153177
0.212633
0.286291
0.373893
0.47368
0.582204
0.694405
0.803998
0.904173
0.98853
1.05208
1.09212
1.10875
1.10492
1.08587
1.05821
1.02868
1.00292
0.984667
0.97529
0.973967
0.978268
0.984979
0.990911
0.993473
0.990903
0.982144
0.966493
0.943193
0.911138
0.868811
0.814509
0.746791
0.665052
0.570075
0.46441
0.352454
0.240176
0.134473
0.042243
-0.0306761
-0.0804926
-0.106158
-0.109591
-0.0953474
-0.0697742
-0.0398261
-0.0118058
0.00967829
0.022306
0.0260817
0.0228566
