VARIABLEs = X,u
ZONE I=101
datapacking=block
0
0.01
0.02
0.03
0.04
0.05
0.06
0.07
0.08
0.09
0.1
0.11
0.12
0.13
0.14
0.15
0.16
0.17
0.18
0.19
0.2
0.21
0.22
0.23
0.24
0.25
0.26
0.27
0.28
0.29
0.3
0.31
0.32
0.33
0.34
0.35
0.36
0.37
0.38
0.39
0.4
0.41
0.42
0.43
0.44
0.45
0.46
0.47
0.48
0.49
0.5
0.51
0.52
0.53
0.54
0.55
0.56
0.57
0.58
0.59
0.6
0.61
0.62
0.63
0.64
0.65
0.66
0.67
0.68
0.69
0.7
0.71
0.72
0.73
0.74
0.75
0.76
0.77
0.78
0.79
0.8
0.81
0.82
0.83
0.84
0.85
0.86
0.87
0.88
0.89
0.9
0.91
0.92
0.93
0.94
0.95
0.96
0.97
0.98
0.99
1
0
9.15057e-18
4.09084e-17
1.72657e-16
7.26145e-16
3.05303e-15
1.28322e-14
5.38864e-14
2.25791e-13
9.4183e-13
3.8969e-12
1.5918e-11
6.38382e-11
2.49925e-10
9.50028e-10
3.49006e-09
1.23445e-08
4.19205e-08
1.36407e-07
4.2476e-07
1.26483e-06
3.60057e-06
9.79848e-06
2.5497e-05
6.34627e-05
0.000151164
0.000344744
0.00075318
0.0015772
0.0031673
0.00610272
0.0112874
0.0200488
0.034212
0.0561074
0.0884604
0.134119
0.195593
0.274439
0.370577
0.481698
0.602963
0.727188
0.845594
0.949096
1.02991
1.08309
1.1076
1.10659
1.08668
1.05652
1.02481
0.998544
0.98181
0.975426
0.977499
0.984554
0.992835
0.999342
1.00234
1.00129
0.996301
0.987457
0.9742
0.954989
0.927315
0.88805
0.834046
0.762885
0.673666
0.567684
0.448843
0.323636
0.200568
0.0890112
-0.00234651
-0.0671603
-0.102758
-0.110754
-0.0967107
-0.0688827
-0.0363548
-0.0070876
0.0135928
0.0236749
0.0242038
0.0182785
0.00970878
0.00178688
-0.00348229
-0.00556198
-0.00506566
-0.00317648
-0.00106969
0.000469006
0.00116063
0.00113271
0.000712717
0.000228803
-0.000111014
-0.000245514
