VARIABLEs = X,u
ZONE I=101
datapacking=block
0
0.01
0.02
0.03
0.04
0.05
0.06
0.07
0.08
0.09
0.1
0.11
0.12
0.13
0.14
0.15
0.16
0.17
0.18
0.19
0.2
0.21
0.22
0.23
0.24
0.25
0.26
0.27
0.28
0.29
0.3
0.31
0.32
0.33
0.34
0.35
0.36
0.37
0.38
0.39
0.4
0.41
0.42
0.43
0.44
0.45
0.46
0.47
0.48
0.49
0.5
0.51
0.52
0.53
0.54
0.55
0.56
0.57
0.58
0.59
0.6
0.61
0.62
0.63
0.64
0.65
0.66
0.67
0.68
0.69
0.7
0.71
0.72
0.73
0.74
0.75
0.76
0.77
0.78
0.79
0.8
0.81
0.82
0.83
0.84
0.85
0.86
0.87
0.88
0.89
0.9
0.91
0.92
0.93
0.94
0.95
0.96
0.97
0.98
0.99
1
0
4.53233e-15
2.02621e-14
8.55162e-14
3.59608e-13
1.51104e-12
6.33848e-12
2.64792e-11
1.09706e-10
4.48125e-10
1.792e-09
6.9637e-09
2.61183e-08
9.40102e-08
3.23326e-07
1.05928e-06
3.29938e-06
9.75963e-06
2.74046e-05
7.30478e-05
0.000184897
0.000444649
0.00101661
0.0022113
0.00457942
0.00903557
0.0169974
0.0305048
0.0522611
0.0855163
0.133721
0.199912
0.285863
0.391164
0.512462
0.643187
0.774006
0.894105
0.99313
1.06335
1.10142
1.10922
1.09338
1.06358
1.03016
1.00171
0.983369
0.976314
0.978441
0.98581
0.994293
1.00083
1.00396
1.00365
1.00058
0.995336
0.987716
0.976376
0.958806
0.93158
0.89083
0.832912
0.755227
0.657136
0.540796
0.41164
0.27822
0.151218
0.0416856
-0.0411641
-0.0920185
-0.11075
-0.102452
-0.0761281
-0.042403
-0.0109419
0.0116253
0.0226855
0.0233558
0.0171984
0.00851698
0.000863548
-0.0038066
-0.0052141
-0.00425445
-0.00226385
-0.000387711
0.000752016
0.00107109
0.000829613
0.000384855
9.00919e-06
-0.000180968
-0.000199563
-0.000125154
-3.65709e-05
2.08274e-05
3.83207e-05
2.92978e-05
1.20161e-05
-1.18663e-06
