VARIABLEs = X,u
ZONE I=101
datapacking=block
0
0.01
0.02
0.03
0.04
0.05
0.06
0.07
0.08
0.09
0.1
0.11
0.12
0.13
0.14
0.15
0.16
0.17
0.18
0.19
0.2
0.21
0.22
0.23
0.24
0.25
0.26
0.27
0.28
0.29
0.3
0.31
0.32
0.33
0.34
0.35
0.36
0.37
0.38
0.39
0.4
0.41
0.42
0.43
0.44
0.45
0.46
0.47
0.48
0.49
0.5
0.51
0.52
0.53
0.54
0.55
0.56
0.57
0.58
0.59
0.6
0.61
0.62
0.63
0.64
0.65
0.66
0.67
0.68
0.69
0.7
0.71
0.72
0.73
0.74
0.75
0.76
0.77
0.78
0.79
0.8
0.81
0.82
0.83
0.84
0.85
0.86
0.87
0.88
0.89
0.9
0.91
0.92
0.93
0.94
0.95
0.96
0.97
0.98
0.99
1
0
1.36012e-11
6.08029e-11
2.56521e-10
1.0766e-09
4.49367e-09
1.85333e-08
7.48053e-08
2.92231e-07
1.09325e-06
3.88253e-06
1.30062e-05
4.09318e-05
0.000120747
0.000333591
0.000863149
0.00209292
0.00476023
0.0101671
0.0204161
0.0385905
0.0687412
0.115521
0.183343
0.27508
0.390557
0.525288
0.670084
0.811982
0.936593
1.03138
1.08891
1.10885
1.09799
1.06815
1.03257
1.0023
0.983663
0.977663
0.98119
0.989273
0.997331
1.00259
1.0044
1.00359
1.0015
0.99909
0.996436
0.992549
0.985397
0.971954
0.948256
0.909623
0.85126
0.769349
0.662553
0.533513
0.389724
0.243181
0.108487
-0.00028869
-0.0731501
-0.106897
-0.105965
-0.0809705
-0.0454228
-0.0118083
0.0115468
0.0218106
0.020969
0.0137437
0.00515709
-0.00127561
-0.00422683
-0.00419341
-0.00257411
-0.000751742
0.000448157
0.000843616
0.000675737
0.000306234
1.95039e-06
-0.000136399
-0.000135744
-7.256e-05
-1.11928e-05
2.01759e-05
2.34931e-05
1.33104e-05
2.5543e-06
-3.03138e-06
-3.68501e-06
-2.03718e-06
-3.42981e-07
4.78226e-07
5.29864e-07
2.6399e-07
2.41179e-08
-7.51547e-08
-6.88313e-08
-2.82951e-08
