VARIABLEs = X,u
ZONE I=101
datapacking=block
0
0.01
0.02
0.03
0.04
0.05
0.06
0.07
0.08
0.09
0.1
0.11
0.12
0.13
0.14
0.15
0.16
0.17
0.18
0.19
0.2
0.21
0.22
0.23
0.24
0.25
0.26
0.27
0.28
0.29
0.3
0.31
0.32
0.33
0.34
0.35
0.36
0.37
0.38
0.39
0.4
0.41
0.42
0.43
0.44
0.45
0.46
0.47
0.48
0.49
0.5
0.51
0.52
0.53
0.54
0.55
0.56
0.57
0.58
0.59
0.6
0.61
0.62
0.63
0.64
0.65
0.66
0.67
0.68
0.69
0.7
0.71
0.72
0.73
0.74
0.75
0.76
0.77
0.78
0.79
0.8
0.81
0.82
0.83
0.84
0.85
0.86
0.87
0.88
0.89
0.9
0.91
0.92
0.93
0.94
0.95
0.96
0.97
0.98
0.99
1
0
9.16276e-20
4.09629e-19
1.72888e-18
7.27124e-18
3.05738e-17
1.28543e-16
5.403e-16
2.26937e-15
9.51565e-15
3.97626e-14
1.65135e-13
6.79096e-13
2.75308e-12
1.09497e-11
4.25205e-11
1.60513e-10
5.86836e-10
2.07164e-09
7.04558e-09
2.30474e-08
7.24371e-08
2.18603e-07
6.33255e-07
1.76078e-06
4.69994e-06
1.20464e-05
2.96586e-05
7.01698e-05
0.000159604
0.000349158
0.000734989
0.00148938
0.00290654
0.00546458
0.00990153
0.0172962
0.029136
0.0473422
0.0742168
0.112273
0.163923
0.231028
0.314349
0.413003
0.524061
0.642427
0.76115
0.872191
0.967581
1.04077
1.08788
1.10847
1.10573
1.08579
1.05646
1.0256
0.999654
0.982504
0.975172
0.976177
0.982438
0.99039
0.996933
0.999983
0.998514
0.992199
0.980823
0.963736
0.939515
0.905961
0.860421
0.800369
0.724125
0.631557
0.52463
0.407644
0.287055
0.17082
0.0673173
-0.0160089
-0.0739989
-0.104804
-0.110295
-0.0957051
-0.0685308
-0.036968
-0.0082626
0.0125909
0.0234882
0.0250827
0.0200039
0.01173
0.00348233
-0.00255124
-0.00550971
-0.00569365
-0.00410544
-0.00191535
-4.33067e-05
0.00104285
