VARIABLEs = X,u
ZONE I=101
datapacking=block
0
0.01
0.02
0.03
0.04
0.05
0.06
0.07
0.08
0.09
0.1
0.11
0.12
0.13
0.14
0.15
0.16
0.17
0.18
0.19
0.2
0.21
0.22
0.23
0.24
0.25
0.26
0.27
0.28
0.29
0.3
0.31
0.32
0.33
0.34
0.35
0.36
0.37
0.38
0.39
0.4
0.41
0.42
0.43
0.44
0.45
0.46
0.47
0.48
0.49
0.5
0.51
0.52
0.53
0.54
0.55
0.56
0.57
0.58
0.59
0.6
0.61
0.62
0.63
0.64
0.65
0.66
0.67
0.68
0.69
0.7
0.71
0.72
0.73
0.74
0.75
0.76
0.77
0.78
0.79
0.8
0.81
0.82
0.83
0.84
0.85
0.86
0.87
0.88
0.89
0.9
0.91
0.92
0.93
0.94
0.95
0.96
0.97
0.98
0.99
1
0
0.1106
0.334103
0.647833
0.92455
1.06313
1.07367
1.03326
1.00186
0.993096
0.995802
0.999266
1.00046
1.00034
1.00007
0.999974
0.999978
0.999995
1
1
1
1
1
1
1
1
1
1
1
1
1
0.953799
0.777032
0.467689
0.152582
-0.0352547
-0.0763411
-0.0431613
-0.00757516
0.00584334
0.00485458
0.00128776
-0.000309666
-0.000375796
-0.000112035
1.41452e-05
2.32336e-05
7.00167e-06
-6.79834e-07
-1.22186e-06
-3.48065e-07
3.65169e-08
5.63115e-08
1.43973e-08
-1.97992e-09
-2.30883e-09
-5.05786e-10
9.84601e-11
8.49415e-11
1.51482e-11
-4.34028e-12
-2.81933e-12
-3.80309e-13
1.69312e-13
8.47161e-14
7.50092e-15
-5.89327e-15
-2.30763e-15
-8.66992e-17
1.84797e-16
5.68863e-17
-1.23645e-18
-5.26386e-18
-1.26034e-18
1.22102e-19
1.37053e-19
2.46619e-20
-5.05134e-21
-3.27445e-21
-4.0795e-22
1.60747e-22
7.18709e-23
4.96106e-24
-4.38952e-24
-1.44558e-24
-1.17349e-26
1.07101e-25
2.64212e-26
-1.75337e-27
-2.37945e-27
-4.30083e-28
7.38689e-29
4.85743e-29
5.93137e-30
-2.12389e-30
-9.13734e-31
-5.87448e-32
5.11623e-32
1.57914e-32
1.01623e-35
-1.09574e-33
