VARIABLEs = X,u
ZONE I=101
datapacking=block
0
0.01
0.02
0.03
0.04
0.05
0.06
0.07
0.08
0.09
0.1
0.11
0.12
0.13
0.14
0.15
0.16
0.17
0.18
0.19
0.2
0.21
0.22
0.23
0.24
0.25
0.26
0.27
0.28
0.29
0.3
0.31
0.32
0.33
0.34
0.35
0.36
0.37
0.38
0.39
0.4
0.41
0.42
0.43
0.44
0.45
0.46
0.47
0.48
0.49
0.5
0.51
0.52
0.53
0.54
0.55
0.56
0.57
0.58
0.59
0.6
0.61
0.62
0.63
0.64
0.65
0.66
0.67
0.68
0.69
0.7
0.71
0.72
0.73
0.74
0.75
0.76
0.77
0.78
0.79
0.8
0.81
0.82
0.83
0.84
0.85
0.86
0.87
0.88
0.89
0.9
0.91
0.92
0.93
0.94
0.95
0.96
0.97
0.98
0.99
1
0
3.02097e-07
1.34782e-06
5.61493e-06
2.26292e-05
8.64543e-05
0.000306632
0.000995188
0.00293313
0.00782955
0.0189359
0.0415784
0.0831201
0.15176
0.253864
0.390327
0.553429
0.726194
0.885613
1.00929
1.083
1.10565
1.08905
1.05262
1.01559
0.990599
0.9812
0.983726
0.991472
0.998678
1.00256
1.00315
1.00197
1.00054
0.999684
0.99948
0.99959
0.999545
0.998727
0.995962
0.988828
0.972886
0.941305
0.885519
0.797459
0.673197
0.516809
0.34236
0.172099
0.0305345
-0.0636508
-0.104198
-0.0990777
-0.066514
-0.0272696
0.00293256
0.0174452
0.0180696
0.0111821
0.00329423
-0.00174927
-0.0032332
-0.00240447
-0.000923903
0.000134782
0.000497199
0.000390611
0.000149159
-1.99759e-05
-7.19034e-05
-5.18936e-05
-1.6373e-05
5.06108e-06
9.51099e-06
5.57622e-06
1.07078e-06
-1.00322e-06
-1.06736e-06
-4.51956e-07
7.39929e-09
1.40731e-07
9.40144e-08
2.24835e-08
-1.19313e-08
-1.41461e-08
-5.84049e-09
1.35182e-10
1.65681e-09
9.95066e-10
1.78258e-10
-1.4845e-10
-1.34472e-10
-4.25047e-11
8.3985e-12
1.52762e-11
6.7388e-12
1.80489e-13
-1.48784e-12
-8.69828e-13
-1.36428e-13
1.23633e-13
