VARIABLEs = X,u
ZONE I=101
datapacking=block
0
0.01
0.02
0.03
0.04
0.05
0.06
0.07
0.08
0.09
0.1
0.11
0.12
0.13
0.14
0.15
0.16
0.17
0.18
0.19
0.2
0.21
0.22
0.23
0.24
0.25
0.26
0.27
0.28
0.29
0.3
0.31
0.32
0.33
0.34
0.35
0.36
0.37
0.38
0.39
0.4
0.41
0.42
0.43
0.44
0.45
0.46
0.47
0.48
0.49
0.5
0.51
0.52
0.53
0.54
0.55
0.56
0.57
0.58
0.59
0.6
0.61
0.62
0.63
0.64
0.65
0.66
0.67
0.68
0.69
0.7
0.71
0.72
0.73
0.74
0.75
0.76
0.77
0.78
0.79
0.8
0.81
0.82
0.83
0.84
0.85
0.86
0.87
0.88
0.89
0.9
0.91
0.92
0.93
0.94
0.95
0.96
0.97
0.98
0.99
1
0
1.0161e-24
4.54257e-24
1.91723e-23
8.06346e-23
3.39056e-22
1.42565e-21
5.99449e-21
2.52044e-20
1.05963e-19
4.4536e-19
1.87064e-18
7.84681e-18
3.28339e-17
1.36814e-16
5.66375e-16
2.32265e-15
9.40474e-15
3.74708e-14
1.46403e-13
5.59191e-13
2.08222e-12
7.54142e-12
2.65177e-11
9.03976e-11
2.98445e-10
9.53547e-10
2.94706e-09
8.8083e-09
2.54573e-08
7.11482e-08
1.92309e-07
5.02813e-07
1.272e-06
3.1143e-06
7.38166e-06
1.69434e-05
3.76729e-05
8.11654e-05
0.000169494
0.000343159
0.000673768
0.00128323
0.00237124
0.00425216
0.00740091
0.0125046
0.0205126
0.0326728
0.0505365
0.0759108
0.11074
0.156898
0.2159
0.288548
0.374563
0.472273
0.578451
0.688374
0.79616
0.895394
0.979959
1.04496
1.08751
1.10733
1.10677
1.09045
1.06448
1.0353
1.00861
0.988448
0.97672
0.973164
0.975803
0.981652
0.987492
0.990487
0.988519
0.980197
0.96461
0.940982
0.908364
0.865524
0.811072
0.743826
0.66331
0.570261
0.467007
0.357581
0.247502
0.143218
0.0512763
-0.0226479
-0.0746778
-0.103421
-0.110249
-0.0990775
-0.0756717
-0.046606
-0.0181024
0.00499509
