VARIABLEs = X,u
ZONE I=101
datapacking=block
0
0.01
0.02
0.03
0.04
0.05
0.06
0.07
0.08
0.09
0.1
0.11
0.12
0.13
0.14
0.15
0.16
0.17
0.18
0.19
0.2
0.21
0.22
0.23
0.24
0.25
0.26
0.27
0.28
0.29
0.3
0.31
0.32
0.33
0.34
0.35
0.36
0.37
0.38
0.39
0.4
0.41
0.42
0.43
0.44
0.45
0.46
0.47
0.48
0.49
0.5
0.51
0.52
0.53
0.54
0.55
0.56
0.57
0.58
0.59
0.6
0.61
0.62
0.63
0.64
0.65
0.66
0.67
0.68
0.69
0.7
0.71
0.72
0.73
0.74
0.75
0.76
0.77
0.78
0.79
0.8
0.81
0.82
0.83
0.84
0.85
0.86
0.87
0.88
0.89
0.9
0.91
0.92
0.93
0.94
0.95
0.96
0.97
0.98
0.99
1
0
2.25988e-22
1.0103e-21
4.26405e-21
1.79336e-20
7.5408e-20
3.1707e-19
1.33313e-18
5.60429e-18
2.35499e-17
9.88637e-17
4.14203e-16
1.72896e-15
7.17291e-15
2.94824e-14
1.19612e-13
4.77074e-13
1.86328e-12
7.09989e-12
2.63096e-11
9.45618e-11
3.28964e-10
1.10594e-09
3.58907e-09
1.12352e-08
3.39106e-08
9.86651e-08
2.76729e-07
7.48271e-07
1.95104e-06
4.90678e-06
1.19066e-05
2.78864e-05
6.30615e-05
0.00013774
0.000290691
0.000592966
0.00116948
0.00223077
0.00411655
0.0073509
0.012705
0.021258
0.0344394
0.0540306
0.0820967
0.120824
0.172251
0.237889
0.31829
0.412613
0.518307
0.631012
0.744782
0.852657
0.947556
1.02335
1.07592
1.1039
1.10902
1.09578
1.07062
1.04068
1.01248
0.990775
0.977956
0.973974
0.97683
0.983409
0.99038
0.994915
0.995049
0.989645
0.978063
0.959693
0.933565
0.898183
0.851639
0.792021
0.71799
0.629411
0.527861
0.416896
0.301952
0.189861
0.0880005
0.00320555
-0.0593606
-0.0971383
-0.110677
-0.103564
-0.0817468
-0.0523904
-0.0225144
0.0022586
0.0185526
0.0255065
0.024445
0.0181028
0.00965865
0.00186007
