VARIABLEs = X,u
ZONE I=101
datapacking=block
0
0.01
0.02
0.03
0.04
0.05
0.06
0.07
0.08
0.09
0.1
0.11
0.12
0.13
0.14
0.15
0.16
0.17
0.18
0.19
0.2
0.21
0.22
0.23
0.24
0.25
0.26
0.27
0.28
0.29
0.3
0.31
0.32
0.33
0.34
0.35
0.36
0.37
0.38
0.39
0.4
0.41
0.42
0.43
0.44
0.45
0.46
0.47
0.48
0.49
0.5
0.51
0.52
0.53
0.54
0.55
0.56
0.57
0.58
0.59
0.6
0.61
0.62
0.63
0.64
0.65
0.66
0.67
0.68
0.69
0.7
0.71
0.72
0.73
0.74
0.75
0.76
0.77
0.78
0.79
0.8
0.81
0.82
0.83
0.84
0.85
0.86
0.87
0.88
0.89
0.9
0.91
0.92
0.93
0.94
0.95
0.96
0.97
0.98
0.99
1
0
0.300893
0.69649
0.983883
1.07062
1.04417
1.00839
0.996
0.996944
0.999384
1.00019
1.00015
1.00003
0.999991
0.999994
0.999999
1
1
1
1
1
1
1
1
1
1
1
1
1
1
1
0.813093
0.423026
0.0795971
-0.0577989
-0.0503491
-0.0139449
0.00248181
0.00327065
0.000918205
-0.000109088
-0.000156977
-3.96392e-05
5.37275e-06
6.08954e-06
1.27976e-06
-2.47021e-07
-1.98435e-07
-3.22301e-08
9.64507e-09
5.5504e-09
6.2323e-10
-3.17984e-10
-1.35069e-10
-7.9776e-12
9.01266e-12
2.87932e-12
-2.40392e-15
-2.238e-13
-5.36947e-14
4.0386e-15
4.94117e-15
8.62297e-16
-1.57138e-16
-9.79587e-17
-1.13338e-17
4.27586e-18
1.75215e-18
1.00533e-19
-9.65986e-20
-2.82352e-20
2.08613e-22
1.91531e-21
4.05388e-22
-3.65513e-23
-3.4152e-23
-5.02408e-24
1.09881e-24
5.53651e-25
4.88873e-26
-2.426e-26
-8.17738e-27
-2.24901e-28
4.55624e-28
1.09257e-28
-4.89404e-30
-7.63361e-30
-1.29079e-30
1.90279e-31
1.16326e-31
1.26617e-32
-4.27789e-33
-1.62247e-33
-8.08782e-35
7.82662e-35
2.06347e-35
-3.45562e-37
-1.26148e-36
-2.35208e-37
2.48517e-38
1.84425e-38
