VARIABLEs = X,u
ZONE I=101
datapacking=block
0
0.01
0.02
0.03
0.04
0.05
0.06
0.07
0.08
0.09
0.1
0.11
0.12
0.13
0.14
0.15
0.16
0.17
0.18
0.19
0.2
0.21
0.22
0.23
0.24
0.25
0.26
0.27
0.28
0.29
0.3
0.31
0.32
0.33
0.34
0.35
0.36
0.37
0.38
0.39
0.4
0.41
0.42
0.43
0.44
0.45
0.46
0.47
0.48
0.49
0.5
0.51
0.52
0.53
0.54
0.55
0.56
0.57
0.58
0.59
0.6
0.61
0.62
0.63
0.64
0.65
0.66
0.67
0.68
0.69
0.7
0.71
0.72
0.73
0.74
0.75
0.76
0.77
0.78
0.79
0.8
0.81
0.82
0.83
0.84
0.85
0.86
0.87
0.88
0.89
0.9
0.91
0.92
0.93
0.94
0.95
0.96
0.97
0.98
0.99
1
0
5.02611e-20
2.24697e-19
9.48352e-19
3.98855e-18
1.67709e-17
7.05123e-17
2.96398e-16
1.24513e-15
5.22286e-15
2.18411e-14
9.0831e-14
3.74359e-13
1.52262e-12
6.08285e-12
2.37561e-11
9.03e-11
3.32804e-10
1.18558e-09
4.07262e-09
1.34669e-08
4.28152e-08
1.30782e-07
3.83665e-07
1.08085e-06
2.92428e-06
7.60003e-06
1.89798e-05
4.55631e-05
0.000105187
0.000233629
0.000499453
0.00102814
0.00203881
0.00389614
0.00717762
0.0127514
0.021852
0.0361324
0.0576597
0.0888185
0.132088
0.189679
0.263045
0.352336
0.455906
0.57001
0.688846
0.805029
0.910507
0.997795
1.06129
1.09835
1.10989
1.1002
1.0761
1.04549
1.01583
0.992674
0.978911
0.97464
0.97775
0.984906
0.992628
0.998114
0.99962
0.996365
0.988079
0.974422
0.954493
0.926612
0.88842
0.837305
0.771041
0.688503
0.590329
0.479352
0.360687
0.241376
0.129574
0.0333596
-0.040621
-0.0883979
-0.109484
-0.107011
-0.0870963
-0.0575772
-0.0263943
-5.40228e-05
0.0174503
0.0250093
0.0240305
0.0175214
0.00895142
0.00124355
-0.00384478
-0.0058576
-0.00536614
-0.00347072
-0.00129336
0.000375873
