VARIABLEs = X,u
ZONE I=101
datapacking=block
0
0.01
0.02
0.03
0.04
0.05
0.06
0.07
0.08
0.09
0.1
0.11
0.12
0.13
0.14
0.15
0.16
0.17
0.18
0.19
0.2
0.21
0.22
0.23
0.24
0.25
0.26
0.27
0.28
0.29
0.3
0.31
0.32
0.33
0.34
0.35
0.36
0.37
0.38
0.39
0.4
0.41
0.42
0.43
0.44
0.45
0.46
0.47
0.48
0.49
0.5
0.51
0.52
0.53
0.54
0.55
0.56
0.57
0.58
0.59
0.6
0.61
0.62
0.63
0.64
0.65
0.66
0.67
0.68
0.69
0.7
0.71
0.72
0.73
0.74
0.75
0.76
0.77
0.78
0.79
0.8
0.81
0.82
0.83
0.84
0.85
0.86
0.87
0.88
0.89
0.9
0.91
0.92
0.93
0.94
0.95
0.96
0.97
0.98
0.99
1
0
0.449029
0.872883
1.05277
1.05086
1.01355
0.997972
0.997508
0.999406
1.00009
1.00009
1.00002
0.999996
0.999997
1
1
1
1
1
1
1
1
1
1
1
1
1
1
1
1
1
0.673098
0.218278
-0.0239626
-0.0523352
-0.0185096
0.000296481
0.00248059
0.000787311
-2.59888e-05
-8.93017e-05
-2.31542e-05
1.92661e-06
2.60163e-06
5.1742e-07
-8.49855e-08
-6.34478e-08
-8.95421e-09
2.7177e-09
1.32493e-09
1.12071e-10
-6.97446e-11
-2.40162e-11
-5.97501e-13
1.51647e-12
3.79187e-13
-1.73627e-14
-2.88233e-14
-5.152e-15
7.41383e-16
4.87678e-16
5.7451e-17
-1.82543e-17
-7.41129e-18
-4.37601e-19
3.59357e-19
1.01193e-19
-5.60647e-22
-6.13326e-21
-1.22695e-21
1.08736e-22
9.37011e-23
1.27368e-23
-2.81921e-24
-1.29871e-24
-1.0066e-25
5.34325e-26
1.63668e-26
2.65181e-28
-8.61877e-28
-1.858e-28
1.09631e-29
1.24157e-29
1.84421e-30
-3.16977e-31
-1.62764e-31
-1.46477e-32
5.95037e-33
1.95103e-33
5.98104e-35
-9.29762e-35
-2.12344e-35
8.41701e-37
1.29095e-36
2.04632e-37
-2.87608e-38
-1.63182e-38
-1.62474e-39
5.43599e-40
1.89148e-40
7.84659e-42
