VARIABLEs = X,u
ZONE I=101
datapacking=block
0
0.01
0.02
0.03
0.04
0.05
0.06
0.07
0.08
0.09
0.1
0.11
0.12
0.13
0.14
0.15
0.16
0.17
0.18
0.19
0.2
0.21
0.22
0.23
0.24
0.25
0.26
0.27
0.28
0.29
0.3
0.31
0.32
0.33
0.34
0.35
0.36
0.37
0.38
0.39
0.4
0.41
0.42
0.43
0.44
0.45
0.46
0.47
0.48
0.49
0.5
0.51
0.52
0.53
0.54
0.55
0.56
0.57
0.58
0.59
0.6
0.61
0.62
0.63
0.64
0.65
0.66
0.67
0.68
0.69
0.7
0.71
0.72
0.73
0.74
0.75
0.76
0.77
0.78
0.79
0.8
0.81
0.82
0.83
0.84
0.85
0.86
0.87
0.88
0.89
0.9
0.91
0.92
0.93
0.94
0.95
0.96
0.97
0.98
0.99
1
0
3.03709e-15
1.35776e-14
5.73043e-14
2.40977e-13
1.01265e-12
4.2489e-12
1.77609e-11
7.36769e-11
3.01606e-10
1.21008e-09
4.72389e-09
1.78211e-08
6.45963e-08
2.23961e-07
7.40353e-07
2.32861e-06
6.9602e-06
1.97597e-05
5.32782e-05
0.000136472
0.000332257
0.000769319
0.00169527
0.00355776
0.00711591
0.0135736
0.0247085
0.0429485
0.0713242
0.113223
0.171885
0.249657
0.347087
0.462086
0.589437
0.720924
0.846265
0.954783
1.0375
1.08911
1.10926
1.1026
1.07768
1.04474
1.01331
0.990129
0.978114
0.976505
0.982015
0.990444
0.99815
1.00292
1.00411
1.00214
0.997706
0.990993
0.981182
0.966259
0.943162
0.90817
0.857499
0.788061
0.698351
0.589318
0.465009
0.332694
0.202236
0.0846493
-0.00993429
-0.0744273
-0.106439
-0.108872
-0.0891838
-0.057499
-0.0240966
0.0029339
0.0191867
0.0242109
0.020635
0.0125994
0.00412085
-0.00206959
-0.00495059
-0.0049484
-0.00327554
-0.0012244
0.0003158
0.00101735
0.00100394
0.000613643
0.000176092
-0.000113169
-0.00021029
-0.000170931
-8.03057e-05
-3.04545e-06
3.4484e-05
3.67003e-05
2.13603e-05
4.79095e-06
