VARIABLEs = X,u
ZONE I=101
datapacking=block
0
0.01
0.02
0.03
0.04
0.05
0.06
0.07
0.08
0.09
0.1
0.11
0.12
0.13
0.14
0.15
0.16
0.17
0.18
0.19
0.2
0.21
0.22
0.23
0.24
0.25
0.26
0.27
0.28
0.29
0.3
0.31
0.32
0.33
0.34
0.35
0.36
0.37
0.38
0.39
0.4
0.41
0.42
0.43
0.44
0.45
0.46
0.47
0.48
0.49
0.5
0.51
0.52
0.53
0.54
0.55
0.56
0.57
0.58
0.59
0.6
0.61
0.62
0.63
0.64
0.65
0.66
0.67
0.68
0.69
0.7
0.71
0.72
0.73
0.74
0.75
0.76
0.77
0.78
0.79
0.8
0.81
0.82
0.83
0.84
0.85
0.86
0.87
0.88
0.89
0.9
0.91
0.92
0.93
0.94
0.95
0.96
0.97
0.98
0.99
1
0
2.2419e-10
1.00214e-09
4.22504e-09
1.76793e-08
7.31666e-08
2.96324e-07
1.15916e-06
4.32423e-06
1.52245e-05
5.02199e-05
0.000154522
0.000442526
0.00117885
0.00292226
0.00674773
0.0145327
0.0292361
0.0550207
0.0970069
0.160458
0.249339
0.364479
0.501888
0.652026
0.800682
0.931674
1.03079
1.08971
1.1084
1.09496
1.06289
1.02671
0.997797
0.981815
0.978581
0.983908
0.99235
0.999557
1.00345
1.00408
1.00274
1.00082
0.999152
0.997627
0.995269
0.99025
0.979811
0.960111
0.92623
0.87266
0.794491
0.689209
0.558647
0.410297
0.257134
0.115507
0.00138129
-0.0739621
-0.107196
-0.103818
-0.0761682
-0.0393204
-0.00646154
0.0144632
0.0217552
0.0186323
0.0105453
0.00249614
-0.00260363
-0.00420019
-0.00334011
-0.0015665
-6.59292e-05
0.000666533
0.000713105
0.000416337
9.52817e-05
-8.88546e-05
-0.000125823
-8.1028e-05
-2.29871e-05
1.20209e-05
2.00112e-05
1.29796e-05
3.56097e-06
-1.89633e-06
-2.94928e-06
-1.76522e-06
-3.79991e-07
3.26153e-07
3.97402e-07
2.01519e-07
2.08405e-08
-5.25414e-08
-4.72642e-08
-1.834e-08
1.76823e-09
7.24661e-09
4.73883e-09
1.14181e-09
