VARIABLEs = X,u
ZONE I=101
datapacking=block
0
0.01
0.02
0.03
0.04
0.05
0.06
0.07
0.08
0.09
0.1
0.11
0.12
0.13
0.14
0.15
0.16
0.17
0.18
0.19
0.2
0.21
0.22
0.23
0.24
0.25
0.26
0.27
0.28
0.29
0.3
0.31
0.32
0.33
0.34
0.35
0.36
0.37
0.38
0.39
0.4
0.41
0.42
0.43
0.44
0.45
0.46
0.47
0.48
0.49
0.5
0.51
0.52
0.53
0.54
0.55
0.56
0.57
0.58
0.59
0.6
0.61
0.62
0.63
0.64
0.65
0.66
0.67
0.68
0.69
0.7
0.71
0.72
0.73
0.74
0.75
0.76
0.77
0.78
0.79
0.8
0.81
0.82
0.83
0.84
0.85
0.86
0.87
0.88
0.89
0.9
0.91
0.92
0.93
0.94
0.95
0.96
0.97
0.98
0.99
1
0
1.01205e-18
4.52447e-18
1.90959e-17
8.03124e-17
3.37685e-16
1.4196e-15
5.96485e-15
2.50304e-14
1.04735e-13
4.35856e-13
1.79728e-12
7.30948e-12
2.91672e-11
1.13595e-10
4.29716e-10
1.57237e-09
5.54673e-09
1.88167e-08
6.12779e-08
1.91347e-07
5.72538e-07
1.64107e-06
4.50591e-06
1.18536e-05
2.98857e-05
7.22438e-05
0.000167518
0.000372781
0.000796512
0.00163488
0.00322506
0.00611698
0.0111599
0.0195916
0.0331062
0.0538657
0.0844094
0.127423
0.185341
0.259806
0.351048
0.45732
0.574562
0.696451
0.814969
0.921461
1.00805
1.06909
1.10236
1.1095
1.09578
1.06887
1.03726
1.00846
0.987608
0.976844
0.97541
0.980515
0.988508
0.996
1.0006
1.00111
0.997242
0.988986
0.976015
0.957207
0.930517
0.893188
0.842261
0.775272
0.691016
0.590232
0.476053
0.354085
0.231995
0.118573
0.0223886
-0.049737
-0.0940733
-0.110786
-0.103934
-0.080598
-0.0493336
-0.0183521
0.00609444
0.0206949
0.0252201
0.021875
0.0141518
0.00558795
-0.00119468
-0.00494638
-0.0057214
-0.004438
-0.00230587
-0.000343923
0.000879539
0.00126696
0.00104422
0.000555132
