VARIABLEs = X,u
ZONE I=101
datapacking=block
0
0.01
0.02
0.03
0.04
0.05
0.06
0.07
0.08
0.09
0.1
0.11
0.12
0.13
0.14
0.15
0.16
0.17
0.18
0.19
0.2
0.21
0.22
0.23
0.24
0.25
0.26
0.27
0.28
0.29
0.3
0.31
0.32
0.33
0.34
0.35
0.36
0.37
0.38
0.39
0.4
0.41
0.42
0.43
0.44
0.45
0.46
0.47
0.48
0.49
0.5
0.51
0.52
0.53
0.54
0.55
0.56
0.57
0.58
0.59
0.6
0.61
0.62
0.63
0.64
0.65
0.66
0.67
0.68
0.69
0.7
0.71
0.72
0.73
0.74
0.75
0.76
0.77
0.78
0.79
0.8
0.81
0.82
0.83
0.84
0.85
0.86
0.87
0.88
0.89
0.9
0.91
0.92
0.93
0.94
0.95
0.96
0.97
0.98
0.99
1
0
4.10341e-16
1.83446e-15
7.74244e-15
3.25608e-14
1.36868e-13
5.74802e-13
2.40837e-12
1.00398e-11
4.14637e-11
1.68686e-10
6.71623e-10
2.59979e-09
9.72526e-09
3.4982e-08
1.2053e-07
3.96708e-07
1.24506e-06
3.7223e-06
1.05957e-05
2.87164e-05
7.4116e-05
0.000182249
0.000427195
0.000955127
0.00203821
0.00415399
0.00809062
0.0150679
0.0268483
0.0457924
0.0747964
0.117047
0.175549
0.252438
0.348161
0.460731
0.585272
0.71413
0.837686
0.945833
1.02987
1.08432
1.10821
1.10529
1.08316
1.05143
1.01945
0.994343
0.979762
0.975782
0.979752
0.987721
0.995887
1.00161
1.00372
1.00227
0.997774
0.990463
0.979706
0.963729
0.939706
0.90413
0.853412
0.784636
0.696403
0.58963
0.468116
0.338646
0.210433
0.0938446
-0.00141556
-0.068276
-0.103878
-0.110266
-0.0939038
-0.0640982
-0.0307651
-0.00218975
0.0165617
0.0241726
0.0225139
0.0153169
0.00661969
-0.000485817
-0.00447766
-0.00535306
-0.00410335
-0.00203054
-0.000191785
0.000872751
0.00112647
0.000843966
0.000378468
-6.17506e-06
-0.000198532
-0.000215297
-0.00013598
-4.1099e-05
2.18088e-05
4.23859e-05
