VARIABLEs = X,u
ZONE I=101
datapacking=block
0
0.01
0.02
0.03
0.04
0.05
0.06
0.07
0.08
0.09
0.1
0.11
0.12
0.13
0.14
0.15
0.16
0.17
0.18
0.19
0.2
0.21
0.22
0.23
0.24
0.25
0.26
0.27
0.28
0.29
0.3
0.31
0.32
0.33
0.34
0.35
0.36
0.37
0.38
0.39
0.4
0.41
0.42
0.43
0.44
0.45
0.46
0.47
0.48
0.49
0.5
0.51
0.52
0.53
0.54
0.55
0.56
0.57
0.58
0.59
0.6
0.61
0.62
0.63
0.64
0.65
0.66
0.67
0.68
0.69
0.7
0.71
0.72
0.73
0.74
0.75
0.76
0.77
0.78
0.79
0.8
0.81
0.82
0.83
0.84
0.85
0.86
0.87
0.88
0.89
0.9
0.91
0.92
0.93
0.94
0.95
0.96
0.97
0.98
0.99
1
0
1.23963e-22
5.54185e-22
2.33899e-21
9.83726e-21
4.13641e-20
1.73925e-19
7.31278e-19
3.0743e-18
1.29198e-17
5.42494e-17
2.27385e-16
9.49928e-16
3.94635e-15
1.62546e-14
6.61425e-14
2.64859e-13
1.03961e-12
3.98515e-12
1.48704e-11
5.38663e-11
1.89009e-10
6.41353e-10
2.10205e-09
6.64915e-09
2.02885e-08
5.97016e-08
1.69412e-07
4.63616e-07
1.22379e-06
3.11673e-06
7.66068e-06
1.81784e-05
4.16595e-05
9.22353e-05
0.000197359
0.000408262
0.000816743
0.00158062
0.00295998
0.00536515
0.00941469
0.0159975
0.0263266
0.0419664
0.0648078
0.0969652
0.140573
0.197476
0.268831
0.354671
0.453513
0.562124
0.675536
0.787401
0.890681
0.978613
1.04578
1.08905
1.1082
1.10602
1.08776
1.06018
1.03029
1.004
0.985276
0.975611
0.974224
0.978654
0.985636
0.991953
0.995036
0.993193
0.985465
0.97124
0.949806
0.920029
0.880284
0.828668
0.763478
0.683812
0.590158
0.484826
0.372078
0.257891
0.149336
0.0536291
-0.022973
-0.0762398
-0.104749
-0.110183
-0.097041
-0.0717824
-0.0415957
-0.0130634
0.00895769
0.0219856
0.0259685
0.0227902
0.0154132
0.00693019
