VARIABLEs = X,u
ZONE I=101
datapacking=block
0
0.01
0.02
0.03
0.04
0.05
0.06
0.07
0.08
0.09
0.1
0.11
0.12
0.13
0.14
0.15
0.16
0.17
0.18
0.19
0.2
0.21
0.22
0.23
0.24
0.25
0.26
0.27
0.28
0.29
0.3
0.31
0.32
0.33
0.34
0.35
0.36
0.37
0.38
0.39
0.4
0.41
0.42
0.43
0.44
0.45
0.46
0.47
0.48
0.49
0.5
0.51
0.52
0.53
0.54
0.55
0.56
0.57
0.58
0.59
0.6
0.61
0.62
0.63
0.64
0.65
0.66
0.67
0.68
0.69
0.7
0.71
0.72
0.73
0.74
0.75
0.76
0.77
0.78
0.79
0.8
0.81
0.82
0.83
0.84
0.85
0.86
0.87
0.88
0.89
0.9
0.91
0.92
0.93
0.94
0.95
0.96
0.97
0.98
0.99
1
0
6.0992e-10
2.72623e-09
1.14885e-08
4.79845e-08
1.97627e-07
7.92779e-07
3.05388e-06
1.11511e-05
3.82156e-05
0.000122122
0.00036259
0.00099879
0.00255241
0.00605624
0.0133599
0.0274424
0.0525731
0.0940877
0.157547
0.247202
0.364006
0.503788
0.656466
0.807041
0.938582
1.0365
1.09272
1.10804
1.09167
1.05802
1.02198
0.994601
0.980743
0.979339
0.985627
0.994072
1.00064
1.00373
1.00379
1.00225
1.00046
0.999083
0.997899
0.995895
0.991294
0.981397
0.962343
0.929059
0.875749
0.79716
0.690539
0.557759
0.40674
0.251217
0.108397
-0.00517522
-0.0782213
-0.108086
-0.101377
-0.0715276
-0.0342204
-0.00253512
0.0162973
0.0215196
0.0170825
0.00869413
0.00113913
-0.00314324
-0.00404706
-0.0028538
-0.00109772
0.000193531
0.000702772
0.000618805
0.000299681
2.18357e-05
-0.000106969
-0.000109389
-5.68257e-05
-7.30811e-06
1.60713e-05
1.69919e-05
8.53582e-06
8.51775e-07
-2.46546e-06
-2.35815e-06
-1.03808e-06
2.12833e-09
3.66168e-07
2.87188e-07
9.79983e-08
-2.15248e-08
-4.884e-08
-2.94947e-08
-6.0199e-09
5.01359e-09
5.52044e-09
2.38497e-09
-1.11627e-11
-7.32111e-10
