VARIABLEs = X,u
ZONE I=101
datapacking=block
0
0.01
0.02
0.03
0.04
0.05
0.06
0.07
0.08
0.09
0.1
0.11
0.12
0.13
0.14
0.15
0.16
0.17
0.18
0.19
0.2
0.21
0.22
0.23
0.24
0.25
0.26
0.27
0.28
0.29
0.3
0.31
0.32
0.33
0.34
0.35
0.36
0.37
0.38
0.39
0.4
0.41
0.42
0.43
0.44
0.45
0.46
0.47
0.48
0.49
0.5
0.51
0.52
0.53
0.54
0.55
0.56
0.57
0.58
0.59
0.6
0.61
0.62
0.63
0.64
0.65
0.66
0.67
0.68
0.69
0.7
0.71
0.72
0.73
0.74
0.75
0.76
0.77
0.78
0.79
0.8
0.81
0.82
0.83
0.84
0.85
0.86
0.87
0.88
0.89
0.9
0.91
0.92
0.93
0.94
0.95
0.96
0.97
0.98
0.99
1
0
7.51057e-22
3.35767e-21
1.41713e-20
5.96014e-20
2.50614e-19
1.05375e-18
4.43041e-18
1.86233e-17
7.82397e-17
3.28283e-16
1.37393e-15
5.72404e-15
2.36723e-14
9.68378e-14
3.90277e-13
1.54317e-12
5.96237e-12
2.24296e-11
8.19001e-11
2.89557e-10
9.89343e-10
3.26228e-09
1.03716e-08
3.17738e-08
9.37675e-08
2.66536e-07
7.29809e-07
1.92526e-06
4.89455e-06
1.19954e-05
2.835e-05
6.46375e-05
0.000142224
0.00030212
0.000619812
0.00122847
0.00235304
0.00435699
0.00780103
0.0135092
0.0226317
0.0366851
0.0575464
0.0873693
0.128398
0.182665
0.251586
0.335494
0.433208
0.541734
0.656221
0.770279
0.876651
0.968205
1.03907
1.08567
1.10745
1.10699
1.08955
1.06209
1.03184
1.00503
0.985843
0.975906
0.974466
0.979021
0.986248
0.992899
0.996432
0.995233
0.988452
0.97558
0.955961
0.928446
0.891302
0.842441
0.779896
0.702457
0.610306
0.505487
0.3921
0.276111
0.164744
0.0655358
-0.0148246
-0.0716441
-0.1031
-0.11062
-0.0986351
-0.0737189
-0.0433051
-0.0142689
0.00827502
0.0216802
0.0258434
0.0226892
0.0152679
0.00675653
-0.000356028
-0.00471529
