VARIABLEs = X,u
ZONE I=101
datapacking=block
0
0.01
0.02
0.03
0.04
0.05
0.06
0.07
0.08
0.09
0.1
0.11
0.12
0.13
0.14
0.15
0.16
0.17
0.18
0.19
0.2
0.21
0.22
0.23
0.24
0.25
0.26
0.27
0.28
0.29
0.3
0.31
0.32
0.33
0.34
0.35
0.36
0.37
0.38
0.39
0.4
0.41
0.42
0.43
0.44
0.45
0.46
0.47
0.48
0.49
0.5
0.51
0.52
0.53
0.54
0.55
0.56
0.57
0.58
0.59
0.6
0.61
0.62
0.63
0.64
0.65
0.66
0.67
0.68
0.69
0.7
0.71
0.72
0.73
0.74
0.75
0.76
0.77
0.78
0.79
0.8
0.81
0.82
0.83
0.84
0.85
0.86
0.87
0.88
0.89
0.9
0.91
0.92
0.93
0.94
0.95
0.96
0.97
0.98
0.99
1
0
2.76804e-26
1.23748e-25
5.22288e-25
2.19663e-24
9.23648e-24
3.88374e-23
1.63302e-22
6.8664e-22
2.88701e-21
1.21372e-20
5.10111e-20
2.14259e-19
8.98805e-19
3.76181e-18
1.56843e-17
6.50085e-17
2.67172e-16
1.08556e-15
4.34704e-15
1.71026e-14
6.59149e-14
2.4821e-13
9.11161e-13
3.2547e-12
1.12963e-11
3.80526e-11
1.24312e-10
3.93623e-10
1.20764e-09
3.58931e-09
1.03342e-08
2.88245e-08
7.78968e-08
2.04e-07
5.17835e-07
1.27441e-06
3.04159e-06
7.0418e-06
1.58189e-05
3.44904e-05
7.30064e-05
0.000150064
0.000299603
0.000581123
0.0010953
0.00200642
0.00357278
0.00618519
0.0104116
0.0170429
0.0271314
0.0420077
0.0632608
0.0926621
0.132019
0.182951
0.246601
0.323308
0.41229
0.51141
0.617105
0.72452
0.827911
0.921269
0.999105
1.05727
1.09364
1.1085
1.10455
1.08646
1.0601
1.03148
1.00583
0.986721
0.975744
0.972481
0.974936
0.980175
0.985035
0.986683
0.982932
0.972271
0.953674
0.926309
0.889292
0.841604
0.782222
0.710443
0.626329
0.531132
0.427578
0.319907
0.213587
0.114745
0.0293605
-0.037619
-0.0830831
-0.106307
-0.109108
-0.0955622
