VARIABLEs = X,u
ZONE I=101
datapacking=block
0
0.01
0.02
0.03
0.04
0.05
0.06
0.07
0.08
0.09
0.1
0.11
0.12
0.13
0.14
0.15
0.16
0.17
0.18
0.19
0.2
0.21
0.22
0.23
0.24
0.25
0.26
0.27
0.28
0.29
0.3
0.31
0.32
0.33
0.34
0.35
0.36
0.37
0.38
0.39
0.4
0.41
0.42
0.43
0.44
0.45
0.46
0.47
0.48
0.49
0.5
0.51
0.52
0.53
0.54
0.55
0.56
0.57
0.58
0.59
0.6
0.61
0.62
0.63
0.64
0.65
0.66
0.67
0.68
0.69
0.7
0.71
0.72
0.73
0.74
0.75
0.76
0.77
0.78
0.79
0.8
0.81
0.82
0.83
0.84
0.85
0.86
0.87
0.88
0.89
0.9
0.91
0.92
0.93
0.94
0.95
0.96
0.97
0.98
0.99
1
0
2.74237e-12
1.22597e-11
5.17316e-11
2.17297e-10
9.09433e-10
3.77459e-09
1.54173e-08
6.13735e-08
2.35717e-07
8.65589e-07
3.0175e-06
9.93632e-06
3.081e-05
8.98112e-05
0.000245975
0.000633042
0.00153185
0.00348836
0.00748317
0.0151381
0.0289095
0.0521721
0.0890609
0.143941
0.220448
0.3202
0.441472
0.578321
0.72064
0.855475
0.969502
1.05209
1.09802
1.10887
1.09249
1.06069
1.02586
0.997767
0.981523
0.977335
0.98182
0.990136
0.998015
1.00298
1.00451
1.00346
1.00106
0.998121
0.994465
0.988802
0.978742
0.960897
0.931088
0.884732
0.817611
0.727019
0.613147
0.480249
0.337056
0.195956
0.0708603
-0.0258558
-0.0864467
-0.109862
-0.101972
-0.0737757
-0.038169
-0.00641163
0.0144867
0.0226722
0.0205791
0.0129057
0.0043907
-0.00177078
-0.0044664
-0.00427289
-0.0025778
-0.00072414
0.00049056
0.000891973
0.00071915
0.000334096
9.96072e-06
-0.000144111
-0.000149989
-8.46867e-05
-1.69124e-05
2.04337e-05
2.67304e-05
1.65341e-05
4.23686e-06
-2.89757e-06
-4.33647e-06
-2.71957e-06
-6.93389e-07
4.521e-07
6.55674e-07
3.87334e-07
8.09616e-08
-7.56719e-08
