VARIABLEs = X,u
ZONE I=101
datapacking=block
0
0.01
0.02
0.03
0.04
0.05
0.06
0.07
0.08
0.09
0.1
0.11
0.12
0.13
0.14
0.15
0.16
0.17
0.18
0.19
0.2
0.21
0.22
0.23
0.24
0.25
0.26
0.27
0.28
0.29
0.3
0.31
0.32
0.33
0.34
0.35
0.36
0.37
0.38
0.39
0.4
0.41
0.42
0.43
0.44
0.45
0.46
0.47
0.48
0.49
0.5
0.51
0.52
0.53
0.54
0.55
0.56
0.57
0.58
0.59
0.6
0.61
0.62
0.63
0.64
0.65
0.66
0.67
0.68
0.69
0.7
0.71
0.72
0.73
0.74
0.75
0.76
0.77
0.78
0.79
0.8
0.81
0.82
0.83
0.84
0.85
0.86
0.87
0.88
0.89
0.9
0.91
0.92
0.93
0.94
0.95
0.96
0.97
0.98
0.99
1
0
5.54409e-17
2.47854e-16
1.04608e-15
4.39945e-15
1.84957e-14
7.77176e-14
3.26099e-13
1.3638e-12
5.66704e-12
2.32914e-11
9.41519e-11
3.72047e-10
1.42859e-09
5.30211e-09
1.8938e-08
6.48824e-08
2.12718e-07
6.66347e-07
1.99265e-06
5.68623e-06
1.54834e-05
4.02392e-05
9.98485e-05
0.000236677
0.000536209
0.00116179
0.00240872
0.00478146
0.00909252
0.0165721
0.0289629
0.0485584
0.0781283
0.120677
0.178999
0.255043
0.349175
0.459494
0.581429
0.707822
0.829644
0.937315
1.02241
1.07935
1.10666
1.10728
1.08798
1.05769
1.02553
0.998865
0.98195
0.975625
0.977886
0.985117
0.993475
0.999975
1.003
1.00216
0.997746
0.989979
0.978367
0.961378
0.93644
0.900281
0.849512
0.781373
0.694543
0.589889
0.470978
0.344164
0.218087
0.102535
0.00680708
-0.0620825
-0.10091
-0.11099
-0.0978925
-0.0701415
-0.0372288
-0.00750764
0.0134402
0.0235335
0.0239029
0.0178034
0.00917739
0.00136549
-0.00367105
-0.00549397
-0.00481429
-0.00286742
-0.00082092
0.000591467
0.00115527
0.0010453
0.000604467
0.000147508
-0.000145287
-0.00023861
-0.00019148
-9.10482e-05
