VARIABLEs = X,u
ZONE I=101
datapacking=block
0
0.01
0.02
0.03
0.04
0.05
0.06
0.07
0.08
0.09
0.1
0.11
0.12
0.13
0.14
0.15
0.16
0.17
0.18
0.19
0.2
0.21
0.22
0.23
0.24
0.25
0.26
0.27
0.28
0.29
0.3
0.31
0.32
0.33
0.34
0.35
0.36
0.37
0.38
0.39
0.4
0.41
0.42
0.43
0.44
0.45
0.46
0.47
0.48
0.49
0.5
0.51
0.52
0.53
0.54
0.55
0.56
0.57
0.58
0.59
0.6
0.61
0.62
0.63
0.64
0.65
0.66
0.67
0.68
0.69
0.7
0.71
0.72
0.73
0.74
0.75
0.76
0.77
0.78
0.79
0.8
0.81
0.82
0.83
0.84
0.85
0.86
0.87
0.88
0.89
0.9
0.91
0.92
0.93
0.94
0.95
0.96
0.97
0.98
0.99
1
0
1.22649e-06
5.46386e-06
2.25864e-05
8.92218e-05
0.000328918
0.00110856
0.00337497
0.0092364
0.0227148
0.0503049
0.100654
0.182642
0.301709
0.45551
0.631104
0.806083
0.954446
1.05537
1.10088
1.09836
1.06659
1.02739
0.997285
0.983128
0.982854
0.989779
0.997339
1.0019
1.00301
1.00206
1.00067
0.999782
0.999544
0.999678
0.999828
0.999661
0.998612
0.995304
0.986692
0.967223
0.928609
0.861089
0.75669
0.613893
0.441664
0.260099
0.095948
-0.0260332
-0.0921614
-0.104707
-0.0799268
-0.040354
-0.00554007
0.014134
0.0182598
0.0127583
0.00479143
-0.000890688
-0.00295685
-0.00244179
-0.00105078
2.71894e-05
0.000434798
0.000365349
0.000146858
-1.13938e-05
-6.13763e-05
-4.46957e-05
-1.38747e-05
4.29386e-06
7.73236e-06
4.30745e-06
6.86684e-07
-8.36049e-07
-7.8996e-07
-2.94458e-07
3.08539e-08
1.04631e-07
5.98438e-08
9.71262e-09
-1.00833e-08
-8.9205e-09
-2.8636e-09
5.64785e-10
1.07157e-09
4.95231e-10
2.50948e-11
-1.06562e-10
-6.71569e-11
-1.27037e-11
8.65138e-12
7.73786e-12
2.26119e-12
-5.22322e-13
-7.84873e-13
-3.01636e-13
1.24208e-14
7.14134e-14
3.41696e-14
2.41818e-15
