VARIABLEs = X,u
ZONE I=101
datapacking=block
0
0.01
0.02
0.03
0.04
0.05
0.06
0.07
0.08
0.09
0.1
0.11
0.12
0.13
0.14
0.15
0.16
0.17
0.18
0.19
0.2
0.21
0.22
0.23
0.24
0.25
0.26
0.27
0.28
0.29
0.3
0.31
0.32
0.33
0.34
0.35
0.36
0.37
0.38
0.39
0.4
0.41
0.42
0.43
0.44
0.45
0.46
0.47
0.48
0.49
0.5
0.51
0.52
0.53
0.54
0.55
0.56
0.57
0.58
0.59
0.6
0.61
0.62
0.63
0.64
0.65
0.66
0.67
0.68
0.69
0.7
0.71
0.72
0.73
0.74
0.75
0.76
0.77
0.78
0.79
0.8
0.81
0.82
0.83
0.84
0.85
0.86
0.87
0.88
0.89
0.9
0.91
0.92
0.93
0.94
0.95
0.96
0.97
0.98
0.99
1
0
0.00110747
0.00469226
0.0165035
0.0486877
0.119702
0.246957
0.432926
0.65409
0.864735
1.01776
1.08945
1.09005
1.05312
1.01363
0.991043
0.986673
0.991935
0.998129
1.00127
1.00158
1.00075
1.00005
0.999817
0.999864
0.999962
1.00001
1.00002
1.00001
1
0.999998
0.999924
0.999043
0.993973
0.975148
0.924641
0.820908
0.652654
0.434164
0.207779
0.0262469
-0.0751107
-0.0960653
-0.0664401
-0.0244321
0.00422033
0.0133183
0.00984721
0.00335089
-0.000709851
-0.00163196
-0.000970081
-0.000191808
0.000151696
0.000154479
5.79929e-05
-4.52797e-06
-1.76048e-05
-9.31344e-06
-1.13148e-06
1.55275e-06
1.11744e-06
2.56934e-07
-1.07872e-07
-1.10795e-07
-3.39329e-08
5.63724e-09
9.54575e-09
3.50515e-09
-1.66834e-10
-7.37512e-10
-3.08518e-10
-6.0845e-12
5.22568e-11
2.40865e-11
1.46556e-12
-3.45394e-12
-1.70711e-12
-1.46527e-13
2.1574e-13
1.11486e-13
1.10965e-14
-1.28566e-14
-6.77729e-15
-7.08977e-16
7.35595e-16
3.86219e-16
3.96652e-17
-4.05483e-17
-2.07346e-17
-1.96717e-18
2.15599e-18
1.05222e-18
8.61075e-20
-1.10538e-19
-5.05861e-20
-3.23693e-21
5.45832e-21
2.30678e-21
9.56112e-23
-2.59218e-22
