VARIABLEs = X,u
ZONE I=101
datapacking=block
0
0.01
0.02
0.03
0.04
0.05
0.06
0.07
0.08
0.09
0.1
0.11
0.12
0.13
0.14
0.15
0.16
0.17
0.18
0.19
0.2
0.21
0.22
0.23
0.24
0.25
0.26
0.27
0.28
0.29
0.3
0.31
0.32
0.33
0.34
0.35
0.36
0.37
0.38
0.39
0.4
0.41
0.42
0.43
0.44
0.45
0.46
0.47
0.48
0.49
0.5
0.51
0.52
0.53
0.54
0.55
0.56
0.57
0.58
0.59
0.6
0.61
0.62
0.63
0.64
0.65
0.66
0.67
0.68
0.69
0.7
0.71
0.72
0.73
0.74
0.75
0.76
0.77
0.78
0.79
0.8
0.81
0.82
0.83
0.84
0.85
0.86
0.87
0.88
0.89
0.9
0.91
0.92
0.93
0.94
0.95
0.96
0.97
0.98
0.99
1
0
4.5263e-13
2.0235e-12
8.53935e-12
3.58894e-11
1.50491e-10
6.27611e-10
2.5882e-09
1.04702e-08
4.1171e-08
1.55963e-07
5.64836e-07
1.94426e-06
6.33516e-06
1.94918e-05
5.65559e-05
0.000154686
0.000398882
0.000970277
0.00222815
0.00483479
0.00992218
0.0192771
0.035488
0.0619579
0.102669
0.1616
0.241776
0.344079
0.466124
0.601596
0.740494
0.870482
0.979219
1.05712
1.09974
1.10891
1.09221
1.06081
1.02642
0.998389
0.981741
0.976922
0.980892
0.989052
0.997161
1.00257
1.00452
1.00364
1.00103
0.997462
0.992737
0.985501
0.973247
0.95249
0.919071
0.86866
0.797558
0.703793
0.588317
0.45593
0.315462
0.178859
0.059118
-0.0324913
-0.0891627
-0.110315
-0.101707
-0.0737716
-0.0386792
-0.0071321
0.0140555
0.0228676
0.0213912
0.0140183
0.00537882
-0.00122033
-0.00443121
-0.00460984
-0.00303831
-0.00108901
0.000326985
0.000914415
0.000840896
0.000461546
8.65193e-05
-0.000128073
-0.000172887
-0.0001174
-3.97025e-05
1.30689e-05
3.0289e-05
2.35942e-05
9.5317e-06
-9.93775e-07
-4.90003e-06
-4.09463e-06
-1.72764e-06
9.19378e-08
7.65859e-07
6.35709e-07
