VARIABLEs = X,u
ZONE I=101
datapacking=block
0
0.01
0.02
0.03
0.04
0.05
0.06
0.07
0.08
0.09
0.1
0.11
0.12
0.13
0.14
0.15
0.16
0.17
0.18
0.19
0.2
0.21
0.22
0.23
0.24
0.25
0.26
0.27
0.28
0.29
0.3
0.31
0.32
0.33
0.34
0.35
0.36
0.37
0.38
0.39
0.4
0.41
0.42
0.43
0.44
0.45
0.46
0.47
0.48
0.49
0.5
0.51
0.52
0.53
0.54
0.55
0.56
0.57
0.58
0.59
0.6
0.61
0.62
0.63
0.64
0.65
0.66
0.67
0.68
0.69
0.7
0.71
0.72
0.73
0.74
0.75
0.76
0.77
0.78
0.79
0.8
0.81
0.82
0.83
0.84
0.85
0.86
0.87
0.88
0.89
0.9
0.91
0.92
0.93
0.94
0.95
0.96
0.97
0.98
0.99
1
0
3.38145e-26
1.51171e-25
6.3803e-25
2.68341e-24
1.12833e-23
4.7444e-23
1.99491e-22
8.38802e-22
3.52677e-21
1.48266e-20
6.23132e-20
2.61717e-19
1.09778e-18
4.59377e-18
1.91472e-17
7.93246e-17
3.2579e-16
1.32252e-15
5.28976e-15
2.07816e-14
7.9958e-14
3.00503e-13
1.10072e-12
3.9224e-12
1.35786e-11
4.56152e-11
1.48586e-10
4.69063e-10
1.43458e-09
4.24997e-09
1.21956e-08
3.38999e-08
9.12923e-08
2.38228e-07
6.0252e-07
1.47734e-06
3.51265e-06
8.10133e-06
1.81285e-05
3.93706e-05
8.30041e-05
0.000169924
0.000337861
0.000652604
0.00122484
0.0022341
0.00396095
0.00682697
0.0114405
0.0186422
0.0295405
0.0455236
0.0682295
0.0994568
0.141003
0.194426
0.26074
0.340087
0.431426
0.532325
0.638927
0.746141
0.848087
0.938775
1.01291
1.0667
1.0985
1.10911
1.10172
1.08134
1.05398
1.02558
1.00107
0.983652
0.974453
0.972668
0.976031
0.981498
0.985933
0.986631
0.981567
0.969366
0.949073
0.919863
0.880817
0.830882
0.769049
0.694718
0.608152
0.510888
0.40598
0.297966
0.19253
0.095862
0.0138234
-0.0489434
-0.0897827
-0.108504
-0.107447
-0.0911011
