VARIABLEs = X,u
ZONE I=101
datapacking=block
0
0.01
0.02
0.03
0.04
0.05
0.06
0.07
0.08
0.09
0.1
0.11
0.12
0.13
0.14
0.15
0.16
0.17
0.18
0.19
0.2
0.21
0.22
0.23
0.24
0.25
0.26
0.27
0.28
0.29
0.3
0.31
0.32
0.33
0.34
0.35
0.36
0.37
0.38
0.39
0.4
0.41
0.42
0.43
0.44
0.45
0.46
0.47
0.48
0.49
0.5
0.51
0.52
0.53
0.54
0.55
0.56
0.57
0.58
0.59
0.6
0.61
0.62
0.63
0.64
0.65
0.66
0.67
0.68
0.69
0.7
0.71
0.72
0.73
0.74
0.75
0.76
0.77
0.78
0.79
0.8
0.81
0.82
0.83
0.84
0.85
0.86
0.87
0.88
0.89
0.9
0.91
0.92
0.93
0.94
0.95
0.96
0.97
0.98
0.99
1
0
8.20776e-05
0.000360099
0.00140173
0.00488845
0.0149241
0.0395259
0.0908949
0.182501
0.322271
0.504457
0.70577
0.890662
1.02513
1.09177
1.09677
1.06453
1.02394
0.995221
0.984507
0.986994
0.994209
0.999934
1.00216
1.00185
1.00074
0.99995
0.999711
0.999799
0.999944
1.00002
1.00003
0.999981
0.999709
0.998357
0.993208
0.977894
0.94111
0.868079
0.746512
0.575699
0.373317
0.173552
0.0147481
-0.0774912
-0.101459
-0.0777314
-0.0364632
-0.00234215
0.0139163
0.0145777
0.00794652
0.00140262
-0.00182053
-0.00206224
-0.00104097
-0.000113946
0.000261898
0.000234441
8.89132e-05
-8.70952e-06
-3.27622e-05
-1.97832e-05
-3.8417e-06
2.99906e-06
2.95811e-06
1.05403e-06
-1.21585e-07
-3.40987e-07
-1.71226e-07
-1.6266e-08
3.16393e-08
2.15664e-08
4.62877e-09
-2.35544e-09
-2.28794e-09
-6.93148e-10
1.30147e-10
2.12902e-10
8.06759e-11
-3.22085e-12
-1.78153e-11
-8.03093e-12
-3.81726e-13
1.36451e-12
7.13121e-13
7.56004e-14
-9.70134e-14
-5.78455e-14
-8.53872e-15
6.48144e-15
4.35309e-15
7.74298e-16
-4.11551e-16
-3.07238e-16
-6.13336e-17
2.51071e-17
2.05013e-17
4.39669e-18
-1.48661e-18
-1.30117e-18
