VARIABLEs = X,u
ZONE I=101
datapacking=block
0
0.01
0.02
0.03
0.04
0.05
0.06
0.07
0.08
0.09
0.1
0.11
0.12
0.13
0.14
0.15
0.16
0.17
0.18
0.19
0.2
0.21
0.22
0.23
0.24
0.25
0.26
0.27
0.28
0.29
0.3
0.31
0.32
0.33
0.34
0.35
0.36
0.37
0.38
0.39
0.4
0.41
0.42
0.43
0.44
0.45
0.46
0.47
0.48
0.49
0.5
0.51
0.52
0.53
0.54
0.55
0.56
0.57
0.58
0.59
0.6
0.61
0.62
0.63
0.64
0.65
0.66
0.67
0.68
0.69
0.7
0.71
0.72
0.73
0.74
0.75
0.76
0.77
0.78
0.79
0.8
0.81
0.82
0.83
0.84
0.85
0.86
0.87
0.88
0.89
0.9
0.91
0.92
0.93
0.94
0.95
0.96
0.97
0.98
0.99
1
0
9.18718e-24
4.10721e-23
1.73348e-22
7.29065e-22
3.06561e-21
1.28901e-20
5.4199e-20
2.27875e-19
9.57902e-19
4.02479e-18
1.68933e-17
7.07622e-17
2.9533e-16
1.22533e-15
5.03939e-15
2.04744e-14
8.18789e-14
3.2113e-13
1.23101e-12
4.59839e-12
1.66963e-11
5.8806e-11
2.00601e-10
6.62004e-10
2.11183e-09
6.50893e-09
1.93774e-08
5.57154e-08
1.54727e-07
4.15079e-07
1.07587e-06
2.69508e-06
6.52669e-06
1.52848e-05
3.46271e-05
7.59101e-05
0.000161083
0.000330978
0.000658679
0.00126997
0.00237282
0.00429724
0.00754497
0.0128454
0.0212092
0.0339662
0.052767
0.0795255
0.11628
0.164962
0.227066
0.30327
0.393038
0.494313
0.603376
0.714982
0.822788
0.920092
1.00076
1.06022
1.09622
1.10934
1.10285
1.08221
1.05402
1.02483
1.00001
0.982922
0.974636
0.974099
0.978765
0.985404
0.99088
0.992681
0.989103
0.979108
0.961972
0.936898
0.902749
0.858029
0.801131
0.730795
0.646677
0.549866
0.443213
0.331357
0.220389
0.117169
0.0283801
-0.040504
-0.0861565
-0.10801
-0.108394
-0.0921255
-0.0656262
-0.0357338
-0.00848729
0.011844
0.023273
0.0260622
