VARIABLEs = X,u
ZONE I=101
datapacking=block
0
0.01
0.02
0.03
0.04
0.05
0.06
0.07
0.08
0.09
0.1
0.11
0.12
0.13
0.14
0.15
0.16
0.17
0.18
0.19
0.2
0.21
0.22
0.23
0.24
0.25
0.26
0.27
0.28
0.29
0.3
0.31
0.32
0.33
0.34
0.35
0.36
0.37
0.38
0.39
0.4
0.41
0.42
0.43
0.44
0.45
0.46
0.47
0.48
0.49
0.5
0.51
0.52
0.53
0.54
0.55
0.56
0.57
0.58
0.59
0.6
0.61
0.62
0.63
0.64
0.65
0.66
0.67
0.68
0.69
0.7
0.71
0.72
0.73
0.74
0.75
0.76
0.77
0.78
0.79
0.8
0.81
0.82
0.83
0.84
0.85
0.86
0.87
0.88
0.89
0.9
0.91
0.92
0.93
0.94
0.95
0.96
0.97
0.98
0.99
1
0
2.46966e-05
0.00010913
0.000435855
0.00159645
0.00522599
0.0150744
0.0381787
0.0850972
0.167757
0.29424
0.462076
0.653976
0.840186
0.988328
1.07649
1.10223
1.08218
1.04257
1.00684
0.98717
0.983694
0.98945
0.996793
1.00135
1.00248
1.00165
1.00048
0.999796
0.999669
0.99981
0.999965
1.00003
0.999968
0.999583
0.997986
0.992613
0.977814
0.94387
0.878017
0.76886
0.613538
0.424028
0.227619
0.0589086
-0.0538571
-0.10072
-0.0931021
-0.0563874
-0.0169508
0.00857061
0.016593
0.0127583
0.00523022
-0.000366963
-0.00240785
-0.00196597
-0.000773344
7.20384e-05
0.000329645
0.000233738
6.90789e-05
-2.41346e-05
-3.93974e-05
-2.06546e-05
-2.5662e-06
4.31271e-06
3.62425e-06
1.16815e-06
-2.43916e-07
-4.6887e-07
-2.26975e-07
-1.72927e-08
4.72368e-08
3.22236e-08
7.18562e-09
-3.63021e-09
-3.74651e-09
-1.24054e-09
1.75819e-10
3.74072e-10
1.60735e-10
3.13414e-12
-3.28853e-11
-1.75574e-11
-2.05197e-12
2.58167e-12
1.69629e-12
3.14969e-13
-1.82286e-13
-1.48847e-13
-3.55661e-14
1.15877e-14
1.2069e-14
3.40816e-15
-6.58833e-16
-9.15567e-16
-2.91797e-16
3.28429e-17
6.56066e-17
2.29028e-17
