VARIABLEs = X,u
ZONE I=101
datapacking=block
0
0.01
0.02
0.03
0.04
0.05
0.06
0.07
0.08
0.09
0.1
0.11
0.12
0.13
0.14
0.15
0.16
0.17
0.18
0.19
0.2
0.21
0.22
0.23
0.24
0.25
0.26
0.27
0.28
0.29
0.3
0.31
0.32
0.33
0.34
0.35
0.36
0.37
0.38
0.39
0.4
0.41
0.42
0.43
0.44
0.45
0.46
0.47
0.48
0.49
0.5
0.51
0.52
0.53
0.54
0.55
0.56
0.57
0.58
0.59
0.6
0.61
0.62
0.63
0.64
0.65
0.66
0.67
0.68
0.69
0.7
0.71
0.72
0.73
0.74
0.75
0.76
0.77
0.78
0.79
0.8
0.81
0.82
0.83
0.84
0.85
0.86
0.87
0.88
0.89
0.9
0.91
0.92
0.93
0.94
0.95
0.96
0.97
0.98
0.99
1
0
1.12231e-23
5.0174e-23
2.11764e-22
8.90631e-22
3.74496e-21
1.57467e-20
6.62097e-20
2.78371e-19
1.17015e-18
4.91641e-18
2.06341e-17
8.64173e-17
3.60564e-16
1.49529e-15
6.14535e-15
2.49435e-14
9.9624e-14
3.90106e-13
1.49258e-12
5.56329e-12
2.01502e-11
7.07796e-11
2.40744e-10
7.92016e-10
2.51833e-09
7.73536e-09
2.29471e-08
6.57383e-08
1.81876e-07
4.86032e-07
1.25482e-06
3.13073e-06
7.55066e-06
1.76092e-05
3.97237e-05
8.6708e-05
0.000183191
0.000374732
0.000742389
0.00142481
0.00264975
0.00477611
0.00834553
0.0141391
0.0232297
0.037015
0.0572093
0.0857723
0.124752
0.176029
0.240978
0.320067
0.412476
0.515809
0.626005
0.737526
0.843865
0.938329
1.01501
1.06973
1.10083
1.10945
1.09944
1.07659
1.04762
1.01895
0.995573
0.980385
0.973952
0.974829
0.980241
0.986914
0.991816
0.992613
0.98778
0.976394
0.957753
0.931002
0.894908
0.847907
0.788395
0.715238
0.628336
0.529122
0.420833
0.308465
0.198358
0.0974471
0.0122763
-0.0520396
-0.0927036
-0.109764
-0.106139
-0.0870946
-0.0592692
-0.0294515
-0.00338741
0.0151113
0.0245653
0.0256779
