VARIABLEs = X,u
ZONE I=101
datapacking=block
0
0.01
0.02
0.03
0.04
0.05
0.06
0.07
0.08
0.09
0.1
0.11
0.12
0.13
0.14
0.15
0.16
0.17
0.18
0.19
0.2
0.21
0.22
0.23
0.24
0.25
0.26
0.27
0.28
0.29
0.3
0.31
0.32
0.33
0.34
0.35
0.36
0.37
0.38
0.39
0.4
0.41
0.42
0.43
0.44
0.45
0.46
0.47
0.48
0.49
0.5
0.51
0.52
0.53
0.54
0.55
0.56
0.57
0.58
0.59
0.6
0.61
0.62
0.63
0.64
0.65
0.66
0.67
0.68
0.69
0.7
0.71
0.72
0.73
0.74
0.75
0.76
0.77
0.78
0.79
0.8
0.81
0.82
0.83
0.84
0.85
0.86
0.87
0.88
0.89
0.9
0.91
0.92
0.93
0.94
0.95
0.96
0.97
0.98
0.99
1
0
0.000182789
0.000796263
0.00302853
0.0101352
0.0292604
0.0725212
0.154949
0.287641
0.46815
0.674447
0.869071
1.01399
1.08818
1.09661
1.06492
1.02399
0.995313
0.985038
0.987838
0.994924
1.00022
1.00206
1.0016
1.00056
0.999895
0.999743
0.999847
0.99997
1.00002
1.00003
1
0.999903
0.999242
0.996106
0.985215
0.955891
0.892434
0.779629
0.612955
0.407749
0.199155
0.0293598
-0.0717857
-0.10047
-0.0779488
-0.0364559
-0.00228695
0.0135232
0.0137407
0.00710988
0.000965843
-0.00180556
-0.00181841
-0.000817795
-2.29333e-05
0.000245968
0.000185098
5.58812e-05
-1.60965e-05
-2.67527e-05
-1.29937e-05
-1.03571e-06
2.79178e-06
1.97373e-06
4.77311e-07
-2.0664e-07
-2.3414e-07
-8.35437e-08
7.7762e-09
2.31831e-08
1.07117e-08
5.98766e-10
-1.9824e-09
-1.14065e-09
-1.6564e-10
1.49365e-10
1.06322e-10
2.20637e-11
-1.00394e-11
-8.9345e-12
-2.2742e-12
6.0646e-13
6.90085e-13
2.00974e-13
-3.30662e-14
-4.96768e-14
-1.58844e-14
1.63257e-15
3.36797e-15
1.14851e-15
-7.353e-17
-2.16781e-16
-7.70315e-17
3.09907e-18
1.33276e-17
4.83695e-18
-1.31627e-19
-7.86142e-19
-2.86168e-19
6.46726e-21
