VARIABLEs = X,u
ZONE I=101
datapacking=block
0
0.01
0.02
0.03
0.04
0.05
0.06
0.07
0.08
0.09
0.1
0.11
0.12
0.13
0.14
0.15
0.16
0.17
0.18
0.19
0.2
0.21
0.22
0.23
0.24
0.25
0.26
0.27
0.28
0.29
0.3
0.31
0.32
0.33
0.34
0.35
0.36
0.37
0.38
0.39
0.4
0.41
0.42
0.43
0.44
0.45
0.46
0.47
0.48
0.49
0.5
0.51
0.52
0.53
0.54
0.55
0.56
0.57
0.58
0.59
0.6
0.61
0.62
0.63
0.64
0.65
0.66
0.67
0.68
0.69
0.7
0.71
0.72
0.73
0.74
0.75
0.76
0.77
0.78
0.79
0.8
0.81
0.82
0.83
0.84
0.85
0.86
0.87
0.88
0.89
0.9
0.91
0.92
0.93
0.94
0.95
0.96
0.97
0.98
0.99
1
0
7.45082e-10
3.33033e-09
1.40327e-08
5.85852e-08
2.41017e-07
9.64756e-07
3.70378e-06
1.34616e-05
4.58686e-05
0.000145596
0.000429058
0.0011723
0.00296997
0.00698314
0.0152592
0.0310371
0.0588605
0.104249
0.172709
0.268054
0.390354
0.534218
0.688304
0.836763
0.962622
1.05225
1.09931
1.10663
1.08502
1.04954
1.01466
0.990178
0.979492
0.980403
0.987674
0.995941
1.00171
1.00396
1.00348
1.00178
1.00009
0.998857
0.997679
0.995393
0.990068
0.978805
0.957483
0.920783
0.862825
0.778611
0.66611
0.528356
0.374623
0.219769
0.0814103
-0.0245084
-0.0882731
-0.109303
-0.096101
-0.0631637
-0.0261011
0.00305925
0.0185923
0.0210755
0.0151838
0.00664328
-0.000234662
-0.0036212
-0.00386096
-0.00240076
-0.00070057
0.000391641
0.000717204
0.000539911
0.000213993
-2.66324e-05
-0.000115679
-9.65239e-05
-4.11006e-05
1.71347e-06
1.77284e-05
1.48092e-05
5.96751e-06
-5.0596e-07
-2.62899e-06
-1.98075e-06
-6.65953e-07
1.66256e-07
3.63376e-07
2.26565e-07
5.16146e-08
-3.63497e-08
-4.43281e-08
-2.11187e-08
-1.28845e-09
5.75093e-09
4.52924e-09
1.43848e-09
-3.715e-10
-6.91288e-10
