VARIABLEs = X,u
ZONE I=101
datapacking=block
0
0.01
0.02
0.03
0.04
0.05
0.06
0.07
0.08
0.09
0.1
0.11
0.12
0.13
0.14
0.15
0.16
0.17
0.18
0.19
0.2
0.21
0.22
0.23
0.24
0.25
0.26
0.27
0.28
0.29
0.3
0.31
0.32
0.33
0.34
0.35
0.36
0.37
0.38
0.39
0.4
0.41
0.42
0.43
0.44
0.45
0.46
0.47
0.48
0.49
0.5
0.51
0.52
0.53
0.54
0.55
0.56
0.57
0.58
0.59
0.6
0.61
0.62
0.63
0.64
0.65
0.66
0.67
0.68
0.69
0.7
0.71
0.72
0.73
0.74
0.75
0.76
0.77
0.78
0.79
0.8
0.81
0.82
0.83
0.84
0.85
0.86
0.87
0.88
0.89
0.9
0.91
0.92
0.93
0.94
0.95
0.96
0.97
0.98
0.99
1
0
1.65491e-05
7.32536e-05
0.00029452
0.00109344
0.00365169
0.0108015
0.0281594
0.0647839
0.132085
0.239956
0.39068
0.57349
0.763901
0.93022
1.04534
1.09786
1.09606
1.06252
1.02273
0.994504
0.983514
0.985644
0.993032
0.999409
1.0023
1.00231
1.00113
1.0001
0.999672
0.999701
0.999878
1
1
0.999756
0.99868
0.994945
0.98424
0.9586
0.906528
0.815908
0.679984
0.50413
0.309018
0.126434
-0.0119668
-0.0876331
-0.102436
-0.0760389
-0.0352107
-0.00169107
0.014785
0.0159369
0.00931502
0.0021809
-0.00179168
-0.00247987
-0.00148039
-0.000333337
0.000260941
0.000327986
0.000168415
1.96715e-05
-4.0109e-05
-3.56568e-05
-1.31359e-05
1.57919e-06
4.97826e-06
2.90155e-06
5.08789e-07
-4.75377e-07
-4.41933e-07
-1.50347e-07
2.29686e-08
5.25658e-08
2.55944e-08
2.02102e-09
-5.06315e-09
-3.37358e-09
-7.0561e-10
3.90257e-10
3.74566e-10
1.14693e-10
-2.1696e-11
-3.6425e-11
-1.42877e-11
3.70866e-13
3.17291e-12
1.51727e-12
1.08472e-13
-2.51217e-13
-1.43612e-13
-1.99303e-14
1.82664e-14
1.24175e-14
2.35028e-15
-1.22934e-15
-9.96561e-16
-2.28186e-16
7.70798e-17
7.50794e-17
