VARIABLEs = X,u
ZONE I=101
datapacking=block
0
0.01
0.02
0.03
0.04
0.05
0.06
0.07
0.08
0.09
0.1
0.11
0.12
0.13
0.14
0.15
0.16
0.17
0.18
0.19
0.2
0.21
0.22
0.23
0.24
0.25
0.26
0.27
0.28
0.29
0.3
0.31
0.32
0.33
0.34
0.35
0.36
0.37
0.38
0.39
0.4
0.41
0.42
0.43
0.44
0.45
0.46
0.47
0.48
0.49
0.5
0.51
0.52
0.53
0.54
0.55
0.56
0.57
0.58
0.59
0.6
0.61
0.62
0.63
0.64
0.65
0.66
0.67
0.68
0.69
0.7
0.71
0.72
0.73
0.74
0.75
0.76
0.77
0.78
0.79
0.8
0.81
0.82
0.83
0.84
0.85
0.86
0.87
0.88
0.89
0.9
0.91
0.92
0.93
0.94
0.95
0.96
0.97
0.98
0.99
1
0
7.48064e-16
3.34428e-15
1.41147e-14
5.93583e-14
2.49493e-13
1.04756e-12
4.38658e-12
1.82633e-11
7.52506e-11
3.04998e-10
1.20781e-09
4.642e-09
1.72116e-08
6.12674e-08
2.08613e-07
6.7772e-07
2.09727e-06
6.17695e-06
1.73086e-05
4.61466e-05
0.000117097
0.000282938
0.000651381
0.00142973
0.00299391
0.0059851
0.0114294
0.020862
0.036417
0.0608257
0.0972533
0.148915
0.218453
0.307133
0.414016
0.535334
0.664349
0.7919
0.90768
1.00207
1.06809
1.10301
1.10895
1.09244
1.06277
1.0298
1.00169
0.98339
0.976116
0.977933
0.985093
0.993569
1.00027
1.00358
1.00328
0.999875
0.993811
0.984819
0.971522
0.951412
0.921122
0.876951
0.815562
0.73481
0.63459
0.517553
0.389428
0.258743
0.135791
0.0309383
-0.0474054
-0.0946278
-0.111005
-0.101646
-0.0752377
-0.0419104
-0.0108622
0.0115582
0.0227776
0.0237649
0.0178698
0.00924179
0.0014053
-0.00359324
-0.00532911
-0.00457605
-0.00262275
-0.000646433
0.000652489
0.00111032
0.000940733
0.000497089
7.80205e-05
-0.000164515
-0.000219593
-0.000157174
-6.16706e-05
1.01359e-05
3.98193e-05
3.64198e-05
