VARIABLEs = X,u
ZONE I=101
datapacking=block
0
0.01
0.02
0.03
0.04
0.05
0.06
0.07
0.08
0.09
0.1
0.11
0.12
0.13
0.14
0.15
0.16
0.17
0.18
0.19
0.2
0.21
0.22
0.23
0.24
0.25
0.26
0.27
0.28
0.29
0.3
0.31
0.32
0.33
0.34
0.35
0.36
0.37
0.38
0.39
0.4
0.41
0.42
0.43
0.44
0.45
0.46
0.47
0.48
0.49
0.5
0.51
0.52
0.53
0.54
0.55
0.56
0.57
0.58
0.59
0.6
0.61
0.62
0.63
0.64
0.65
0.66
0.67
0.68
0.69
0.7
0.71
0.72
0.73
0.74
0.75
0.76
0.77
0.78
0.79
0.8
0.81
0.82
0.83
0.84
0.85
0.86
0.87
0.88
0.89
0.9
0.91
0.92
0.93
0.94
0.95
0.96
0.97
0.98
0.99
1
0
6.79076e-21
3.03587e-20
1.28131e-19
5.38892e-19
2.26594e-18
9.52735e-18
4.00536e-17
1.68324e-16
7.06716e-16
2.96116e-15
1.23595e-14
5.12487e-14
2.10362e-13
8.51213e-13
3.38035e-12
1.31171e-11
4.95381e-11
1.81462e-10
6.42958e-10
2.19896e-09
7.24807e-09
2.30012e-08
7.02296e-08
2.06248e-07
5.82531e-07
1.5825e-06
4.13572e-06
1.04009e-05
2.51801e-05
5.87052e-05
0.000131857
0.000285437
0.000595763
0.00119939
0.00232983
0.00436832
0.00790799
0.0138261
0.023352
0.0381097
0.0601054
0.0916283
0.135034
0.192399
0.265068
0.353148
0.45505
0.567216
0.68415
0.798843
0.903607
0.991207
1.05609
1.09541
1.10965
1.10256
1.08038
1.05066
1.02073
0.996318
0.980742
0.974614
0.976273
0.982654
0.990296
0.996201
0.998309
0.995518
0.987342
0.973383
0.952842
0.924249
0.885505
0.834237
0.768384
0.686887
0.590322
0.481334
0.364736
0.247193
0.136473
0.0403548
-0.0346437
-0.0844381
-0.108182
-0.108471
-0.090839
-0.0626507
-0.0316188
-0.00432898
0.0148706
0.0243562
0.0250228
0.0195161
0.0111813
0.00305674
-0.00282166
-0.00567336
-0.00581005
-0.00420536
