VARIABLEs = X,u
ZONE I=101
datapacking=block
0
0.01
0.02
0.03
0.04
0.05
0.06
0.07
0.08
0.09
0.1
0.11
0.12
0.13
0.14
0.15
0.16
0.17
0.18
0.19
0.2
0.21
0.22
0.23
0.24
0.25
0.26
0.27
0.28
0.29
0.3
0.31
0.32
0.33
0.34
0.35
0.36
0.37
0.38
0.39
0.4
0.41
0.42
0.43
0.44
0.45
0.46
0.47
0.48
0.49
0.5
0.51
0.52
0.53
0.54
0.55
0.56
0.57
0.58
0.59
0.6
0.61
0.62
0.63
0.64
0.65
0.66
0.67
0.68
0.69
0.7
0.71
0.72
0.73
0.74
0.75
0.76
0.77
0.78
0.79
0.8
0.81
0.82
0.83
0.84
0.85
0.86
0.87
0.88
0.89
0.9
0.91
0.92
0.93
0.94
0.95
0.96
0.97
0.98
0.99
1
0
9.1384e-16
4.0854e-15
1.72426e-14
7.2512e-14
3.04772e-13
1.27955e-12
5.35689e-12
2.22929e-11
9.17774e-11
3.7149e-10
1.46834e-09
5.62927e-09
2.08083e-08
7.38049e-08
2.50286e-07
8.09486e-07
2.49305e-06
7.3053e-06
2.03612e-05
5.39841e-05
0.000136198
0.000327143
0.00074857
0.00163282
0.00339737
0.00674738
0.0127994
0.0232038
0.0402243
0.0667102
0.105894
0.160955
0.234352
0.326984
0.43738
0.56114
0.690924
0.817152
0.929435
1.0185
1.07811
1.10655
1.10699
1.08674
1.05549
1.02294
0.996679
0.980851
0.975877
0.979269
0.987071
0.995368
1.00138
1.00386
1.00283
0.998858
0.99231
0.982694
0.968373
0.946612
0.913908
0.866552
0.801358
0.716511
0.612409
0.492329
0.362649
0.232417
0.112159
0.0120625
-0.060079
-0.100612
-0.110902
-0.0970064
-0.0681764
-0.0345888
-0.00499289
0.0150369
0.023773
0.0228554
0.0159731
0.00725908
-4.12502e-05
-0.00426401
-0.0053172
-0.00416238
-0.00211425
-0.000260129
0.000831947
0.00110907
0.000840879
0.000382097
-2.40498e-07
-0.000192451
-0.000210232
-0.000132668
-3.98107e-05
2.13917e-05
4.10341e-05
3.22598e-05
