VARIABLEs = X,u
ZONE I=101
datapacking=block
0
0.01
0.02
0.03
0.04
0.05
0.06
0.07
0.08
0.09
0.1
0.11
0.12
0.13
0.14
0.15
0.16
0.17
0.18
0.19
0.2
0.21
0.22
0.23
0.24
0.25
0.26
0.27
0.28
0.29
0.3
0.31
0.32
0.33
0.34
0.35
0.36
0.37
0.38
0.39
0.4
0.41
0.42
0.43
0.44
0.45
0.46
0.47
0.48
0.49
0.5
0.51
0.52
0.53
0.54
0.55
0.56
0.57
0.58
0.59
0.6
0.61
0.62
0.63
0.64
0.65
0.66
0.67
0.68
0.69
0.7
0.71
0.72
0.73
0.74
0.75
0.76
0.77
0.78
0.79
0.8
0.81
0.82
0.83
0.84
0.85
0.86
0.87
0.88
0.89
0.9
0.91
0.92
0.93
0.94
0.95
0.96
0.97
0.98
0.99
1
0
2.48615e-15
1.11145e-14
4.6909e-14
1.97264e-13
8.28986e-13
3.47869e-12
1.45455e-11
6.0374e-11
2.47404e-10
9.94186e-10
3.88963e-09
1.47153e-08
5.35211e-08
1.86295e-07
6.18554e-07
1.95486e-06
5.87308e-06
1.67639e-05
4.5457e-05
0.000117124
0.000286887
0.000668431
0.00148242
0.00313158
0.00630572
0.012111
0.0222012
0.0388674
0.0650197
0.103986
0.159064
0.232826
0.326237
0.437798
0.562961
0.694117
0.821354
0.933975
1.02253
1.08083
1.10743
1.10594
1.08417
1.05216
1.01974
0.994361
0.979806
0.976071
0.980322
0.98844
0.996563
1.00212
1.00411
1.00277
0.998786
0.9925
0.983339
0.969547
0.948271
0.915902
0.868631
0.803182
0.717674
0.612505
0.49105
0.359913
0.22846
0.107557
0.007638
-0.0634524
-0.102254
-0.11054
-0.0948742
-0.0649481
-0.0311701
-0.00223706
0.0165801
0.0239875
0.0220284
0.0146326
0.00595519
-0.000920718
-0.00458192
-0.00516511
-0.00376151
-0.00169636
2.016e-05
0.00092797
0.00106099
0.000727795
0.000275941
-6.06006e-05
-0.000203428
-0.000190106
-0.000104442
-1.93116e-05
2.91083e-05
3.89185e-05
2.61822e-05
8.64486e-06
