VARIABLEs = X,u
ZONE I=101
datapacking=block
0
0.01
0.02
0.03
0.04
0.05
0.06
0.07
0.08
0.09
0.1
0.11
0.12
0.13
0.14
0.15
0.16
0.17
0.18
0.19
0.2
0.21
0.22
0.23
0.24
0.25
0.26
0.27
0.28
0.29
0.3
0.31
0.32
0.33
0.34
0.35
0.36
0.37
0.38
0.39
0.4
0.41
0.42
0.43
0.44
0.45
0.46
0.47
0.48
0.49
0.5
0.51
0.52
0.53
0.54
0.55
0.56
0.57
0.58
0.59
0.6
0.61
0.62
0.63
0.64
0.65
0.66
0.67
0.68
0.69
0.7
0.71
0.72
0.73
0.74
0.75
0.76
0.77
0.78
0.79
0.8
0.81
0.82
0.83
0.84
0.85
0.86
0.87
0.88
0.89
0.9
0.91
0.92
0.93
0.94
0.95
0.96
0.97
0.98
0.99
1
0
1.01475e-22
4.53653e-22
1.91468e-21
8.05273e-21
3.38604e-20
1.42374e-19
5.98623e-19
2.51664e-18
1.05765e-17
4.44129e-17
1.86181e-16
7.77991e-16
3.23344e-15
1.3327e-14
5.42811e-14
2.17637e-13
8.55627e-13
3.28625e-12
1.22901e-11
4.46329e-11
1.5705e-10
5.3453e-10
1.75762e-09
5.5787e-09
1.70833e-08
5.04567e-08
1.43729e-07
3.94887e-07
1.0466e-06
2.67653e-06
6.60658e-06
1.57448e-05
3.62412e-05
8.05983e-05
0.000173244
0.000360035
0.000723651
0.00140715
0.00264792
0.00482318
0.00850605
0.0145271
0.0240306
0.038508
0.0597853
0.0899372
0.131106
0.185213
0.253578
0.336489
0.432794
0.539631
0.652385
0.764968
0.87044
0.961924
1.03366
1.08199
1.10606
1.10803
1.09268
1.06653
1.03661
1.00916
0.988593
0.976945
0.973897
0.977292
0.983972
0.99065
0.994579
0.993864
0.987399
0.974525
0.954579
0.926539
0.888887
0.839771
0.777422
0.700736
0.609882
0.506773
0.395261
0.280988
0.17084
0.072061
-0.00882689
-0.0671117
-0.100747
-0.110761
-0.101093
-0.0778559
-0.0481689
-0.0188268
0.00488406
0.0199483
0.0258084
0.023981
0.0172634
0.00878686
