VARIABLEs = X,u
ZONE I=101
datapacking=block
0
0.01
0.02
0.03
0.04
0.05
0.06
0.07
0.08
0.09
0.1
0.11
0.12
0.13
0.14
0.15
0.16
0.17
0.18
0.19
0.2
0.21
0.22
0.23
0.24
0.25
0.26
0.27
0.28
0.29
0.3
0.31
0.32
0.33
0.34
0.35
0.36
0.37
0.38
0.39
0.4
0.41
0.42
0.43
0.44
0.45
0.46
0.47
0.48
0.49
0.5
0.51
0.52
0.53
0.54
0.55
0.56
0.57
0.58
0.59
0.6
0.61
0.62
0.63
0.64
0.65
0.66
0.67
0.68
0.69
0.7
0.71
0.72
0.73
0.74
0.75
0.76
0.77
0.78
0.79
0.8
0.81
0.82
0.83
0.84
0.85
0.86
0.87
0.88
0.89
0.9
0.91
0.92
0.93
0.94
0.95
0.96
0.97
0.98
0.99
1
0
8.22964e-09
3.67735e-08
1.54613e-07
6.40487e-07
2.5865e-06
1.00117e-05
3.65535e-05
0.000124358
0.000391204
0.00113348
0.00302102
0.00740973
0.0167476
0.0349467
0.0674614
0.120728
0.200706
0.310589
0.448303
0.604856
0.76472
0.908809
1.01949
1.08588
1.10729
1.09314
1.05927
1.02234
0.9946
0.981157
0.980487
0.9872
0.995446
1.00133
1.00365
1.00323
1.00164
1.00016
0.999319
0.998882
0.998092
0.995676
0.989589
0.976536
0.95161
0.908452
0.840337
0.742298
0.613834
0.461219
0.298078
0.143305
0.0164266
-0.068141
-0.105656
-0.102367
-0.0728823
-0.0347221
-0.00245907
0.0161186
0.0205701
0.0155161
0.0071243
0.000166558
-0.00329211
-0.00357253
-0.00217601
-0.000584646
0.000387564
0.000633086
0.000440003
0.000147897
-4.43212e-05
-9.9592e-05
-7.0985e-05
-2.33949e-05
6.91958e-06
1.45855e-05
9.57923e-06
2.57139e-06
-1.32839e-06
-1.95166e-06
-1.06968e-06
-1.64602e-07
2.30964e-07
2.2708e-07
9.33411e-08
-4.14233e-09
-3.22635e-08
-2.16708e-08
-5.38618e-09
2.7811e-09
3.50641e-09
1.56237e-09
3.31196e-11
-4.24131e-10
-2.87324e-10
-6.8168e-11
3.53262e-11
4.09597e-11
