VARIABLEs = X,u
ZONE I=101
datapacking=block
0
0.01
0.02
0.03
0.04
0.05
0.06
0.07
0.08
0.09
0.1
0.11
0.12
0.13
0.14
0.15
0.16
0.17
0.18
0.19
0.2
0.21
0.22
0.23
0.24
0.25
0.26
0.27
0.28
0.29
0.3
0.31
0.32
0.33
0.34
0.35
0.36
0.37
0.38
0.39
0.4
0.41
0.42
0.43
0.44
0.45
0.46
0.47
0.48
0.49
0.5
0.51
0.52
0.53
0.54
0.55
0.56
0.57
0.58
0.59
0.6
0.61
0.62
0.63
0.64
0.65
0.66
0.67
0.68
0.69
0.7
0.71
0.72
0.73
0.74
0.75
0.76
0.77
0.78
0.79
0.8
0.81
0.82
0.83
0.84
0.85
0.86
0.87
0.88
0.89
0.9
0.91
0.92
0.93
0.94
0.95
0.96
0.97
0.98
0.99
1
0
2.73144e-06
1.21521e-05
4.99201e-05
0.000194248
0.000698189
0.00227287
0.0066335
0.0173033
0.0403817
0.0845789
0.159624
0.272623
0.423213
0.599874
0.78023
0.936743
1.04615
1.09824
1.09938
1.06867
1.02907
0.998254
0.983649
0.983229
0.990092
0.997521
1.00189
1.00286
1.00188
1.00056
0.999758
0.999579
0.999731
0.9999
0.999848
0.999201
0.996926
0.990487
0.974854
0.941947
0.881477
0.784004
0.645926
0.474358
0.288772
0.117
-0.0138289
-0.0875055
-0.104769
-0.0818117
-0.0421842
-0.00668444
0.0135145
0.0178357
0.0123913
0.00453778
-0.000950428
-0.00284075
-0.00225741
-0.000909625
7.69492e-05
0.00041271
0.000319481
0.000113908
-2.10525e-05
-5.58895e-05
-3.60527e-05
-8.84894e-06
5.06661e-06
6.48156e-06
3.06201e-06
1.82531e-07
-7.84694e-07
-5.85006e-07
-1.65224e-07
5.61321e-08
8.18823e-08
3.68258e-08
1.21339e-09
-8.91884e-09
-5.74271e-09
-1.18027e-09
7.38464e-10
7.22731e-10
2.37738e-10
-3.75295e-11
-7.72406e-11
-3.42347e-11
-1.09062e-12
7.16168e-12
4.09318e-12
5.95681e-13
-5.78556e-13
-4.29289e-13
-9.81437e-14
4.01198e-14
4.06289e-14
1.20841e-14
-2.25657e-15
-3.53139e-15
