VARIABLEs = X,u
ZONE I=101
datapacking=block
0
0.01
0.02
0.03
0.04
0.05
0.06
0.07
0.08
0.09
0.1
0.11
0.12
0.13
0.14
0.15
0.16
0.17
0.18
0.19
0.2
0.21
0.22
0.23
0.24
0.25
0.26
0.27
0.28
0.29
0.3
0.31
0.32
0.33
0.34
0.35
0.36
0.37
0.38
0.39
0.4
0.41
0.42
0.43
0.44
0.45
0.46
0.47
0.48
0.49
0.5
0.51
0.52
0.53
0.54
0.55
0.56
0.57
0.58
0.59
0.6
0.61
0.62
0.63
0.64
0.65
0.66
0.67
0.68
0.69
0.7
0.71
0.72
0.73
0.74
0.75
0.76
0.77
0.78
0.79
0.8
0.81
0.82
0.83
0.84
0.85
0.86
0.87
0.88
0.89
0.9
0.91
0.92
0.93
0.94
0.95
0.96
0.97
0.98
0.99
1
0
6.09109e-08
2.72016e-07
1.13938e-06
4.66371e-06
1.83599e-05
6.81556e-05
0.000234813
0.000743226
0.00215017
0.0056766
0.0136844
0.0301755
0.0610094
0.113389
0.194226
0.30742
0.450788
0.614067
0.779496
0.92564
1.03357
1.09303
1.10577
1.08445
1.04739
1.01183
0.988607
0.980379
0.983407
0.99132
0.998654
1.00269
1.00341
1.00223
1.00069
0.999696
0.999363
0.99931
0.998874
0.997042
0.992016
0.980577
0.957545
0.915866
0.8478
0.74742
0.61392
0.454439
0.284675
0.126124
0.000232247
-0.0784671
-0.107229
-0.0955989
-0.0612263
-0.0229748
0.00543232
0.0185739
0.018536
0.0114186
0.00339265
-0.00182888
-0.0034718
-0.00268888
-0.00112722
6.97526e-05
0.000541734
0.000473662
0.00021169
1.37752e-06
-8.07169e-05
-6.97093e-05
-2.86601e-05
1.7211e-06
1.16483e-05
8.69747e-06
2.81549e-06
-7.69572e-07
-1.52237e-06
-8.88519e-07
-1.65762e-07
1.60723e-07
1.66823e-07
6.86074e-08
-2.55126e-09
-2.21613e-08
-1.42948e-08
-3.17775e-09
1.96786e-09
2.17857e-09
8.61789e-10
-4.53763e-11
-2.61035e-10
-1.50727e-10
-2.43613e-11
2.42577e-11
2.08869e-11
6.33141e-12
-1.48448e-12
-2.43474e-12
