VARIABLEs = X,u
ZONE I=101
datapacking=block
0
0.01
0.02
0.03
0.04
0.05
0.06
0.07
0.08
0.09
0.1
0.11
0.12
0.13
0.14
0.15
0.16
0.17
0.18
0.19
0.2
0.21
0.22
0.23
0.24
0.25
0.26
0.27
0.28
0.29
0.3
0.31
0.32
0.33
0.34
0.35
0.36
0.37
0.38
0.39
0.4
0.41
0.42
0.43
0.44
0.45
0.46
0.47
0.48
0.49
0.5
0.51
0.52
0.53
0.54
0.55
0.56
0.57
0.58
0.59
0.6
0.61
0.62
0.63
0.64
0.65
0.66
0.67
0.68
0.69
0.7
0.71
0.72
0.73
0.74
0.75
0.76
0.77
0.78
0.79
0.8
0.81
0.82
0.83
0.84
0.85
0.86
0.87
0.88
0.89
0.9
0.91
0.92
0.93
0.94
0.95
0.96
0.97
0.98
0.99
1
0
8.2406e-11
3.68375e-10
1.55357e-09
6.50966e-09
2.70421e-08
1.10375e-07
4.37412e-07
1.66247e-06
5.99555e-06
2.03547e-05
6.47155e-05
0.000192137
0.000532052
0.0013741
0.00331204
0.00745849
0.0157125
0.0310081
0.0574026
0.0998143
0.163233
0.251367
0.364933
0.50011
0.647846
0.794649
0.925034
1.02516
1.08653
1.1084
1.09785
1.06748
1.03139
1.00117
0.983192
0.978109
0.98234
0.99061
0.998338
1.003
1.00426
1.0032
1.00122
0.999267
0.997381
0.994636
0.98918
0.978214
0.957913
0.923495
0.869712
0.791963
0.687949
0.55947
0.413632
0.262718
0.122294
0.00776661
-0.069627
-0.105992
-0.105829
-0.0804439
-0.0442699
-0.0104965
0.0123392
0.0216706
0.0199723
0.0123613
0.00396279
-0.00189813
-0.00422118
-0.0037752
-0.00205902
-0.000384887
0.000576728
0.000782371
0.000536011
0.000185757
-5.44963e-05
-0.000134447
-0.000105624
-4.29424e-05
3.99858e-06
2.12617e-05
1.7605e-05
7.2427e-06
-5.22608e-07
-3.2439e-06
-2.57513e-06
-9.58645e-07
1.51855e-07
4.73767e-07
3.30274e-07
9.71805e-08
-3.83985e-08
-6.36062e-08
-3.6176e-08
-6.30476e-09
7.24259e-09
7.49159e-09
