VARIABLEs = X,u
ZONE I=101
datapacking=block
0
0.01
0.02
0.03
0.04
0.05
0.06
0.07
0.08
0.09
0.1
0.11
0.12
0.13
0.14
0.15
0.16
0.17
0.18
0.19
0.2
0.21
0.22
0.23
0.24
0.25
0.26
0.27
0.28
0.29
0.3
0.31
0.32
0.33
0.34
0.35
0.36
0.37
0.38
0.39
0.4
0.41
0.42
0.43
0.44
0.45
0.46
0.47
0.48
0.49
0.5
0.51
0.52
0.53
0.54
0.55
0.56
0.57
0.58
0.59
0.6
0.61
0.62
0.63
0.64
0.65
0.66
0.67
0.68
0.69
0.7
0.71
0.72
0.73
0.74
0.75
0.76
0.77
0.78
0.79
0.8
0.81
0.82
0.83
0.84
0.85
0.86
0.87
0.88
0.89
0.9
0.91
0.92
0.93
0.94
0.95
0.96
0.97
0.98
0.99
1
0
0.548537
0.951851
1.05936
1.03181
1.00386
0.997596
0.998852
0.999902
1.00008
1.00003
1
0.999998
0.999999
1
1
1
1
1
1
1
1
1
1
1
1
1
1
1
1
1
0.567672
0.116548
-0.0452684
-0.0353192
-0.00680185
0.00181953
0.00126201
0.000185456
-6.42454e-05
-3.2984e-05
-3.11565e-06
1.84516e-06
6.86582e-07
2.59908e-08
-4.3571e-08
-1.18324e-08
3.26973e-10
8.71941e-10
1.70672e-10
-1.95476e-11
-1.51647e-11
-2.01231e-12
5.17747e-13
2.32939e-13
1.72504e-14
-1.04266e-14
-3.18105e-15
-3.85767e-17
1.78002e-16
3.84193e-17
-2.45718e-18
-2.68623e-18
-3.99664e-19
7.12276e-20
3.65093e-20
3.28558e-21
-1.36616e-21
-4.49564e-22
-1.37089e-23
2.17398e-23
4.98763e-24
-1.98248e-25
-3.05735e-25
-4.86934e-26
6.82485e-27
3.8938e-27
3.90061e-28
-1.29557e-28
-4.52658e-29
-1.90783e-30
1.98893e-30
4.78303e-31
-1.16815e-32
-2.68636e-32
-4.49968e-33
5.23395e-34
3.28992e-34
3.55074e-35
-1.00238e-35
-3.69037e-36
-1.87573e-37
1.51036e-37
3.7814e-38
-4.98468e-40
-1.9902e-39
-3.47553e-40
3.44516e-41
2.37661e-41
2.71973e-42
-6.7382e-43
