VARIABLEs = X,u
ZONE I=101
datapacking=block
0
0.01
0.02
0.03
0.04
0.05
0.06
0.07
0.08
0.09
0.1
0.11
0.12
0.13
0.14
0.15
0.16
0.17
0.18
0.19
0.2
0.21
0.22
0.23
0.24
0.25
0.26
0.27
0.28
0.29
0.3
0.31
0.32
0.33
0.34
0.35
0.36
0.37
0.38
0.39
0.4
0.41
0.42
0.43
0.44
0.45
0.46
0.47
0.48
0.49
0.5
0.51
0.52
0.53
0.54
0.55
0.56
0.57
0.58
0.59
0.6
0.61
0.62
0.63
0.64
0.65
0.66
0.67
0.68
0.69
0.7
0.71
0.72
0.73
0.74
0.75
0.76
0.77
0.78
0.79
0.8
0.81
0.82
0.83
0.84
0.85
0.86
0.87
0.88
0.89
0.9
0.91
0.92
0.93
0.94
0.95
0.96
0.97
0.98
0.99
1
0
1.11487e-13
4.98409e-13
2.10343e-12
8.84263e-12
3.71137e-11
1.55171e-10
6.4335e-10
2.62741e-09
1.04829e-08
4.05127e-08
1.50475e-07
5.3376e-07
1.79973e-06
5.75035e-06
1.73781e-05
4.96308e-05
0.000133923
0.00034153
0.000823615
0.00187959
0.00406265
0.00832417
0.016182
0.0298705
0.0523976
0.0874092
0.138763
0.209766
0.302142
0.41493
0.543659
0.680196
0.813539
0.931613
1.02372
1.083
1.10815
1.10377
1.07905
1.04531
1.0131
0.989745
0.978224
0.977416
0.983557
0.992125
0.999467
1.00365
1.00443
1.00263
0.999217
0.994527
0.987837
0.977212
0.959621
0.931227
0.887835
0.825577
0.741839
0.636355
0.51218
0.376177
0.238613
0.111712
0.00731877
-0.0657466
-0.103858
-0.109511
-0.0906174
-0.0583192
-0.024015
0.00341843
0.0193418
0.0235689
0.0192276
0.0108798
0.0026807
-0.00280596
-0.00489631
-0.00433297
-0.00248246
-0.000596223
0.000605917
0.000985409
0.000787196
0.000371881
1.66122e-05
-0.000160879
-0.000176173
-0.000106812
-2.77901e-05
2.04833e-05
3.2743e-05
2.30386e-05
8.03863e-06
-2.2121e-06
-5.49539e-06
-4.20062e-06
-1.60221e-06
2.53893e-07
