VARIABLEs = X,u
ZONE I=101
datapacking=block
0
0.01
0.02
0.03
0.04
0.05
0.06
0.07
0.08
0.09
0.1
0.11
0.12
0.13
0.14
0.15
0.16
0.17
0.18
0.19
0.2
0.21
0.22
0.23
0.24
0.25
0.26
0.27
0.28
0.29
0.3
0.31
0.32
0.33
0.34
0.35
0.36
0.37
0.38
0.39
0.4
0.41
0.42
0.43
0.44
0.45
0.46
0.47
0.48
0.49
0.5
0.51
0.52
0.53
0.54
0.55
0.56
0.57
0.58
0.59
0.6
0.61
0.62
0.63
0.64
0.65
0.66
0.67
0.68
0.69
0.7
0.71
0.72
0.73
0.74
0.75
0.76
0.77
0.78
0.79
0.8
0.81
0.82
0.83
0.84
0.85
0.86
0.87
0.88
0.89
0.9
0.91
0.92
0.93
0.94
0.95
0.96
0.97
0.98
0.99
1
0
1.50229e-10
6.71545e-10
2.83164e-09
1.18558e-08
4.91454e-08
1.99698e-07
7.85459e-07
2.953e-06
1.05008e-05
3.50512e-05
0.000109309
0.000317694
0.000859805
0.00216732
0.00509278
0.0111694
0.0228955
0.0439286
0.0790019
0.133358
0.211574
0.315883
0.4444
0.589951
0.740233
0.879732
0.993159
1.06945
1.1049
1.10418
1.07867
1.04279
1.00959
0.987401
0.978599
0.980579
0.988205
0.996427
1.00204
1.00415
1.00358
1.00177
0.999869
0.998219
0.996219
0.992378
0.98431
0.968613
0.940809
0.895614
0.827816
0.733814
0.613523
0.471994
0.319909
0.172322
0.0455889
-0.046757
-0.0978049
-0.109245
-0.0906444
-0.0562134
-0.0203036
0.00661165
0.0200436
0.0211808
0.0147306
0.00613654
-0.000606365
-0.00385943
-0.0040162
-0.00249929
-0.000742352
0.000405871
0.000769077
0.000598923
0.000254314
-1.42972e-05
-0.00012454
-0.000112817
-5.36733e-05
-3.01486e-06
1.90914e-05
1.8354e-05
8.72063e-06
4.85928e-07
-2.91574e-06
-2.65798e-06
-1.14387e-06
2.69714e-08
4.34626e-07
3.40582e-07
1.18506e-07
-2.47573e-08
-5.97196e-08
-3.74961e-08
-8.57069e-09
5.89736e-09
7.15901e-09
3.3624e-09
