VARIABLEs = X,u
ZONE I=101
datapacking=block
0
0.01
0.02
0.03
0.04
0.05
0.06
0.07
0.08
0.09
0.1
0.11
0.12
0.13
0.14
0.15
0.16
0.17
0.18
0.19
0.2
0.21
0.22
0.23
0.24
0.25
0.26
0.27
0.28
0.29
0.3
0.31
0.32
0.33
0.34
0.35
0.36
0.37
0.38
0.39
0.4
0.41
0.42
0.43
0.44
0.45
0.46
0.47
0.48
0.49
0.5
0.51
0.52
0.53
0.54
0.55
0.56
0.57
0.58
0.59
0.6
0.61
0.62
0.63
0.64
0.65
0.66
0.67
0.68
0.69
0.7
0.71
0.72
0.73
0.74
0.75
0.76
0.77
0.78
0.79
0.8
0.81
0.82
0.83
0.84
0.85
0.86
0.87
0.88
0.89
0.9
0.91
0.92
0.93
0.94
0.95
0.96
0.97
0.98
0.99
1
0
0.000223296
0.000970611
0.00366687
0.0121304
0.0344886
0.0839619
0.1759
0.319809
0.509453
0.718274
0.906298
1.03712
1.09507
1.09118
1.05447
1.01512
0.991114
0.985031
0.989754
0.996716
1.00103
1.00204
1.00127
1.0003
0.999812
0.999768
0.999892
0.999995
1.00003
1.00002
0.999997
0.999874
0.999042
0.995184
0.982122
0.947878
0.875819
0.751489
0.573676
0.362673
0.157464
0.000108377
-0.0841957
-0.098263
-0.0680872
-0.0264203
0.00349311
0.0145936
0.0121311
0.0051328
-0.000139592
-0.00197111
-0.00153243
-0.000526467
0.000102528
0.000240939
0.000139902
2.52971e-05
-2.32794e-05
-2.24015e-05
-8.02779e-06
9.22343e-07
2.64934e-06
1.3585e-06
1.44284e-07
-2.45341e-07
-1.73108e-07
-3.94231e-08
1.77485e-08
1.82995e-08
5.79278e-09
-9.065e-10
-1.68107e-09
-6.60074e-10
1.31729e-11
1.38074e-10
6.40855e-11
3.88398e-12
-1.0348e-11
-5.53089e-12
-6.2934e-13
7.19276e-13
4.34756e-13
6.54979e-14
-4.70296e-14
-3.16218e-14
-5.57528e-15
2.92974e-15
2.15194e-15
4.16191e-16
-1.75888e-16
-1.38127e-16
-2.81024e-17
1.02738e-17
8.41212e-18
1.7452e-18
-5.87854e-19
-4.88202e-19
-1.00655e-19
3.30633e-20
