VARIABLEs = X,u
ZONE I=101
datapacking=block
0
0.01
0.02
0.03
0.04
0.05
0.06
0.07
0.08
0.09
0.1
0.11
0.12
0.13
0.14
0.15
0.16
0.17
0.18
0.19
0.2
0.21
0.22
0.23
0.24
0.25
0.26
0.27
0.28
0.29
0.3
0.31
0.32
0.33
0.34
0.35
0.36
0.37
0.38
0.39
0.4
0.41
0.42
0.43
0.44
0.45
0.46
0.47
0.48
0.49
0.5
0.51
0.52
0.53
0.54
0.55
0.56
0.57
0.58
0.59
0.6
0.61
0.62
0.63
0.64
0.65
0.66
0.67
0.68
0.69
0.7
0.71
0.72
0.73
0.74
0.75
0.76
0.77
0.78
0.79
0.8
0.81
0.82
0.83
0.84
0.85
0.86
0.87
0.88
0.89
0.9
0.91
0.92
0.93
0.94
0.95
0.96
0.97
0.98
0.99
1
0
2.4961e-21
1.1159e-20
4.70976e-20
1.98082e-19
8.32899e-19
3.50205e-18
1.47235e-17
6.1883e-17
2.59903e-16
1.08978e-15
4.55485e-15
1.89315e-14
7.7997e-14
3.17296e-13
1.26908e-12
4.9692e-12
1.89718e-11
7.03766e-11
2.5292e-10
8.78585e-10
2.94504e-09
9.51451e-09
2.96027e-08
8.86614e-08
2.55571e-07
7.09031e-07
1.89347e-06
4.86852e-06
1.20564e-05
2.87658e-05
6.61511e-05
0.00014668
0.000313721
0.000647475
0.00128993
0.00248152
0.00461125
0.0082793
0.0143666
0.0240991
0.0390861
0.0613041
0.0929967
0.136461
0.193711
0.266043
0.35354
0.454645
0.565885
0.681904
0.795871
0.90027
0.987986
1.05349
1.09387
1.10941
1.10357
1.08237
1.05315
1.02315
0.998199
0.981776
0.974737
0.975648
0.981586
0.989123
0.995184
0.997567
0.995015
0.986926
0.97286
0.952055
0.923134
0.884125
0.832774
0.767106
0.686097
0.590298
0.482263
0.366663
0.24998
0.139802
0.043761
-0.0316892
-0.0824182
-0.10742
-0.109042
-0.0925444
-0.0650599
-0.0341768
-0.00649819
0.013477
0.0238895
0.025387
0.0204273
0.0122748
0.00400227
-0.00223425
-0.00549984
-0.00597218
