VARIABLEs = X,u
ZONE I=101
datapacking=block
0
0.01
0.02
0.03
0.04
0.05
0.06
0.07
0.08
0.09
0.1
0.11
0.12
0.13
0.14
0.15
0.16
0.17
0.18
0.19
0.2
0.21
0.22
0.23
0.24
0.25
0.26
0.27
0.28
0.29
0.3
0.31
0.32
0.33
0.34
0.35
0.36
0.37
0.38
0.39
0.4
0.41
0.42
0.43
0.44
0.45
0.46
0.47
0.48
0.49
0.5
0.51
0.52
0.53
0.54
0.55
0.56
0.57
0.58
0.59
0.6
0.61
0.62
0.63
0.64
0.65
0.66
0.67
0.68
0.69
0.7
0.71
0.72
0.73
0.74
0.75
0.76
0.77
0.78
0.79
0.8
0.81
0.82
0.83
0.84
0.85
0.86
0.87
0.88
0.89
0.9
0.91
0.92
0.93
0.94
0.95
0.96
0.97
0.98
0.99
1
0
7.43101e-06
3.29822e-05
0.000134082
0.00050959
0.00176384
0.0054623
0.0150223
0.0366629
0.0796271
0.154573
0.269524
0.424302
0.606276
0.79085
0.948244
1.05436
1.10029
1.09523
1.06102
1.02168
0.993921
0.983034
0.985112
0.992568
0.999188
1.00236
1.0025
1.00131
1.00018
0.999664
0.999655
0.999838
0.999977
0.999938
0.99947
0.99769
0.992221
0.978044
0.946702
0.887027
0.788471
0.646808
0.469806
0.279002
0.104826
-0.0240294
-0.0919824
-0.102418
-0.0746666
-0.0340788
-0.00104989
0.0152691
0.0164903
0.00985499
0.00250464
-0.00176745
-0.002658
-0.0016885
-0.000453037
0.000246406
0.000369755
0.00021221
4.00533e-05
-4.06185e-05
-4.39274e-05
-1.94693e-05
-3.12447e-07
5.7656e-06
4.11542e-06
1.11763e-06
-4.37226e-07
-6.05066e-07
-2.71327e-07
-8.34829e-09
6.73219e-08
4.38083e-08
9.29169e-09
-5.54231e-09
-5.59372e-09
-1.89906e-09
2.59755e-10
5.98838e-10
2.74255e-10
1.33588e-11
-5.50578e-11
-3.26638e-11
-5.22781e-12
4.36696e-12
3.39623e-12
8.20949e-13
-2.93477e-13
-3.17541e-13
-9.82984e-14
1.55745e-14
2.71979e-14
1.00834e-14
-4.66538e-16
-2.16239e-15
-9.27631e-16
-2.49842e-17
