VARIABLEs = X,u
ZONE I=101
datapacking=block
0
0.01
0.02
0.03
0.04
0.05
0.06
0.07
0.08
0.09
0.1
0.11
0.12
0.13
0.14
0.15
0.16
0.17
0.18
0.19
0.2
0.21
0.22
0.23
0.24
0.25
0.26
0.27
0.28
0.29
0.3
0.31
0.32
0.33
0.34
0.35
0.36
0.37
0.38
0.39
0.4
0.41
0.42
0.43
0.44
0.45
0.46
0.47
0.48
0.49
0.5
0.51
0.52
0.53
0.54
0.55
0.56
0.57
0.58
0.59
0.6
0.61
0.62
0.63
0.64
0.65
0.66
0.67
0.68
0.69
0.7
0.71
0.72
0.73
0.74
0.75
0.76
0.77
0.78
0.79
0.8
0.81
0.82
0.83
0.84
0.85
0.86
0.87
0.88
0.89
0.9
0.91
0.92
0.93
0.94
0.95
0.96
0.97
0.98
0.99
1
0
1.51031e-18
6.75197e-18
2.84972e-17
1.19852e-16
5.03931e-16
2.11842e-15
8.90044e-15
3.7341e-14
1.56173e-13
6.49343e-13
2.67364e-12
1.08492e-11
4.3157e-11
1.67404e-10
6.30149e-10
2.2925e-09
8.03442e-09
2.70604e-08
8.74417e-08
2.70795e-07
8.0323e-07
2.28147e-06
6.20549e-06
1.61666e-05
4.03545e-05
9.65558e-05
0.000221557
0.000487785
0.00103091
0.00209257
0.00408134
0.00765212
0.0137973
0.023933
0.039952
0.0642013
0.0993409
0.148044
0.212533
0.293981
0.391889
0.503582
0.624
0.745963
0.860953
0.960367
1.03702
1.08656
1.10837
1.10576
1.08527
1.05522
1.02395
0.998117
0.981615
0.97523
0.977154
0.984038
0.992208
0.998659
1.00156
1.00021
0.994551
0.984549
0.96957
0.948076
0.917641
0.8753
0.818162
0.744155
0.652777
0.545711
0.427151
0.303685
0.183659
0.0760417
-0.0110646
-0.071937
-0.104413
-0.110385
-0.0954081
-0.0674909
-0.0353401
-0.00654517
0.0138201
0.0238281
0.0244609
0.0186806
0.0101709
0.00216718
-0.00329901
-0.00560911
-0.0052879
-0.00346481
-0.00131401
0.000336895
0.00115074
0.00120816
0.000817187
0.000314047
