VARIABLEs = X,u
ZONE I=101
datapacking=block
0
0.01
0.02
0.03
0.04
0.05
0.06
0.07
0.08
0.09
0.1
0.11
0.12
0.13
0.14
0.15
0.16
0.17
0.18
0.19
0.2
0.21
0.22
0.23
0.24
0.25
0.26
0.27
0.28
0.29
0.3
0.31
0.32
0.33
0.34
0.35
0.36
0.37
0.38
0.39
0.4
0.41
0.42
0.43
0.44
0.45
0.46
0.47
0.48
0.49
0.5
0.51
0.52
0.53
0.54
0.55
0.56
0.57
0.58
0.59
0.6
0.61
0.62
0.63
0.64
0.65
0.66
0.67
0.68
0.69
0.7
0.71
0.72
0.73
0.74
0.75
0.76
0.77
0.78
0.79
0.8
0.81
0.82
0.83
0.84
0.85
0.86
0.87
0.88
0.89
0.9
0.91
0.92
0.93
0.94
0.95
0.96
0.97
0.98
0.99
1
0
2.25687e-20
1.00895e-19
4.25838e-19
1.79097e-18
7.53067e-18
3.16628e-17
1.33103e-16
5.59246e-16
2.34683e-15
9.82269e-15
4.09158e-14
1.69082e-13
6.90436e-13
2.77344e-12
1.09085e-11
4.18263e-11
1.55733e-10
5.61246e-10
1.95283e-09
6.54779e-09
2.11286e-08
6.55573e-08
1.95496e-07
5.6019e-07
1.54248e-06
4.08195e-06
1.03847e-05
2.54071e-05
5.98024e-05
0.000135477
0.000295515
0.000620932
0.00125728
0.00245423
0.00462005
0.00839016
0.0147034
0.0248717
0.0406197
0.064062
0.0975827
0.143589
0.204127
0.280393
0.372203
0.477539
0.592317
0.710498
0.824636
0.926829
1.00995
1.06892
1.10167
1.10963
1.09746
1.07211
1.04138
1.01243
0.990427
0.977875
0.974579
0.978264
0.985568
0.993072
0.998075
0.998912
0.994824
0.985501
0.97052
0.948888
0.918861
0.878093
0.824085
0.75483
0.669524
0.569183
0.457015
0.338435
0.220627
0.111682
0.0193913
-0.0500774
-0.0933341
-0.110461
-0.105031
-0.0833891
-0.0533528
-0.0226265
0.00265606
0.0189051
0.0253484
0.0236005
0.016729
0.00814277
0.000636063
-0.00417393
-0.00593972
-0.00528932
-0.00333084
-0.00116189
