VARIABLEs = X,u
ZONE I=101
datapacking=block
0
0.01
0.02
0.03
0.04
0.05
0.06
0.07
0.08
0.09
0.1
0.11
0.12
0.13
0.14
0.15
0.16
0.17
0.18
0.19
0.2
0.21
0.22
0.23
0.24
0.25
0.26
0.27
0.28
0.29
0.3
0.31
0.32
0.33
0.34
0.35
0.36
0.37
0.38
0.39
0.4
0.41
0.42
0.43
0.44
0.45
0.46
0.47
0.48
0.49
0.5
0.51
0.52
0.53
0.54
0.55
0.56
0.57
0.58
0.59
0.6
0.61
0.62
0.63
0.64
0.65
0.66
0.67
0.68
0.69
0.7
0.71
0.72
0.73
0.74
0.75
0.76
0.77
0.78
0.79
0.8
0.81
0.82
0.83
0.84
0.85
0.86
0.87
0.88
0.89
0.9
0.91
0.92
0.93
0.94
0.95
0.96
0.97
0.98
0.99
1
0
1.11042e-07
4.95751e-07
2.07298e-06
8.44224e-06
3.29019e-05
0.000120238
0.000405697
0.00125214
0.00352014
0.00900638
0.0209952
0.0446901
0.0870907
0.155816
0.256655
0.390297
0.549539
0.718664
0.876209
1.00084
1.07821
1.10585
1.09358
1.05918
1.02147
0.993894
0.981544
0.982061
0.989263
0.997077
1.00199
1.00339
1.00251
1.00098
0.999861
0.999436
0.999431
0.99931
0.998312
0.995114
0.987196
0.970168
0.937485
0.881143
0.793751
0.671819
0.519196
0.348867
0.181448
0.0400257
-0.0570835
-0.102584
-0.102435
-0.0729017
-0.0338292
-0.00143383
0.0161776
0.0192798
0.0134209
0.00520159
-0.000849075
-0.00327537
-0.00291662
-0.00143157
-0.000127
0.000479369
0.000492834
0.000252288
2.99269e-05
-7.06696e-05
-7.11801e-05
-3.3316e-05
-1.61159e-06
1.04695e-05
8.8222e-06
3.28627e-06
-4.37581e-07
-1.4069e-06
-8.99353e-07
-2.09008e-07
1.30428e-07
1.56335e-07
6.96079e-08
1.39114e-09
-1.94286e-08
-1.34024e-08
-3.33321e-09
1.57904e-09
1.93722e-09
8.02672e-10
-1.563e-11
-2.2241e-10
-1.32535e-10
-2.30857e-11
1.99147e-11
1.76467e-11
5.4244e-12
-1.17893e-12
-1.99608e-12
-8.55411e-13
