VARIABLEs = X,u
ZONE I=101
datapacking=block
0
0.01
0.02
0.03
0.04
0.05
0.06
0.07
0.08
0.09
0.1
0.11
0.12
0.13
0.14
0.15
0.16
0.17
0.18
0.19
0.2
0.21
0.22
0.23
0.24
0.25
0.26
0.27
0.28
0.29
0.3
0.31
0.32
0.33
0.34
0.35
0.36
0.37
0.38
0.39
0.4
0.41
0.42
0.43
0.44
0.45
0.46
0.47
0.48
0.49
0.5
0.51
0.52
0.53
0.54
0.55
0.56
0.57
0.58
0.59
0.6
0.61
0.62
0.63
0.64
0.65
0.66
0.67
0.68
0.69
0.7
0.71
0.72
0.73
0.74
0.75
0.76
0.77
0.78
0.79
0.8
0.81
0.82
0.83
0.84
0.85
0.86
0.87
0.88
0.89
0.9
0.91
0.92
0.93
0.94
0.95
0.96
0.97
0.98
0.99
1
0
6.13993e-20
2.74491e-19
1.15851e-18
4.87243e-18
2.04874e-17
8.61377e-17
3.62073e-16
1.52094e-15
6.37905e-15
2.66696e-14
1.10863e-13
4.56591e-13
1.85512e-12
7.40043e-12
2.88481e-11
1.09407e-10
4.0216e-10
1.42837e-09
4.89052e-09
1.61139e-08
5.10367e-08
1.55273e-07
4.53614e-07
1.27238e-06
3.42713e-06
8.86606e-06
2.20374e-05
5.26488e-05
0.000120948
0.00026729
0.000568498
0.00116419
0.00229638
0.00436474
0.00799688
0.0141277
0.0240734
0.0395759
0.0627841
0.0961344
0.142099
0.202794
0.279466
0.371945
0.47817
0.593947
0.71307
0.827896
0.930343
1.01318
1.07132
1.10284
1.10941
1.09598
1.06976
1.03874
1.01007
0.98881
0.977213
0.974824
0.979157
0.986746
0.994199
0.998938
0.999469
0.995185
0.985867
0.971096
0.949807
0.920142
0.879622
0.825634
0.7561
0.670197
0.568985
0.455782
0.336165
0.217518
0.108123
0.0159121
-0.0529086
-0.0950379
-0.110769
-0.103965
-0.0812636
-0.0506994
-0.0200543
0.00461985
0.0199456
0.0254233
0.022916
0.0156454
0.00704656
-0.000175329
-0.00455963
-0.00592056
-0.00500065
-0.00294952
-0.000838153
0.000646756
