VARIABLEs = X,u
ZONE I=101
datapacking=block
0
0.01
0.02
0.03
0.04
0.05
0.06
0.07
0.08
0.09
0.1
0.11
0.12
0.13
0.14
0.15
0.16
0.17
0.18
0.19
0.2
0.21
0.22
0.23
0.24
0.25
0.26
0.27
0.28
0.29
0.3
0.31
0.32
0.33
0.34
0.35
0.36
0.37
0.38
0.39
0.4
0.41
0.42
0.43
0.44
0.45
0.46
0.47
0.48
0.49
0.5
0.51
0.52
0.53
0.54
0.55
0.56
0.57
0.58
0.59
0.6
0.61
0.62
0.63
0.64
0.65
0.66
0.67
0.68
0.69
0.7
0.71
0.72
0.73
0.74
0.75
0.76
0.77
0.78
0.79
0.8
0.81
0.82
0.83
0.84
0.85
0.86
0.87
0.88
0.89
0.9
0.91
0.92
0.93
0.94
0.95
0.96
0.97
0.98
0.99
1
0
1.83033e-06
8.14888e-06
3.35869e-05
0.000131731
0.000479754
0.00158998
0.00474212
0.0126771
0.0303869
0.0654794
0.127309
0.224228
0.35924
0.525732
0.705949
0.874287
1.00515
1.08222
1.10446
1.08567
1.0477
1.0112
0.988531
0.981833
0.986039
0.993911
1.00013
1.00278
1.00259
1.00127
1.00011
0.999599
0.999611
0.999802
0.99987
0.999491
0.997921
0.993285
0.981636
0.956201
0.907597
0.825915
0.704881
0.546845
0.365927
0.186566
0.0366499
-0.0623496
-0.103478
-0.0962883
-0.0616346
-0.0222251
0.00599026
0.017614
0.0160508
0.00855264
0.00143116
-0.00232699
-0.00283157
-0.00167611
-0.000384155
0.0003152
0.000418656
0.000236255
4.31509e-05
-4.88346e-05
-5.35462e-05
-2.49475e-05
-1.21042e-06
7.18757e-06
5.63934e-06
1.81137e-06
-4.43585e-07
-8.49977e-07
-4.49243e-07
-5.61231e-08
9.02879e-08
7.43495e-08
2.29008e-08
-5.56961e-09
-9.53536e-09
-4.39966e-09
-2.15233e-10
9.84107e-10
6.34052e-10
1.27624e-10
-8.00554e-11
-7.59549e-11
-2.38129e-11
4.4197e-12
7.88345e-12
3.27977e-12
4.64533e-16
-7.23172e-13
-3.8036e-13
-4.23041e-14
5.91094e-14
3.9057e-14
7.45323e-15
-4.29574e-15
