VARIABLEs = X,u
ZONE I=101
datapacking=block
0
0.01
0.02
0.03
0.04
0.05
0.06
0.07
0.08
0.09
0.1
0.11
0.12
0.13
0.14
0.15
0.16
0.17
0.18
0.19
0.2
0.21
0.22
0.23
0.24
0.25
0.26
0.27
0.28
0.29
0.3
0.31
0.32
0.33
0.34
0.35
0.36
0.37
0.38
0.39
0.4
0.41
0.42
0.43
0.44
0.45
0.46
0.47
0.48
0.49
0.5
0.51
0.52
0.53
0.54
0.55
0.56
0.57
0.58
0.59
0.6
0.61
0.62
0.63
0.64
0.65
0.66
0.67
0.68
0.69
0.7
0.71
0.72
0.73
0.74
0.75
0.76
0.77
0.78
0.79
0.8
0.81
0.82
0.83
0.84
0.85
0.86
0.87
0.88
0.89
0.9
0.91
0.92
0.93
0.94
0.95
0.96
0.97
0.98
0.99
1
0
0.0182546
0.0686522
0.187597
0.39324
0.654147
0.894907
1.0456
1.08936
1.06354
1.02139
0.99551
0.989948
0.994302
0.999028
1.00089
1.00078
1.00024
0.999953
0.999923
0.99997
1
1.00001
1
1
1
1
1
1
1
1
0.996267
0.970296
0.884199
0.705057
0.446879
0.181048
-0.00853628
-0.0848585
-0.0742298
-0.0322939
-0.000623788
0.00965968
0.00693331
0.00190695
-0.000623366
-0.000852633
-0.000343363
4.0964e-06
7.73594e-05
3.91294e-05
3.90746e-06
-5.75813e-06
-3.45816e-06
-5.34496e-07
3.75225e-07
2.56531e-07
4.6713e-08
-2.24162e-08
-1.66489e-08
-3.20734e-09
1.26658e-09
9.68636e-10
1.85013e-10
-6.87573e-11
-5.12832e-11
-9.2355e-12
3.59332e-12
2.494e-12
4.0391e-13
-1.79686e-13
-1.12063e-13
-1.54693e-14
8.52802e-15
4.66889e-15
5.09897e-16
-3.81648e-16
-1.80713e-16
-1.36775e-17
1.6042e-17
6.5015e-18
2.40164e-19
-6.32257e-19
-2.17196e-19
1.85956e-21
2.33579e-20
6.71669e-21
-4.29601e-22
-8.09171e-22
-1.91014e-22
2.58758e-23
2.62978e-23
4.93018e-24
-1.16493e-24
-8.01891e-25
-1.12303e-25
4.48577e-26
2.29253e-26
2.10273e-27
-1.54813e-27
-6.1319e-28
