VARIABLEs = X,u
ZONE I=101
datapacking=block
0
0.01
0.02
0.03
0.04
0.05
0.06
0.07
0.08
0.09
0.1
0.11
0.12
0.13
0.14
0.15
0.16
0.17
0.18
0.19
0.2
0.21
0.22
0.23
0.24
0.25
0.26
0.27
0.28
0.29
0.3
0.31
0.32
0.33
0.34
0.35
0.36
0.37
0.38
0.39
0.4
0.41
0.42
0.43
0.44
0.45
0.46
0.47
0.48
0.49
0.5
0.51
0.52
0.53
0.54
0.55
0.56
0.57
0.58
0.59
0.6
0.61
0.62
0.63
0.64
0.65
0.66
0.67
0.68
0.69
0.7
0.71
0.72
0.73
0.74
0.75
0.76
0.77
0.78
0.79
0.8
0.81
0.82
0.83
0.84
0.85
0.86
0.87
0.88
0.89
0.9
0.91
0.92
0.93
0.94
0.95
0.96
0.97
0.98
0.99
1
0
4.56259e-25
2.03975e-24
8.60893e-24
3.62073e-23
1.52246e-22
6.40161e-22
2.69171e-21
1.13176e-20
4.75824e-20
2.00004e-19
8.40227e-19
3.52586e-18
1.47641e-17
6.15952e-17
2.55479e-16
1.05065e-15
4.27064e-15
1.71002e-14
6.72242e-14
2.58642e-13
9.71178e-13
3.5505e-12
1.26132e-11
4.34761e-11
1.45233e-10
4.6981e-10
1.47091e-09
4.45572e-09
1.30574e-08
3.70163e-08
1.01525e-07
2.69439e-07
6.92081e-07
1.72096e-06
4.14404e-06
9.66591e-06
2.18452e-05
4.78513e-05
0.00010162
0.000209283
0.00041809
0.000810394
0.00152445
0.0027836
0.00493471
0.0084947
0.0142013
0.0230596
0.0363717
0.0557307
0.0829598
0.119977
0.168576
0.230127
0.305222
0.393326
0.492492
0.59924
0.708665
0.814825
0.911386
0.992468
1.05353
1.09215
1.10844
1.10512
1.08704
1.06033
1.03131
1.00541
0.986366
0.975751
0.973061
0.976167
0.982037
0.98748
0.989727
0.986728
0.977128
0.960021
0.934611
0.899932
0.854773
0.797832
0.728086
0.645293
0.550472
0.446231
0.336833
0.22792
0.125924
0.0372112
-0.0328663
-0.0808561
-0.105819
-0.109528
-0.0961781
-0.0716441
-0.0424313
-0.014543
