VARIABLEs = X,u
ZONE I=101
datapacking=block
0
0.01
0.02
0.03
0.04
0.05
0.06
0.07
0.08
0.09
0.1
0.11
0.12
0.13
0.14
0.15
0.16
0.17
0.18
0.19
0.2
0.21
0.22
0.23
0.24
0.25
0.26
0.27
0.28
0.29
0.3
0.31
0.32
0.33
0.34
0.35
0.36
0.37
0.38
0.39
0.4
0.41
0.42
0.43
0.44
0.45
0.46
0.47
0.48
0.49
0.5
0.51
0.52
0.53
0.54
0.55
0.56
0.57
0.58
0.59
0.6
0.61
0.62
0.63
0.64
0.65
0.66
0.67
0.68
0.69
0.7
0.71
0.72
0.73
0.74
0.75
0.76
0.77
0.78
0.79
0.8
0.81
0.82
0.83
0.84
0.85
0.86
0.87
0.88
0.89
0.9
0.91
0.92
0.93
0.94
0.95
0.96
0.97
0.98
0.99
1
0
1.00936e-14
4.51243e-14
1.90445e-13
8.00812e-13
3.36429e-12
1.41042e-11
5.88373e-11
2.43083e-10
9.88194e-10
3.92331e-09
1.50972e-08
5.59272e-08
1.98356e-07
6.70798e-07
2.15702e-06
6.58418e-06
1.90616e-05
5.23256e-05
0.00013622
0.000336459
0.000788954
0.00175756
0.00372247
0.00750148
0.0143938
0.026316
0.0458738
0.0762906
0.12111
0.183619
0.266007
0.368403
0.488019
0.618742
0.751447
0.875185
0.979111
1.05473
1.09788
1.10969
1.09637
1.06756
1.03388
1.0044
0.984798
0.976661
0.978102
0.985208
0.993746
1.00051
1.00393
1.00394
1.00125
0.996552
0.989791
0.979776
0.964127
0.939486
0.901953
0.847696
0.773755
0.678981
0.564942
0.436534
0.301974
0.171936
0.0578422
-0.0304035
-0.0866302
-0.109899
-0.104739
-0.0799603
-0.0463677
-0.0140749
0.00974208
0.0219958
0.0235101
0.017762
0.00913056
0.00131998
-0.00356517
-0.00514775
-0.00428731
-0.00232906
-0.000446212
0.000713398
0.00105072
0.000821468
0.000383941
1.22849e-05
-0.000175585
-0.000193969
-0.000120969
-3.46417e-05
2.06611e-05
3.69516e-05
2.77707e-05
1.10291e-05
-1.459e-06
-6.23419e-06
