VARIABLEs = X,u
ZONE I=101
datapacking=block
0
0.01
0.02
0.03
0.04
0.05
0.06
0.07
0.08
0.09
0.1
0.11
0.12
0.13
0.14
0.15
0.16
0.17
0.18
0.19
0.2
0.21
0.22
0.23
0.24
0.25
0.26
0.27
0.28
0.29
0.3
0.31
0.32
0.33
0.34
0.35
0.36
0.37
0.38
0.39
0.4
0.41
0.42
0.43
0.44
0.45
0.46
0.47
0.48
0.49
0.5
0.51
0.52
0.53
0.54
0.55
0.56
0.57
0.58
0.59
0.6
0.61
0.62
0.63
0.64
0.65
0.66
0.67
0.68
0.69
0.7
0.71
0.72
0.73
0.74
0.75
0.76
0.77
0.78
0.79
0.8
0.81
0.82
0.83
0.84
0.85
0.86
0.87
0.88
0.89
0.9
0.91
0.92
0.93
0.94
0.95
0.96
0.97
0.98
0.99
1
0
5.04622e-26
2.25596e-25
9.52147e-25
4.00452e-24
1.68384e-23
7.08018e-23
2.97705e-22
1.25176e-21
5.26303e-21
2.21255e-20
9.29841e-20
3.90494e-19
1.6376e-18
6.85005e-18
2.85335e-17
1.18096e-16
4.84349e-16
1.96249e-15
7.83061e-15
3.06732e-14
1.17607e-13
4.40243e-13
1.60543e-12
5.69319e-12
1.96058e-11
6.54972e-11
2.12103e-10
6.65491e-10
2.02245e-09
5.95241e-09
1.69661e-08
4.68358e-08
1.25241e-07
3.2447e-07
8.1464e-07
1.98258e-06
4.67832e-06
1.07069e-05
2.37722e-05
5.12189e-05
0.000107117
0.000217503
0.000428895
0.000821512
0.00152876
0.00276447
0.00485845
0.00829966
0.0137833
0.0222546
0.0349377
0.0533337
0.0791697
0.114281
0.160419
0.218977
0.290671
0.375204
0.470986
0.574985
0.682774
0.788834
0.887105
0.97174
1.03794
1.08272
1.10544
1.10796
1.09433
1.07017
1.04161
1.01432
0.992572
0.978693
0.97294
0.97379
0.978541
0.984022
0.987238
0.985777
0.977929
0.962554
0.938799
0.90581
0.86258
0.808006
0.741159
0.661708
0.570381
0.469328
0.362257
0.254275
0.151412
0.0598792
-0.0148231
-0.068771
-0.100292
-0.110282
-0.102085
-0.0809188
