VARIABLEs = X,u
ZONE I=101
datapacking=block
0
0.01
0.02
0.03
0.04
0.05
0.06
0.07
0.08
0.09
0.1
0.11
0.12
0.13
0.14
0.15
0.16
0.17
0.18
0.19
0.2
0.21
0.22
0.23
0.24
0.25
0.26
0.27
0.28
0.29
0.3
0.31
0.32
0.33
0.34
0.35
0.36
0.37
0.38
0.39
0.4
0.41
0.42
0.43
0.44
0.45
0.46
0.47
0.48
0.49
0.5
0.51
0.52
0.53
0.54
0.55
0.56
0.57
0.58
0.59
0.6
0.61
0.62
0.63
0.64
0.65
0.66
0.67
0.68
0.69
0.7
0.71
0.72
0.73
0.74
0.75
0.76
0.77
0.78
0.79
0.8
0.81
0.82
0.83
0.84
0.85
0.86
0.87
0.88
0.89
0.9
0.91
0.92
0.93
0.94
0.95
0.96
0.97
0.98
0.99
1
0
6.71883e-05
0.000295202
0.00115483
0.00406447
0.0125675
0.0337991
0.0790722
0.161721
0.291154
0.464891
0.663537
0.853875
1.00086
1.08274
1.10028
1.07426
1.03343
1.00067
0.985534
0.98542
0.992192
0.998723
1.00191
1.00213
1.00107
1.00012
0.999725
0.99975
0.999903
1.00001
1.00003
0.999996
0.999775
0.99868
0.994432
0.981499
0.949669
0.884829
0.773897
0.613295
0.416485
0.214246
0.0446708
-0.0630278
-0.101423
-0.0863961
-0.0467728
-0.00932865
0.0116451
0.0156226
0.0100252
0.00291033
-0.00132502
-0.00223925
-0.00138564
-0.000331215
0.000213868
0.000273757
0.000134996
1.21448e-05
-3.26348e-05
-2.62096e-05
-8.26791e-06
1.94726e-06
3.54841e-06
1.72751e-06
1.38135e-07
-3.62276e-07
-2.52253e-07
-5.87567e-08
2.73116e-08
2.95635e-08
1.01703e-08
-1.18438e-09
-2.93849e-09
-1.30947e-09
-4.97982e-11
2.54937e-10
1.41265e-10
1.85432e-11
-1.96282e-11
-1.34186e-11
-2.64214e-12
1.35357e-12
1.15387e-12
2.85278e-13
-8.39003e-14
-9.14664e-14
-2.63046e-14
4.66345e-15
6.77196e-15
2.16948e-15
-2.30029e-16
-4.72998e-16
-1.63931e-16
9.82177e-18
3.1413e-17
1.15147e-17
-3.42234e-19
-1.99597e-18
