VARIABLEs = X,u
ZONE I=101
datapacking=block
0
0.01
0.02
0.03
0.04
0.05
0.06
0.07
0.08
0.09
0.1
0.11
0.12
0.13
0.14
0.15
0.16
0.17
0.18
0.19
0.2
0.21
0.22
0.23
0.24
0.25
0.26
0.27
0.28
0.29
0.3
0.31
0.32
0.33
0.34
0.35
0.36
0.37
0.38
0.39
0.4
0.41
0.42
0.43
0.44
0.45
0.46
0.47
0.48
0.49
0.5
0.51
0.52
0.53
0.54
0.55
0.56
0.57
0.58
0.59
0.6
0.61
0.62
0.63
0.64
0.65
0.66
0.67
0.68
0.69
0.7
0.71
0.72
0.73
0.74
0.75
0.76
0.77
0.78
0.79
0.8
0.81
0.82
0.83
0.84
0.85
0.86
0.87
0.88
0.89
0.9
0.91
0.92
0.93
0.94
0.95
0.96
0.97
0.98
0.99
1
0
1.36374e-15
6.09673e-15
2.57314e-14
1.0821e-13
4.54786e-13
1.90902e-12
7.98848e-12
3.32118e-11
1.36489e-10
5.50943e-10
2.16909e-09
8.27311e-09
3.0389e-08
1.06997e-07
3.59855e-07
1.15334e-06
3.51757e-06
1.02014e-05
2.81266e-05
7.3736e-05
0.000183872
0.000436376
0.000986261
0.00212422
0.00436295
0.00855115
0.0160032
0.0286146
0.0489106
0.0799601
0.125083
0.187309
0.268617
0.369061
0.48601
0.613775
0.743872
0.866061
0.970047
1.04752
1.09398
1.10981
1.10019
1.07382
1.04079
1.01019
0.988248
0.977419
0.976658
0.982584
0.991058
0.998571
1.00304
1.00389
1.00153
0.996554
0.989036
0.977998
0.961292
0.935775
0.897743
0.84356
0.770452
0.677377
0.565837
0.440415
0.308755
0.180814
0.0673492
-0.0220951
-0.081226
-0.108466
-0.10735
-0.085645
-0.0534152
-0.02058
0.00528539
0.020277
0.0243031
0.0201521
0.011944
0.00356578
-0.00240888
-0.00508162
-0.00494118
-0.00320816
-0.00115198
0.000368045
0.00104599
0.00101532
0.000615146
0.000172749
-0.000118567
-0.000216
-0.000175593
-8.30157e-05
-3.64005e-06
3.54257e-05
3.82262e-05
2.26334e-05
