VARIABLEs = X,u
ZONE I=101
datapacking=block
0
0.01
0.02
0.03
0.04
0.05
0.06
0.07
0.08
0.09
0.1
0.11
0.12
0.13
0.14
0.15
0.16
0.17
0.18
0.19
0.2
0.21
0.22
0.23
0.24
0.25
0.26
0.27
0.28
0.29
0.3
0.31
0.32
0.33
0.34
0.35
0.36
0.37
0.38
0.39
0.4
0.41
0.42
0.43
0.44
0.45
0.46
0.47
0.48
0.49
0.5
0.51
0.52
0.53
0.54
0.55
0.56
0.57
0.58
0.59
0.6
0.61
0.62
0.63
0.64
0.65
0.66
0.67
0.68
0.69
0.7
0.71
0.72
0.73
0.74
0.75
0.76
0.77
0.78
0.79
0.8
0.81
0.82
0.83
0.84
0.85
0.86
0.87
0.88
0.89
0.9
0.91
0.92
0.93
0.94
0.95
0.96
0.97
0.98
0.99
1
0
1.3547e-05
6.00106e-05
0.000242008
0.000904142
0.00304821
0.0091253
0.0241225
0.0563513
0.116781
0.215804
0.357592
0.534388
0.724625
0.897792
1.02518
1.09145
1.10047
1.07208
1.03181
0.999809
0.984639
0.984169
0.990962
0.998033
1.00191
1.00253
1.0015
1.00033
0.999726
0.999658
0.999823
0.999975
1.00001
0.999819
0.998938
0.995829
0.986754
0.964562
0.918486
0.836408
0.710163
0.542246
0.349949
0.16293
0.0134656
-0.076408
-0.103809
-0.0847528
-0.0451179
-0.00846411
0.012438
0.0168467
0.0114028
0.00384487
-0.00112259
-0.00257563
-0.0018471
-0.000616895
0.000162392
0.000353725
0.00022551
5.54774e-05
-3.24196e-05
-4.19984e-05
-2.03284e-05
-1.5495e-06
5.03401e-06
3.89852e-06
1.16572e-06
-3.31842e-07
-5.36772e-07
-2.51235e-07
-1.43296e-08
5.67181e-08
3.79759e-08
8.3479e-09
-4.49088e-09
-4.62426e-09
-1.56118e-09
2.10348e-10
4.77922e-10
2.13437e-10
7.95233e-12
-4.29618e-11
-2.43545e-11
-3.43869e-12
3.39277e-12
2.44329e-12
5.28256e-13
-2.34765e-13
-2.21625e-13
-6.12721e-14
1.39261e-14
1.85067e-14
6.07443e-15
-6.59308e-16
-1.44126e-15
-5.39697e-16
1.80278e-17
1.05745e-16
