VARIABLEs = X,u
ZONE I=101
datapacking=block
0
0.01
0.02
0.03
0.04
0.05
0.06
0.07
0.08
0.09
0.1
0.11
0.12
0.13
0.14
0.15
0.16
0.17
0.18
0.19
0.2
0.21
0.22
0.23
0.24
0.25
0.26
0.27
0.28
0.29
0.3
0.31
0.32
0.33
0.34
0.35
0.36
0.37
0.38
0.39
0.4
0.41
0.42
0.43
0.44
0.45
0.46
0.47
0.48
0.49
0.5
0.51
0.52
0.53
0.54
0.55
0.56
0.57
0.58
0.59
0.6
0.61
0.62
0.63
0.64
0.65
0.66
0.67
0.68
0.69
0.7
0.71
0.72
0.73
0.74
0.75
0.76
0.77
0.78
0.79
0.8
0.81
0.82
0.83
0.84
0.85
0.86
0.87
0.88
0.89
0.9
0.91
0.92
0.93
0.94
0.95
0.96
0.97
0.98
0.99
1
0
0.0332787
0.118806
0.296411
0.556858
0.826225
1.01477
1.08509
1.06907
1.02659
0.998039
0.990804
0.994496
0.99896
1.00073
1.00065
1.00019
0.999961
0.999942
0.99998
1
1
1
1
1
1
1
1
1
1
1
0.991365
0.940304
0.797668
0.551053
0.262852
0.0341832
-0.0739461
-0.0777216
-0.0376
-0.00366961
0.00844686
0.00654907
0.00188715
-0.000480292
-0.000704288
-0.000273111
6.44924e-06
5.79184e-05
2.65576e-05
1.61958e-06
-4.0105e-06
-2.03635e-06
-1.98886e-07
2.47038e-07
1.31637e-07
1.45032e-08
-1.39697e-08
-7.43186e-09
-7.98815e-10
7.36269e-10
3.74049e-10
3.51558e-11
-3.63318e-11
-1.69935e-11
-1.22447e-12
1.67742e-12
7.02155e-13
3.00389e-14
-7.23098e-14
-2.64952e-14
-1.6171e-16
2.90569e-15
9.14178e-16
-3.60406e-17
-1.08769e-16
-2.87852e-17
2.80303e-18
3.79294e-18
8.21629e-19
-1.44148e-19
-1.23248e-19
-2.09312e-20
6.0937e-21
3.73176e-21
4.58865e-22
-2.2593e-22
-1.05195e-22
-7.79275e-24
7.56204e-24
2.75385e-24
5.57685e-26
-2.3207e-25
-6.65896e-26
2.88993e-27
6.58935e-27
1.4712e-27
-1.85663e-28
-1.74001e-28
-2.90326e-29
7.24513e-30
