VARIABLEs = X,u
ZONE I=101
datapacking=block
0
0.01
0.02
0.03
0.04
0.05
0.06
0.07
0.08
0.09
0.1
0.11
0.12
0.13
0.14
0.15
0.16
0.17
0.18
0.19
0.2
0.21
0.22
0.23
0.24
0.25
0.26
0.27
0.28
0.29
0.3
0.31
0.32
0.33
0.34
0.35
0.36
0.37
0.38
0.39
0.4
0.41
0.42
0.43
0.44
0.45
0.46
0.47
0.48
0.49
0.5
0.51
0.52
0.53
0.54
0.55
0.56
0.57
0.58
0.59
0.6
0.61
0.62
0.63
0.64
0.65
0.66
0.67
0.68
0.69
0.7
0.71
0.72
0.73
0.74
0.75
0.76
0.77
0.78
0.79
0.8
0.81
0.82
0.83
0.84
0.85
0.86
0.87
0.88
0.89
0.9
0.91
0.92
0.93
0.94
0.95
0.96
0.97
0.98
0.99
1
0
1.5083e-16
6.74298e-16
2.84592e-15
1.19687e-14
5.03145e-14
2.11369e-13
8.86333e-13
3.70148e-12
1.53382e-11
6.27445e-11
2.51849e-10
9.85571e-10
3.73767e-09
1.36655e-08
4.7971e-08
1.6119e-07
5.17377e-07
1.58426e-06
4.62496e-06
1.28693e-05
3.41364e-05
8.63443e-05
0.000208357
0.000479936
0.00105589
0.00222013
0.00446404
0.00858848
0.0158191
0.027909
0.047185
0.0764792
0.118885
0.1773
0.253761
0.348675
0.460099
0.583313
0.710919
0.833601
0.941522
1.02612
1.08185
1.10749
1.10637
1.08565
1.05461
1.0225
0.996572
0.980794
0.975635
0.978767
0.986399
0.994695
1.00083
1.0034
1.00225
0.997775
0.990218
0.97902
0.962531
0.938049
0.902182
0.851439
0.782985
0.695463
0.589767
0.469576
0.341456
0.214324
0.0982499
0.00273257
-0.0651814
-0.102439
-0.110706
-0.0959854
-0.0671892
-0.0340266
-0.00483102
0.0150566
0.0239246
0.0232702
0.0165931
0.00789668
0.000410854
-0.00411433
-0.0054577
-0.0044765
-0.00244836
-0.000493125
0.000748996
0.00115375
0.000949888
0.000489756
6.52628e-05
-0.000177391
-0.000230221
-0.000164318
-6.48522e-05
1.04366e-05
