VARIABLEs = X,u
ZONE I=101
datapacking=block
0
0.01
0.02
0.03
0.04
0.05
0.06
0.07
0.08
0.09
0.1
0.11
0.12
0.13
0.14
0.15
0.16
0.17
0.18
0.19
0.2
0.21
0.22
0.23
0.24
0.25
0.26
0.27
0.28
0.29
0.3
0.31
0.32
0.33
0.34
0.35
0.36
0.37
0.38
0.39
0.4
0.41
0.42
0.43
0.44
0.45
0.46
0.47
0.48
0.49
0.5
0.51
0.52
0.53
0.54
0.55
0.56
0.57
0.58
0.59
0.6
0.61
0.62
0.63
0.64
0.65
0.66
0.67
0.68
0.69
0.7
0.71
0.72
0.73
0.74
0.75
0.76
0.77
0.78
0.79
0.8
0.81
0.82
0.83
0.84
0.85
0.86
0.87
0.88
0.89
0.9
0.91
0.92
0.93
0.94
0.95
0.96
0.97
0.98
0.99
1
0
4.50826e-07
2.01069e-06
8.36074e-06
3.35269e-05
0.000126917
0.000444144
0.00141709
0.00409398
0.0106879
0.0252358
0.0540211
0.105164
0.186799
0.303767
0.453775
0.62491
0.796531
0.944323
1.04807
1.09878
1.10165
1.07323
1.03427
1.00183
0.984378
0.981526
0.987458
0.99545
1.00108
1.00313
1.0026
1.00115
0.999997
0.999527
0.999557
0.999686
0.999456
0.998155
0.994262
0.984655
0.963891
0.924117
0.85633
0.753346
0.613928
0.446344
0.269
0.106673
-0.0170362
-0.0879605
-0.106352
-0.0859691
-0.0477193
-0.0111903
0.0117865
0.0189475
0.0149968
0.00696435
0.000284054
-0.0028451
-0.00292149
-0.00158814
-0.00027209
0.000395041
0.000460599
0.000249897
3.98482e-05
-5.8878e-05
-6.27356e-05
-2.96902e-05
-1.72648e-06
8.7369e-06
7.22826e-06
2.55809e-06
-4.32785e-07
-1.11738e-06
-6.61897e-07
-1.24875e-07
1.11201e-07
1.12216e-07
4.31081e-08
-3.37667e-09
-1.42422e-08
-8.22185e-09
-1.35396e-09
1.34746e-09
1.18881e-09
3.76001e-10
-7.7361e-11
-1.40939e-10
-6.37336e-11
-2.48426e-12
1.40222e-11
8.57871e-12
1.51753e-12
-1.15735e-12
-9.88586e-13
-2.76035e-13
7.35034e-14
1.0085e-13
