VARIABLEs = X,u
ZONE I=101
datapacking=block
0
0.01
0.02
0.03
0.04
0.05
0.06
0.07
0.08
0.09
0.1
0.11
0.12
0.13
0.14
0.15
0.16
0.17
0.18
0.19
0.2
0.21
0.22
0.23
0.24
0.25
0.26
0.27
0.28
0.29
0.3
0.31
0.32
0.33
0.34
0.35
0.36
0.37
0.38
0.39
0.4
0.41
0.42
0.43
0.44
0.45
0.46
0.47
0.48
0.49
0.5
0.51
0.52
0.53
0.54
0.55
0.56
0.57
0.58
0.59
0.6
0.61
0.62
0.63
0.64
0.65
0.66
0.67
0.68
0.69
0.7
0.71
0.72
0.73
0.74
0.75
0.76
0.77
0.78
0.79
0.8
0.81
0.82
0.83
0.84
0.85
0.86
0.87
0.88
0.89
0.9
0.91
0.92
0.93
0.94
0.95
0.96
0.97
0.98
0.99
1
0
6.08299e-06
2.70139e-05
0.000110079
0.000420537
0.00146749
0.00459304
0.0127908
0.0316545
0.0697874
0.137628
0.243945
0.390549
0.567633
0.753089
0.91787
1.03609
1.0951
1.10008
1.07051
1.03056
0.999104
0.984155
0.983665
0.990485
0.997753
1.0019
1.0027
1.0017
1.00044
0.999739
0.999617
0.999778
0.999946
0.999955
0.999587
0.998115
0.99351
0.981356
0.953947
0.900649
0.810624
0.678049
0.507894
0.318712
0.139315
-0.000667038
-0.0822522
-0.10447
-0.0834292
-0.0437859
-0.00767003
0.0129454
0.0173663
0.0119418
0.00422244
-0.00102922
-0.00271494
-0.00205916
-0.000764142
0.000122756
0.000385837
0.000272615
8.31886e-05
-2.81264e-05
-4.93551e-05
-2.78494e-05
-4.72106e-06
5.2883e-06
5.17672e-06
2.00713e-06
-1.50297e-07
-6.76745e-07
-4.02368e-07
-7.30178e-08
6.27158e-08
5.86917e-08
1.97463e-08
-3.11483e-09
-6.85835e-09
-3.26874e-09
-2.21158e-10
6.61157e-10
4.26796e-10
8.38975e-11
-5.20547e-11
-4.74329e-11
-1.38885e-11
3.08471e-12
4.64982e-12
1.75618e-12
-8.31308e-14
-4.10363e-13
-1.89551e-13
-1.06357e-14
3.30332e-14
1.827e-14
2.32793e-15
-2.44699e-15
-1.61154e-15
-2.91966e-16
