VARIABLEs = X,u
ZONE I=101
datapacking=block
0
0.01
0.02
0.03
0.04
0.05
0.06
0.07
0.08
0.09
0.1
0.11
0.12
0.13
0.14
0.15
0.16
0.17
0.18
0.19
0.2
0.21
0.22
0.23
0.24
0.25
0.26
0.27
0.28
0.29
0.3
0.31
0.32
0.33
0.34
0.35
0.36
0.37
0.38
0.39
0.4
0.41
0.42
0.43
0.44
0.45
0.46
0.47
0.48
0.49
0.5
0.51
0.52
0.53
0.54
0.55
0.56
0.57
0.58
0.59
0.6
0.61
0.62
0.63
0.64
0.65
0.66
0.67
0.68
0.69
0.7
0.71
0.72
0.73
0.74
0.75
0.76
0.77
0.78
0.79
0.8
0.81
0.82
0.83
0.84
0.85
0.86
0.87
0.88
0.89
0.9
0.91
0.92
0.93
0.94
0.95
0.96
0.97
0.98
0.99
1
0
8.29563e-21
3.70864e-20
1.56526e-19
6.58314e-19
2.76808e-18
1.16386e-17
4.8929e-17
2.05617e-16
8.63226e-16
3.61636e-15
1.50896e-14
6.25364e-14
2.56487e-13
1.03667e-12
4.11056e-12
1.59203e-11
5.99877e-11
2.19163e-10
7.74265e-10
2.63953e-09
8.67021e-09
2.74134e-08
8.33792e-08
2.43883e-07
6.85967e-07
1.85551e-06
4.82789e-06
1.20869e-05
2.91271e-05
6.75881e-05
0.000151081
0.000325458
0.000675922
0.00135389
0.00261644
0.00488009
0.00878751
0.0152808
0.0256672
0.0416539
0.0653218
0.0990044
0.145046
0.205427
0.281297
0.372457
0.476931
0.590738
0.708002
0.821461
0.923389
1.00677
1.06651
1.10044
1.10976
1.09883
1.07436
1.04397
1.01479
0.992099
0.978626
0.974426
0.97744
0.984415
0.991927
0.997162
0.998295
0.994413
0.985112
0.969951
0.948001
0.917628
0.876617
0.822581
0.753589
0.668858
0.569361
0.458201
0.340633
0.223651
0.11516
0.022815
-0.0472582
-0.0915898
-0.110065
-0.105983
-0.0854042
-0.0559301
-0.0251777
0.000654335
0.0177827
0.0251754
0.0242013
0.0177665
0.00923843
0.00148458
-0.00373241
-0.0059061
-0.00554458
-0.00370426
