VARIABLEs = X,u
ZONE I=101
datapacking=block
0
0.01
0.02
0.03
0.04
0.05
0.06
0.07
0.08
0.09
0.1
0.11
0.12
0.13
0.14
0.15
0.16
0.17
0.18
0.19
0.2
0.21
0.22
0.23
0.24
0.25
0.26
0.27
0.28
0.29
0.3
0.31
0.32
0.33
0.34
0.35
0.36
0.37
0.38
0.39
0.4
0.41
0.42
0.43
0.44
0.45
0.46
0.47
0.48
0.49
0.5
0.51
0.52
0.53
0.54
0.55
0.56
0.57
0.58
0.59
0.6
0.61
0.62
0.63
0.64
0.65
0.66
0.67
0.68
0.69
0.7
0.71
0.72
0.73
0.74
0.75
0.76
0.77
0.78
0.79
0.8
0.81
0.82
0.83
0.84
0.85
0.86
0.87
0.88
0.89
0.9
0.91
0.92
0.93
0.94
0.95
0.96
0.97
0.98
0.99
1
0
3.04519e-19
1.36138e-18
5.74582e-18
2.41655e-17
1.01609e-16
4.27182e-16
1.79529e-15
7.53761e-15
3.1577e-14
1.3171e-13
5.45244e-13
2.2309e-12
8.97807e-12
3.53587e-11
1.35617e-10
5.04397e-10
1.81272e-09
6.27757e-09
2.09062e-08
6.68616e-08
2.05174e-07
6.03821e-07
1.704e-06
4.61141e-06
1.19702e-05
2.9814e-05
7.12798e-05
0.000163656
0.000361012
0.000765485
0.0015609
0.00306215
0.00578187
0.0105115
0.0184064
0.0310538
0.0504915
0.0791386
0.119596
0.174294
0.244997
0.332223
0.43468
0.548896
0.669175
0.788028
0.897079
0.988358
1.05571
1.09602
1.10987
1.10146
1.07774
1.04692
1.01679
0.993182
0.97916
0.974852
0.978076
0.985404
0.993297
0.998966
1.00076
0.998045
0.990688
0.978458
0.960499
0.935087
0.899736
0.851619
0.788216
0.708054
0.611413
0.50082
0.381216
0.259663
0.144556
0.0444096
-0.0335865
-0.084926
-0.108719
-0.107914
-0.0886884
-0.059128
-0.0275175
-0.000685581
0.0171611
0.0248438
0.0238226
0.017219
0.00860881
0.000966386
-0.00396692
-0.00579727
-0.0051662
-0.00321859
-0.00107957
0.000493192
0.00122072
0.00121581
