VARIABLEs = X,u
ZONE I=101
datapacking=block
0
0.01
0.02
0.03
0.04
0.05
0.06
0.07
0.08
0.09
0.1
0.11
0.12
0.13
0.14
0.15
0.16
0.17
0.18
0.19
0.2
0.21
0.22
0.23
0.24
0.25
0.26
0.27
0.28
0.29
0.3
0.31
0.32
0.33
0.34
0.35
0.36
0.37
0.38
0.39
0.4
0.41
0.42
0.43
0.44
0.45
0.46
0.47
0.48
0.49
0.5
0.51
0.52
0.53
0.54
0.55
0.56
0.57
0.58
0.59
0.6
0.61
0.62
0.63
0.64
0.65
0.66
0.67
0.68
0.69
0.7
0.71
0.72
0.73
0.74
0.75
0.76
0.77
0.78
0.79
0.8
0.81
0.82
0.83
0.84
0.85
0.86
0.87
0.88
0.89
0.9
0.91
0.92
0.93
0.94
0.95
0.96
0.97
0.98
0.99
1
0
0.000607489
0.00260395
0.0094465
0.0292385
0.0763036
0.168337
0.316949
0.515329
0.732703
0.923616
1.04921
1.09672
1.08344
1.04327
1.00674
0.988357
0.98669
0.992805
0.998825
1.00157
1.00162
1.00071
1.00001
0.999791
0.999855
0.999963
1.00002
1.00002
1.00001
1
0.999966
0.999552
0.996951
0.986383
0.955245
0.884643
0.757273
0.571207
0.350173
0.13926
-0.0152695
-0.0896114
-0.0927298
-0.0567844
-0.0163871
0.00805538
0.0139172
0.00912469
0.00258892
-0.00110535
-0.00173434
-0.000946667
-0.000146302
0.000183044
0.000168051
5.98854e-05
-7.43042e-06
-2.06569e-05
-1.07665e-05
-1.24635e-06
1.91536e-06
1.39672e-06
3.36103e-07
-1.34075e-07
-1.47278e-07
-4.86461e-08
6.19249e-09
1.33363e-08
5.42048e-09
-6.38604e-12
-1.07226e-09
-5.11504e-10
-3.70437e-11
7.83938e-11
4.26994e-11
5.11845e-12
-5.31182e-12
-3.23356e-12
-4.89584e-13
3.38987e-13
2.25803e-13
3.8788e-14
-2.06575e-14
-1.47056e-14
-2.69857e-15
1.21545e-15
9.00407e-16
1.69385e-16
-6.9585e-17
-5.21325e-17
-9.73206e-18
3.89159e-18
2.86597e-18
5.15884e-19
-2.12695e-19
-1.50025e-19
-2.53188e-20
1.13369e-20
7.49212e-21
1.15008e-21
