VARIABLEs = X,u
ZONE I=101
datapacking=block
0
0.01
0.02
0.03
0.04
0.05
0.06
0.07
0.08
0.09
0.1
0.11
0.12
0.13
0.14
0.15
0.16
0.17
0.18
0.19
0.2
0.21
0.22
0.23
0.24
0.25
0.26
0.27
0.28
0.29
0.3
0.31
0.32
0.33
0.34
0.35
0.36
0.37
0.38
0.39
0.4
0.41
0.42
0.43
0.44
0.45
0.46
0.47
0.48
0.49
0.5
0.51
0.52
0.53
0.54
0.55
0.56
0.57
0.58
0.59
0.6
0.61
0.62
0.63
0.64
0.65
0.66
0.67
0.68
0.69
0.7
0.71
0.72
0.73
0.74
0.75
0.76
0.77
0.78
0.79
0.8
0.81
0.82
0.83
0.84
0.85
0.86
0.87
0.88
0.89
0.9
0.91
0.92
0.93
0.94
0.95
0.96
0.97
0.98
0.99
1
0
3.02499e-09
1.35191e-08
5.69044e-08
2.36649e-07
9.64322e-07
3.79235e-06
1.41711e-05
4.968e-05
0.000161977
0.00048871
0.00136153
0.00350148
0.00831929
0.0182882
0.0372631
0.0705063
0.124118
0.203656
0.312028
0.44721
0.600741
0.75803
0.901009
1.01266
1.08196
1.10727
1.09662
1.06467
1.0276
0.998066
0.982192
0.979517
0.985287
0.993672
1.00034
1.00351
1.00363
1.00216
1.0005
0.999374
0.998678
0.997646
0.994911
0.988316
0.974536
0.948786
0.905016
0.836937
0.73998
0.613769
0.464218
0.304088
0.151168
0.0241129
-0.0628269
-0.104182
-0.104835
-0.0779989
-0.0404053
-0.00676264
0.0142361
0.0209953
0.0172941
0.00907975
0.00146466
-0.00290154
-0.00385606
-0.00270615
-0.0010125
0.000204831
0.000657028
0.000553321
0.000249322
2.10043e-06
-0.00010107
-9.28591e-05
-4.28617e-05
-1.40986e-06
1.52499e-05
1.35307e-05
5.69155e-06
-2.38198e-07
-2.2396e-06
-1.71336e-06
-5.75879e-07
1.382e-07
3.00946e-07
1.82604e-07
3.8173e-08
-3.08079e-08
-3.46966e-08
-1.53606e-08
-1.88723e-10
4.57191e-09
3.2431e-09
8.69821e-10
-3.63226e-10
-4.97972e-10
-2.27524e-10
-8.59327e-12
