VARIABLEs = X,u
ZONE I=101
datapacking=block
0
0.01
0.02
0.03
0.04
0.05
0.06
0.07
0.08
0.09
0.1
0.11
0.12
0.13
0.14
0.15
0.16
0.17
0.18
0.19
0.2
0.21
0.22
0.23
0.24
0.25
0.26
0.27
0.28
0.29
0.3
0.31
0.32
0.33
0.34
0.35
0.36
0.37
0.38
0.39
0.4
0.41
0.42
0.43
0.44
0.45
0.46
0.47
0.48
0.49
0.5
0.51
0.52
0.53
0.54
0.55
0.56
0.57
0.58
0.59
0.6
0.61
0.62
0.63
0.64
0.65
0.66
0.67
0.68
0.69
0.7
0.71
0.72
0.73
0.74
0.75
0.76
0.77
0.78
0.79
0.8
0.81
0.82
0.83
0.84
0.85
0.86
0.87
0.88
0.89
0.9
0.91
0.92
0.93
0.94
0.95
0.96
0.97
0.98
0.99
1
0
7.70372e-34
8.55113e-32
4.70389e-30
1.70966e-28
4.61847e-27
9.89055e-26
1.74893e-24
2.62635e-23
3.41889e-22
3.91898e-21
4.00476e-20
3.6849e-19
3.07814e-18
2.35047e-17
1.65032e-16
1.0708e-15
6.44883e-15
3.61861e-14
1.89829e-13
9.33783e-13
4.31878e-12
1.88259e-11
7.75137e-11
3.02059e-10
1.11603e-09
3.91611e-09
1.30702e-08
4.15496e-08
1.25971e-07
3.64678e-07
1.00919e-06
2.67244e-06
6.7786e-06
1.64841e-05
3.84641e-05
8.61922e-05
0.000185626
0.000384493
0.000766526
0.00147182
0.00272371
0.0048611
0.00837251
0.0139254
0.022381
0.0347826
0.0523065
0.0761689
0.107488
0.147117
0.195464
0.252342
0.316878
0.387501
0.462049
0.537951
0.612498
0.683122
0.747657
0.804536
0.852882
0.892509
0.923824
0.947677
0.965179
0.977533
0.985889
0.991243
0.994372
0.995804
0.995804
0.994372
0.991243
0.985889
0.977533
0.965179
0.947677
0.923824
0.892509
0.852882
0.804536
0.747657
0.683122
0.612498
0.537951
0.462049
0.387501
0.316878
0.252342
0.195464
0.147117
0.107488
0.0761689
0.0523065
0.0347826
0.022381
0.0139254
0.00837251
0.0048611
0.00272371
