VARIABLEs = X,u
ZONE I=101
datapacking=block
0
0.01
0.02
0.03
0.04
0.05
0.06
0.07
0.08
0.09
0.1
0.11
0.12
0.13
0.14
0.15
0.16
0.17
0.18
0.19
0.2
0.21
0.22
0.23
0.24
0.25
0.26
0.27
0.28
0.29
0.3
0.31
0.32
0.33
0.34
0.35
0.36
0.37
0.38
0.39
0.4
0.41
0.42
0.43
0.44
0.45
0.46
0.47
0.48
0.49
0.5
0.51
0.52
0.53
0.54
0.55
0.56
0.57
0.58
0.59
0.6
0.61
0.62
0.63
0.64
0.65
0.66
0.67
0.68
0.69
0.7
0.71
0.72
0.73
0.74
0.75
0.76
0.77
0.78
0.79
0.8
0.81
0.82
0.83
0.84
0.85
0.86
0.87
0.88
0.89
0.9
0.91
0.92
0.93
0.94
0.95
0.96
0.97
0.98
0.99
1
0
2.09075e-07
2.16044e-06
1.19173e-05
4.66083e-05
0.000144899
0.000380798
0.000878807
0.00182739
0.00348742
0.00619265
0.0103407
0.0163742
0.024754
0.0359271
0.0502926
0.0681696
0.0897709
0.115184
0.144363
0.177124
0.213162
0.25206
0.293315
0.336364
0.380609
0.425444
0.470279
0.51456
0.557787
0.599524
0.639405
0.67714
0.712509
0.745352
0.775552
0.803018
0.827656
0.849353
0.867955
0.88326
0.895022
0.902957
0.906773
0.906188
0.900967
0.890947
0.876064
0.856369
0.832035
0.803359
0.770754
0.734728
0.695866
0.654803
0.612202
0.568722
0.524999
0.481629
0.439145
0.398014
0.358623
0.321282
0.286224
0.253604
0.223512
0.195975
0.17097
0.14843
0.128251
0.110306
0.0944493
0.0805213
0.0683584
0.0577957
0.0486713
0.0408296
0.0341232
0.0284147
0.0235777
0.019497
0.0160689
0.0132006
0.0108102
0.00882549
0.00718374
0.00583044
0.00471874
0.00380853
0.00306568
0.0024613
0.00197106
0.00157456
0.0012548
0.000997627
0.000791347
0.000626318
0.000494626
0.000389793
0.000306542
0.000240583
