VARIABLEs = X,u
ZONE I=101
datapacking=block
0
0.01
0.02
0.03
0.04
0.05
0.06
0.07
0.08
0.09
0.1
0.11
0.12
0.13
0.14
0.15
0.16
0.17
0.18
0.19
0.2
0.21
0.22
0.23
0.24
0.25
0.26
0.27
0.28
0.29
0.3
0.31
0.32
0.33
0.34
0.35
0.36
0.37
0.38
0.39
0.4
0.41
0.42
0.43
0.44
0.45
0.46
0.47
0.48
0.49
0.5
0.51
0.52
0.53
0.54
0.55
0.56
0.57
0.58
0.59
0.6
0.61
0.62
0.63
0.64
0.65
0.66
0.67
0.68
0.69
0.7
0.71
0.72
0.73
0.74
0.75
0.76
0.77
0.78
0.79
0.8
0.81
0.82
0.83
0.84
0.85
0.86
0.87
0.88
0.89
0.9
0.91
0.92
0.93
0.94
0.95
0.96
0.97
0.98
0.99
1
0
0.000152416
0.0009653
0.00340395
0.00882318
0.0187584
0.0346548
0.0576163
0.0882316
0.126501
0.171857
0.22326
0.279337
0.338529
0.399238
0.459948
0.519308
0.576195
0.629736
0.679311
0.724537
0.765241
0.801422
0.833217
0.860865
0.884673
0.90499
0.92218
0.936612
0.948638
0.958591
0.966622
0.972497
0.975492
0.974464
0.968058
0.954986
0.934273
0.905441
0.868579
0.82433
0.773793
0.718393
0.659727
0.599426
0.539031
0.479914
0.423213
0.369815
0.32035
0.275206
0.234566
0.198433
0.166674
0.139053
0.115266
0.0949648
0.0777858
0.0633628
0.0513428
0.0413948
0.0332149
0.02653
0.0210983
0.016709
0.0131802
0.0103571
0.00810899
0.0063267
0.0049196
0.00381315
0.00294642
0.00226993
0.00174377
0.0013359
0.00102071
0.000777904
0.000591397
0.000448539
0.000339411
0.000256266
0.000193075
0.000145165
0.000108926
8.15748e-05
6.09772e-05
4.54978e-05
3.38882e-05
2.51979e-05
1.87051e-05
1.38631e-05
1.02584e-05
7.57951e-06
5.59195e-06
4.11968e-06
3.03081e-06
2.22672e-06
1.6338e-06
1.19722e-06
8.76213e-07
6.40493e-07
