VARIABLEs = X,u
ZONE I=101
datapacking=block
0
0.01
0.02
0.03
0.04
0.05
0.06
0.07
0.08
0.09
0.1
0.11
0.12
0.13
0.14
0.15
0.16
0.17
0.18
0.19
0.2
0.21
0.22
0.23
0.24
0.25
0.26
0.27
0.28
0.29
0.3
0.31
0.32
0.33
0.34
0.35
0.36
0.37
0.38
0.39
0.4
0.41
0.42
0.43
0.44
0.45
0.46
0.47
0.48
0.49
0.5
0.51
0.52
0.53
0.54
0.55
0.56
0.57
0.58
0.59
0.6
0.61
0.62
0.63
0.64
0.65
0.66
0.67
0.68
0.69
0.7
0.71
0.72
0.73
0.74
0.75
0.76
0.77
0.78
0.79
0.8
0.81
0.82
0.83
0.84
0.85
0.86
0.87
0.88
0.89
0.9
0.91
0.92
0.93
0.94
0.95
0.96
0.97
0.98
0.99
1
0
1.88168e-06
1.69351e-05
8.21665e-05
0.000285109
0.000792465
0.00187482
0.00391928
0.00742406
0.0129733
0.0211944
0.0327039
0.04805
0.0676588
0.0917927
0.120524
0.153724
0.191074
0.232086
0.276136
0.322504
0.370418
0.419092
0.467767
0.515736
0.562372
0.607143
0.649618
0.689471
0.726478
0.760507
0.791509
0.819498
0.844519
0.866616
0.885784
0.901942
0.914902
0.924375
0.929981
0.931295
0.927891
0.919397
0.905554
0.886246
0.861537
0.831674
0.79708
0.758336
0.716145
0.671294
0.624614
0.576939
0.529072
0.481754
0.435639
0.391285
0.349143
0.309555
0.272758
0.238895
0.208022
0.180122
0.155116
0.13288
0.113253
0.0960523
0.0810773
0.0681233
0.0569854
0.0474644
0.0393704
0.0325259
0.0267672
0.0219455
0.0179272
0.0145931
0.0118388
0.00957265
0.00771558
0.00619954
0.00496643
0.00396701
0.00315977
0.00250988
0.00198836
0.00157112
0.00123832
0.000973636
0.000763705
0.000597656
0.000466658
0.000363577
0.000282663
0.0002193
0.000169797
0.00013121
0.000101198
7.79042e-05
5.98629e-05
4.59178e-05
