VARIABLEs = X,u
ZONE I=101
datapacking=block
0
0.01
0.02
0.03
0.04
0.05
0.06
0.07
0.08
0.09
0.1
0.11
0.12
0.13
0.14
0.15
0.16
0.17
0.18
0.19
0.2
0.21
0.22
0.23
0.24
0.25
0.26
0.27
0.28
0.29
0.3
0.31
0.32
0.33
0.34
0.35
0.36
0.37
0.38
0.39
0.4
0.41
0.42
0.43
0.44
0.45
0.46
0.47
0.48
0.49
0.5
0.51
0.52
0.53
0.54
0.55
0.56
0.57
0.58
0.59
0.6
0.61
0.62
0.63
0.64
0.65
0.66
0.67
0.68
0.69
0.7
0.71
0.72
0.73
0.74
0.75
0.76
0.77
0.78
0.79
0.8
0.81
0.82
0.83
0.84
0.85
0.86
0.87
0.88
0.89
0.9
0.91
0.92
0.93
0.94
0.95
0.96
0.97
0.98
0.99
1
0
3.93412e-13
7.21255e-12
6.85848e-11
4.50457e-10
2.29617e-09
9.67902e-09
3.51089e-08
1.12609e-07
3.25735e-07
8.62498e-07
2.11494e-06
4.84755e-06
1.04646e-05
2.14106e-05
4.17389e-05
7.7878e-05
0.000139616
0.000241302
0.000403245
0.000653264
0.00102829
0.00157595
0.00235595
0.00344117
0.00491827
0.00688774
0.00946321
0.01277
0.0169428
0.0221228
0.028454
0.0360787
0.0451329
0.055742
0.0680152
0.0820417
0.0978864
0.115587
0.13515
0.156553
0.179738
0.204618
0.231076
0.258964
0.288111
0.318322
0.349384
0.381069
0.413135
0.445332
0.477404
0.509091
0.540133
0.570269
0.599243
0.626801
0.652699
0.676699
0.698579
0.718126
0.735148
0.749473
0.760953
0.769465
0.774919
0.777256
0.776453
0.772521
0.765512
0.75551
0.74264
0.727055
0.708944
0.68852
0.666019
0.641698
0.615824
0.588674
0.560527
0.531663
0.50235
0.472849
0.443407
0.414249
0.385584
0.357596
0.330448
0.304278
0.279199
0.255304
0.232658
0.21131
0.191287
0.172597
0.155234
0.139178
0.124394
0.110841
0.0984681
0.0872173
