VARIABLEs = X,u
ZONE I=101
datapacking=block
0
0.01
0.02
0.03
0.04
0.05
0.06
0.07
0.08
0.09
0.1
0.11
0.12
0.13
0.14
0.15
0.16
0.17
0.18
0.19
0.2
0.21
0.22
0.23
0.24
0.25
0.26
0.27
0.28
0.29
0.3
0.31
0.32
0.33
0.34
0.35
0.36
0.37
0.38
0.39
0.4
0.41
0.42
0.43
0.44
0.45
0.46
0.47
0.48
0.49
0.5
0.51
0.52
0.53
0.54
0.55
0.56
0.57
0.58
0.59
0.6
0.61
0.62
0.63
0.64
0.65
0.66
0.67
0.68
0.69
0.7
0.71
0.72
0.73
0.74
0.75
0.76
0.77
0.78
0.79
0.8
0.81
0.82
0.83
0.84
0.85
0.86
0.87
0.88
0.89
0.9
0.91
0.92
0.93
0.94
0.95
0.96
0.97
0.98
0.99
1
0
4.37124e-14
8.59678e-13
8.74734e-12
6.13318e-11
3.33018e-10
1.49221e-09
5.74259e-09
1.95057e-08
5.96482e-08
1.66695e-07
4.30743e-07
1.03885e-06
2.35643e-06
5.05914e-06
1.03359e-05
2.01858e-05
3.78335e-05
6.82845e-05
0.000119036
0.000200951
0.000329285
0.00052484
0.000815211
0.00123604
0.00183221
0.0026589
0.00378235
0.00528029
0.00724187
0.00976713
0.0129658
0.0169555
0.0218595
0.0278038
0.0349137
0.04331
0.0531058
0.0644018
0.0772832
0.091816
0.108044
0.125987
0.145638
0.166964
0.189903
0.214367
0.240241
0.267389
0.295648
0.32484
0.354765
0.385213
0.415958
0.446769
0.477404
0.507619
0.537168
0.565804
0.593284
0.619369
0.643826
0.666435
0.686985
0.705283
0.721153
0.73444
0.745013
0.752769
0.757632
0.759557
0.758533
0.754581
0.747753
0.738137
0.72585
0.711039
0.693877
0.67456
0.653304
0.630342
0.605915
0.580273
0.55367
0.526355
0.498573
0.470562
0.442544
0.414729
0.387308
0.360454
0.334319
0.309036
0.284716
0.261449
0.239307
0.21834
0.198583
0.180053
0.162753
0.146671
