VARIABLEs = X,u
ZONE I=101
datapacking=block
0
0.01
0.02
0.03
0.04
0.05
0.06
0.07
0.08
0.09
0.1
0.11
0.12
0.13
0.14
0.15
0.16
0.17
0.18
0.19
0.2
0.21
0.22
0.23
0.24
0.25
0.26
0.27
0.28
0.29
0.3
0.31
0.32
0.33
0.34
0.35
0.36
0.37
0.38
0.39
0.4
0.41
0.42
0.43
0.44
0.45
0.46
0.47
0.48
0.49
0.5
0.51
0.52
0.53
0.54
0.55
0.56
0.57
0.58
0.59
0.6
0.61
0.62
0.63
0.64
0.65
0.66
0.67
0.68
0.69
0.7
0.71
0.72
0.73
0.74
0.75
0.76
0.77
0.78
0.79
0.8
0.81
0.82
0.83
0.84
0.85
0.86
0.87
0.88
0.89
0.9
0.91
0.92
0.93
0.94
0.95
0.96
0.97
0.98
0.99
1
0
0.111111
0.259259
0.407407
0.539095
0.648834
0.736626
0.804908
0.856932
0.895951
0.924853
0.946049
0.961463
0.972596
0.980589
0.986298
0.990358
0.993234
0.995264
0.996692
0.997694
0.998396
0.998886
0.999228
0.999465
0.99963
0.999745
0.999824
0.999879
0.999917
0.999943
0.888849
0.740714
0.592574
0.460893
0.351157
0.263369
0.195088
0.143065
0.104047
0.0751453
0.0539505
0.0385361
0.0274035
0.0194108
0.0137018
0.00964198
0.00676631
0.00473642
0.00330797
0.00230556
0.00160387
0.0011138
0.000772233
0.000534623
0.000369616
0.000255211
0.000176008
0.00012125
8.34407e-05
5.73655e-05
3.94026e-05
2.7041e-05
1.85424e-05
1.2705e-05
8.6989e-06
5.95188e-06
4.06966e-06
2.78093e-06
1.89918e-06
1.29626e-06
8.84272e-07
6.02913e-07
4.10874e-07
2.79871e-07
1.9055e-07
1.2968e-07
8.82177e-08
5.99881e-08
4.07762e-08
2.77069e-08
1.88198e-08
1.27789e-08
8.67414e-09
5.88603e-09
3.99286e-09
2.7078e-09
1.8358e-09
1.24426e-09
8.43107e-10
5.71137e-10
3.86802e-10
2.61897e-10
1.77284e-10
1.1998e-10
8.11807e-11
5.49163e-11
3.71415e-11
2.51147e-11
1.6979e-11
1.14765e-11
