VARIABLEs = X,u
ZONE I=101
datapacking=block
0
0.01
0.02
0.03
0.04
0.05
0.06
0.07
0.08
0.09
0.1
0.11
0.12
0.13
0.14
0.15
0.16
0.17
0.18
0.19
0.2
0.21
0.22
0.23
0.24
0.25
0.26
0.27
0.28
0.29
0.3
0.31
0.32
0.33
0.34
0.35
0.36
0.37
0.38
0.39
0.4
0.41
0.42
0.43
0.44
0.45
0.46
0.47
0.48
0.49
0.5
0.51
0.52
0.53
0.54
0.55
0.56
0.57
0.58
0.59
0.6
0.61
0.62
0.63
0.64
0.65
0.66
0.67
0.68
0.69
0.7
0.71
0.72
0.73
0.74
0.75
0.76
0.77
0.78
0.79
0.8
0.81
0.82
0.83
0.84
0.85
0.86
0.87
0.88
0.89
0.9
0.91
0.92
0.93
0.94
0.95
0.96
0.97
0.98
0.99
1
0
3.18664e-11
4.9924e-10
4.08243e-09
2.31928e-08
1.02819e-07
3.78858e-07
1.20697e-06
3.41528e-06
8.75203e-06
2.06115e-05
4.5121e-05
9.26546e-05
0.0001798
0.000331744
0.000584986
0.000990173
0.00161484
0.00254571
0.0038903
0.00577744
0.00835654
0.0117953
0.0162762
0.0219909
0.0291343
0.0378969
0.0484569
0.0609724
0.0755739
0.0923572
0.111378
0.132649
0.156136
0.181758
0.209389
0.238862
0.269972
0.302482
0.33613
0.370634
0.4057
0.441029
0.476319
0.511269
0.545586
0.578983
0.611181
0.641908
0.670903
0.69791
0.722685
0.744991
0.764604
0.781317
0.794939
0.805307
0.812283
0.815765
0.81569
0.812038
0.804835
0.794155
0.780121
0.762901
0.742709
0.719797
0.694453
0.66699
0.637743
0.607058
0.575287
0.542779
0.509872
0.47689
0.444135
0.411881
0.380376
0.349836
0.320442
0.292346
0.265664
0.240484
0.216862
0.194829
0.174392
0.155535
0.138226
0.122416
0.108044
0.0950408
0.0833275
0.0728225
0.0634407
0.0550963
0.047704
0.0411804
0.035445
0.0304209
0.0260356
0.022221
