VARIABLEs = X,u
ZONE I=101
datapacking=block
0
0.01
0.02
0.03
0.04
0.05
0.06
0.07
0.08
0.09
0.1
0.11
0.12
0.13
0.14
0.15
0.16
0.17
0.18
0.19
0.2
0.21
0.22
0.23
0.24
0.25
0.26
0.27
0.28
0.29
0.3
0.31
0.32
0.33
0.34
0.35
0.36
0.37
0.38
0.39
0.4
0.41
0.42
0.43
0.44
0.45
0.46
0.47
0.48
0.49
0.5
0.51
0.52
0.53
0.54
0.55
0.56
0.57
0.58
0.59
0.6
0.61
0.62
0.63
0.64
0.65
0.66
0.67
0.68
0.69
0.7
0.71
0.72
0.73
0.74
0.75
0.76
0.77
0.78
0.79
0.8
0.81
0.82
0.83
0.84
0.85
0.86
0.87
0.88
0.89
0.9
0.91
0.92
0.93
0.94
0.95
0.96
0.97
0.98
0.99
1
0
4.85694e-15
1.01996e-13
1.10576e-12
8.24366e-12
4.75021e-11
2.25474e-10
9.17585e-10
3.29054e-09
1.06071e-08
3.1202e-08
8.47488e-08
2.14559e-07
5.10238e-07
1.14708e-06
2.4511e-06
5.00119e-06
9.78259e-06
1.84079e-05
3.34223e-05
5.87096e-05
0.000100012
0.000165572
0.000266892
0.000419606
0.000644435
0.000968188
0.00142476
0.00205608
0.00291286
0.00405524
0.00555302
0.00748565
0.00994169
0.0130179
0.016818
0.0214505
0.0270266
0.0336577
0.0414521
0.0505123
0.0609315
0.0727906
0.0861555
0.101074
0.117575
0.135663
0.155322
0.176511
0.199166
0.223199
0.248498
0.274933
0.302351
0.330584
0.359445
0.388736
0.418246
0.447758
0.477043
0.505873
0.534015
0.561235
0.587306
0.612001
0.635105
0.65641
0.675724
0.692869
0.707684
0.720033
0.729799
0.736893
0.741252
0.742844
0.741663
0.737736
0.731117
0.721891
0.71017
0.696091
0.679814
0.66152
0.641406
0.619682
0.596571
0.572299
0.547094
0.521184
0.494794
0.468138
0.441422
0.414839
0.388566
0.362765
0.33758
0.313138
0.289547
0.266896
0.245257
0.224686
