VARIABLEs = X,u
ZONE I=101
datapacking=block
0
0.01
0.02
0.03
0.04
0.05
0.06
0.07
0.08
0.09
0.1
0.11
0.12
0.13
0.14
0.15
0.16
0.17
0.18
0.19
0.2
0.21
0.22
0.23
0.24
0.25
0.26
0.27
0.28
0.29
0.3
0.31
0.32
0.33
0.34
0.35
0.36
0.37
0.38
0.39
0.4
0.41
0.42
0.43
0.44
0.45
0.46
0.47
0.48
0.49
0.5
0.51
0.52
0.53
0.54
0.55
0.56
0.57
0.58
0.59
0.6
0.61
0.62
0.63
0.64
0.65
0.66
0.67
0.68
0.69
0.7
0.71
0.72
0.73
0.74
0.75
0.76
0.77
0.78
0.79
0.8
0.81
0.82
0.83
0.84
0.85
0.86
0.87
0.88
0.89
0.9
0.91
0.92
0.93
0.94
0.95
0.96
0.97
0.98
0.99
1
0
-0.000694793
0.0840686
0.0135024
0.00431407
0.0281955
-0.0683247
-0.0649456
0.00757806
-0.0758741
-0.0819152
-0.00577129
-0.041212
0.00598152
0.0643755
-0.0592364
-0.105
0.0607979
0.0913784
-0.0271582
-0.0339872
-0.0186776
-0.0542716
0.015715
0.108732
0.0653902
-0.0566623
-0.139017
-0.0621522
0.0497604
0.0452491
0.135951
0.171663
-0.0341149
-0.172845
-0.276175
-0.203441
-0.0364744
-0.0128697
0.233102
0.389741
0.738989
0.77004
0.782676
0.815692
1.01355
1.06291
0.993598
0.92946
0.919633
0.98226
1.11289
1.10192
0.94504
0.88971
0.92056
0.989871
1.1436
1.14831
1.00302
0.924345
0.81196
0.830431
1.01602
1.10175
1.26202
1.27025
1.14059
1.05325
0.748098
0.642182
0.371763
0.300354
0.145131
0.111388
0.0456873
0.0335435
0.011816
0.00834313
0.00254431
0.00173497
0.000460469
0.000304269
7.05009e-05
4.52688e-05
9.16964e-06
5.73484e-06
1.01528e-06
6.19711e-07
9.57164e-08
5.71184e-08
7.67064e-09
4.48191e-09
5.20628e-10
2.9825e-10
2.97495e-11
1.6729e-11
1.41861e-12
7.83909e-13
5.57059e-14
3.12498e-14
