VARIABLEs = X,u
ZONE I=101
datapacking=block
0
0.01
0.02
0.03
0.04
0.05
0.06
0.07
0.08
0.09
0.1
0.11
0.12
0.13
0.14
0.15
0.16
0.17
0.18
0.19
0.2
0.21
0.22
0.23
0.24
0.25
0.26
0.27
0.28
0.29
0.3
0.31
0.32
0.33
0.34
0.35
0.36
0.37
0.38
0.39
0.4
0.41
0.42
0.43
0.44
0.45
0.46
0.47
0.48
0.49
0.5
0.51
0.52
0.53
0.54
0.55
0.56
0.57
0.58
0.59
0.6
0.61
0.62
0.63
0.64
0.65
0.66
0.67
0.68
0.69
0.7
0.71
0.72
0.73
0.74
0.75
0.76
0.77
0.78
0.79
0.8
0.81
0.82
0.83
0.84
0.85
0.86
0.87
0.88
0.89
0.9
0.91
0.92
0.93
0.94
0.95
0.96
0.97
0.98
0.99
1
0
-0.0321075
0.0182753
0.0715807
-0.0124214
-0.0495764
0.0020783
-0.022798
-0.020891
0.0705923
0.0428198
-0.0302242
0.00224372
-0.0380759
-0.0909796
0.0221432
0.0957255
0.017126
-0.0339959
0.0406509
0.0633243
-0.0408164
-0.0626496
-0.0436987
-0.0614528
-0.0646458
-0.00839275
0.0375057
-0.0327646
-0.120693
-0.0511675
0.112166
0.0831539
-0.0608493
-0.0661527
-0.0171183
-0.0195625
0.00671931
0.0565103
0.11365
0.054079
-0.170191
-0.188268
0.00529811
0.0918711
0.134972
0.101288
0.0609067
0.0558949
-0.11283
-0.213115
-0.318591
-0.257044
0.0557004
0.153739
0.317962
0.358268
0.61268
0.731841
0.947846
0.951599
0.875101
0.856726
0.953447
1.02069
1.10992
1.08572
0.935845
0.888661
0.906477
0.962698
1.1226
1.14948
1.07703
1.01116
0.842884
0.815039
0.877705
0.941582
1.14995
1.20955
1.26845
1.24477
1.06709
0.97945
0.698571
0.605645
0.367491
0.303516
0.15947
0.126298
0.058217
0.0444368
0.0181448
0.0134012
0.00488218
0.00350075
0.00114288
0.00080247
0.000228074
0.000188065
