VARIABLEs = X,u
ZONE I=101
datapacking=block
0
0.01
0.02
0.03
0.04
0.05
0.06
0.07
0.08
0.09
0.1
0.11
0.12
0.13
0.14
0.15
0.16
0.17
0.18
0.19
0.2
0.21
0.22
0.23
0.24
0.25
0.26
0.27
0.28
0.29
0.3
0.31
0.32
0.33
0.34
0.35
0.36
0.37
0.38
0.39
0.4
0.41
0.42
0.43
0.44
0.45
0.46
0.47
0.48
0.49
0.5
0.51
0.52
0.53
0.54
0.55
0.56
0.57
0.58
0.59
0.6
0.61
0.62
0.63
0.64
0.65
0.66
0.67
0.68
0.69
0.7
0.71
0.72
0.73
0.74
0.75
0.76
0.77
0.78
0.79
0.8
0.81
0.82
0.83
0.84
0.85
0.86
0.87
0.88
0.89
0.9
0.91
0.92
0.93
0.94
0.95
0.96
0.97
0.98
0.99
1
0
0.00325436
0.000106359
-0.019475
0.0144778
0.0118026
0.0500984
-0.093779
0.0286048
-0.0186454
0.11719
-0.045667
-0.104724
-0.0131413
-0.0605335
0.152391
0.193877
-0.0743285
-0.0930523
-0.190657
-0.271554
0.00241367
0.175841
0.401623
0.497714
0.867566
0.890237
0.864807
0.932955
1.07008
1.01294
0.912539
0.974139
1.09382
1.04244
0.89733
0.926452
1.09939
1.10871
0.936912
0.878513
0.976362
1.0685
1.13414
1.06826
0.847609
0.813846
0.953328
1.05683
1.25996
1.26726
1.07932
0.961473
0.592762
0.478849
0.223281
0.166817
0.0606312
0.0424791
0.0122508
0.00812946
0.00187679
0.0011884
0.00022001
0.0001337
1.9755e-05
1.15744e-05
1.34887e-06
7.64791e-07
6.88377e-08
3.78878e-08
2.54369e-09
1.36262e-09
6.4297e-11
3.3598e-11
9.9476e-13
5.08038e-13
7.10543e-15
3.55271e-15
0
0
0
0
0
0
0
0
0
0
0
0
0
0
0
0
0
0
0
0
0
0
