VARIABLEs = X,u
ZONE I=101
datapacking=block
0
0.01
0.02
0.03
0.04
0.05
0.06
0.07
0.08
0.09
0.1
0.11
0.12
0.13
0.14
0.15
0.16
0.17
0.18
0.19
0.2
0.21
0.22
0.23
0.24
0.25
0.26
0.27
0.28
0.29
0.3
0.31
0.32
0.33
0.34
0.35
0.36
0.37
0.38
0.39
0.4
0.41
0.42
0.43
0.44
0.45
0.46
0.47
0.48
0.49
0.5
0.51
0.52
0.53
0.54
0.55
0.56
0.57
0.58
0.59
0.6
0.61
0.62
0.63
0.64
0.65
0.66
0.67
0.68
0.69
0.7
0.71
0.72
0.73
0.74
0.75
0.76
0.77
0.78
0.79
0.8
0.81
0.82
0.83
0.84
0.85
0.86
0.87
0.88
0.89
0.9
0.91
0.92
0.93
0.94
0.95
0.96
0.97
0.98
0.99
1
0
-0.0412452
-0.0458118
0.086929
0.0594563
-0.0568262
-0.0206781
-0.0113134
-0.0459161
0.0387369
0.0671563
-0.00993619
-0.00699228
0.00853583
-0.051107
-0.0712094
0.0191275
0.0819867
0.0110021
-0.0080092
0.0482344
0.0221705
-0.0294158
-0.0442971
-0.0380134
-0.0911758
-0.0788265
0.0496917
0.0478269
-0.111491
-0.129416
0.0450057
0.0987548
0.013804
-0.039044
-0.0404135
-0.0241107
-0.0313171
-0.0165811
0.114866
0.136021
-0.0490176
-0.145391
-0.134771
-0.0406464
0.130264
0.124618
0.0836031
0.0868589
0.021675
-0.0539641
-0.296627
-0.330512
-0.149691
-0.0289554
0.215698
0.25317
0.425894
0.525804
0.837967
0.909313
0.922537
0.882263
0.871463
0.917719
1.07741
1.10724
1.03437
0.971119
0.869459
0.882821
1.02921
1.09099
1.14619
1.11378
0.940943
0.878294
0.814433
0.840816
1.01597
1.09211
1.25084
1.27032
1.19975
1.13659
0.885474
0.789104
0.518556
0.438754
0.248079
0.200764
0.0991476
0.0771793
0.0336626
0.0253163
0.00983239
0.00717094
0.00249202
0.00178084
0.000535277
0.000455703
