VARIABLEs = X,u
ZONE I=101
datapacking=block
0
0.01
0.02
0.03
0.04
0.05
0.06
0.07
0.08
0.09
0.1
0.11
0.12
0.13
0.14
0.15
0.16
0.17
0.18
0.19
0.2
0.21
0.22
0.23
0.24
0.25
0.26
0.27
0.28
0.29
0.3
0.31
0.32
0.33
0.34
0.35
0.36
0.37
0.38
0.39
0.4
0.41
0.42
0.43
0.44
0.45
0.46
0.47
0.48
0.49
0.5
0.51
0.52
0.53
0.54
0.55
0.56
0.57
0.58
0.59
0.6
0.61
0.62
0.63
0.64
0.65
0.66
0.67
0.68
0.69
0.7
0.71
0.72
0.73
0.74
0.75
0.76
0.77
0.78
0.79
0.8
0.81
0.82
0.83
0.84
0.85
0.86
0.87
0.88
0.89
0.9
0.91
0.92
0.93
0.94
0.95
0.96
0.97
0.98
0.99
1
0
-0.0413709
0.0339806
-0.0573117
0.0788335
-0.0583834
-0.00186275
-0.0128946
-0.0359352
0.0945806
-0.0171993
-0.0626272
0.0127878
0.00154411
0.0624829
0.0455309
-0.0958001
-0.0892694
0.0103551
0.0604451
0.0943955
0.133513
0.0116545
-0.261304
-0.221494
-0.103961
-0.100347
0.220023
0.413363
0.673734
0.670564
0.86118
0.969408
0.996547
0.926768
0.946761
1.0286
1.07324
1.00166
0.898722
0.945645
1.10623
1.10657
0.939574
0.881976
0.954469
1.04026
1.14815
1.10902
0.895937
0.83414
0.87304
0.954787
1.19984
1.25287
1.20865
1.12973
0.806795
0.685798
0.37688
0.296722
0.129577
0.0957725
0.0339464
0.0237851
0.00693319
0.00463865
0.0011201
0.00071959
0.000144333
8.94311e-05
1.48806e-05
8.92489e-06
1.22541e-06
7.13548e-07
8.00531e-08
4.53707e-08
4.09466e-09
2.26365e-09
1.60457e-10
8.66879e-11
4.65046e-12
2.45931e-12
9.3911e-14
4.86833e-14
1.17961e-15
6.00214e-16
6.93889e-18
3.46945e-18
0
0
0
0
0
0
0
0
0
0
0
0
