VARIABLEs = X,u
ZONE I=101
datapacking=block
0
0.01
0.02
0.03
0.04
0.05
0.06
0.07
0.08
0.09
0.1
0.11
0.12
0.13
0.14
0.15
0.16
0.17
0.18
0.19
0.2
0.21
0.22
0.23
0.24
0.25
0.26
0.27
0.28
0.29
0.3
0.31
0.32
0.33
0.34
0.35
0.36
0.37
0.38
0.39
0.4
0.41
0.42
0.43
0.44
0.45
0.46
0.47
0.48
0.49
0.5
0.51
0.52
0.53
0.54
0.55
0.56
0.57
0.58
0.59
0.6
0.61
0.62
0.63
0.64
0.65
0.66
0.67
0.68
0.69
0.7
0.71
0.72
0.73
0.74
0.75
0.76
0.77
0.78
0.79
0.8
0.81
0.82
0.83
0.84
0.85
0.86
0.87
0.88
0.89
0.9
0.91
0.92
0.93
0.94
0.95
0.96
0.97
0.98
0.99
1
0
0.0177498
-0.0529996
-0.0399456
0.046372
0.0180393
-0.00788781
0.0477304
0.00874493
-0.0757009
-0.0291275
-0.00313678
-0.0243539
0.0827127
0.0993599
-0.0464496
-0.0524185
0.0526307
0.0228696
-0.118322
-0.0964027
-0.0110069
-0.0281349
-0.0178706
0.0175775
-0.0416239
-0.096904
0.00307021
0.0938716
0.0527784
-0.0455108
-0.0963258
-0.0315557
0.0498659
0.0340033
0.0544463
0.0732718
-0.0552931
-0.140782
-0.118008
-0.00850696
0.19756
0.178709
0.0303212
-0.00245155
-0.0769341
-0.129177
-0.290402
-0.295146
-0.0285596
0.115737
0.384682
0.416686
0.569541
0.663094
0.934135
0.982484
0.939885
0.89341
0.902404
0.959405
1.10253
1.11072
0.990827
0.927563
0.878471
0.918006
1.08747
1.13389
1.11104
1.05256
0.868813
0.8266
0.853836
0.911508
1.12338
1.19001
1.2709
1.25323
1.08365
0.995598
0.708993
0.61332
0.368389
0.302842
0.156349
0.123013
0.0553496
0.0419056
0.0166003
0.0121454
0.00426733
0.00302729
0.00094854
0.000654266
0.000183529
0.000123372
3.10579e-05
2.04326e-05
4.54704e-06
3.34344e-06
