VARIABLEs = X,u
ZONE I=101
datapacking=block
0
0.01
0.02
0.03
0.04
0.05
0.06
0.07
0.08
0.09
0.1
0.11
0.12
0.13
0.14
0.15
0.16
0.17
0.18
0.19
0.2
0.21
0.22
0.23
0.24
0.25
0.26
0.27
0.28
0.29
0.3
0.31
0.32
0.33
0.34
0.35
0.36
0.37
0.38
0.39
0.4
0.41
0.42
0.43
0.44
0.45
0.46
0.47
0.48
0.49
0.5
0.51
0.52
0.53
0.54
0.55
0.56
0.57
0.58
0.59
0.6
0.61
0.62
0.63
0.64
0.65
0.66
0.67
0.68
0.69
0.7
0.71
0.72
0.73
0.74
0.75
0.76
0.77
0.78
0.79
0.8
0.81
0.82
0.83
0.84
0.85
0.86
0.87
0.88
0.89
0.9
0.91
0.92
0.93
0.94
0.95
0.96
0.97
0.98
0.99
1
0
-0.0455559
-0.0798916
0.053506
0.0246467
0.0175215
0.0954678
-0.00540119
-0.0665136
-0.00696838
-0.0264467
-0.073084
-0.0247378
-0.0618733
-0.101353
0.0445903
0.0770874
-0.0787385
-0.0907946
0.0420877
0.0427324
0.00336298
0.0286136
-0.0273401
-0.09676
-0.0159637
0.0948713
0.100909
-0.00224013
-0.109049
-0.0707574
-0.0319878
-0.0341101
0.126589
0.201615
0.0845222
-0.0510112
-0.244564
-0.216797
-0.137566
-0.135896
0.0333472
0.17391
0.579987
0.653569
0.714534
0.734378
0.934939
1.01329
1.02848
0.968766
0.891412
0.926495
1.08441
1.11348
1.01606
0.945441
0.875718
0.914569
1.09161
1.13824
1.09497
1.02635
0.843243
0.814205
0.897626
0.973161
1.19157
1.24286
1.24342
1.19247
0.943519
0.83887
0.539003
0.449892
0.240876
0.190642
0.0866832
0.0655416
0.0256506
0.0186338
0.00633646
0.00444217
0.00132116
0.000896987
0.000234347
0.000154538
3.55608e-05
2.2832e-05
4.63291e-06
2.90213e-06
5.19202e-07
3.17877e-07
5.00695e-08
3.00072e-08
4.15004e-09
2.43793e-09
2.94819e-10
1.6999e-10
1.78291e-11
1.06319e-11
