VARIABLEs = X,u
ZONE I=101
datapacking=block
0
0.01
0.02
0.03
0.04
0.05
0.06
0.07
0.08
0.09
0.1
0.11
0.12
0.13
0.14
0.15
0.16
0.17
0.18
0.19
0.2
0.21
0.22
0.23
0.24
0.25
0.26
0.27
0.28
0.29
0.3
0.31
0.32
0.33
0.34
0.35
0.36
0.37
0.38
0.39
0.4
0.41
0.42
0.43
0.44
0.45
0.46
0.47
0.48
0.49
0.5
0.51
0.52
0.53
0.54
0.55
0.56
0.57
0.58
0.59
0.6
0.61
0.62
0.63
0.64
0.65
0.66
0.67
0.68
0.69
0.7
0.71
0.72
0.73
0.74
0.75
0.76
0.77
0.78
0.79
0.8
0.81
0.82
0.83
0.84
0.85
0.86
0.87
0.88
0.89
0.9
0.91
0.92
0.93
0.94
0.95
0.96
0.97
0.98
0.99
1
0
0.0697075
-0.00595999
-0.053466
-0.0120376
-0.105657
-0.0453671
-0.00274357
-0.0936996
-0.0110667
0.0367317
-0.0260058
0.00361422
-0.0111625
-0.0765365
0.0437274
0.112018
-0.0439205
-0.0935244
0.00352585
0.0140826
0.0282714
0.082643
0.0194739
-0.0985066
-0.131752
-0.0175334
0.132471
0.101278
0.0827673
0.0870761
-0.145405
-0.263837
-0.240225
-0.121445
0.11746
0.153268
0.435281
0.590814
0.855741
0.84811
0.83689
0.88621
1.06372
1.07809
0.951383
0.90176
0.968579
1.04236
1.10527
1.05574
0.890187
0.870756
0.997167
1.07336
1.14429
1.10215
0.901952
0.842033
0.848346
0.911664
1.14458
1.21311
1.25927
1.2181
0.975656
0.866952
0.55082
0.456296
0.236849
0.185075
0.0801812
0.059615
0.0218757
0.0155768
0.00488958
0.00335122
0.000905687
0.000599873
0.000140105
8.99696e-05
1.81884e-05
1.13545e-05
1.98611e-06
1.2081e-06
1.82423e-07
1.08331e-07
1.40606e-08
8.16561e-09
9.05019e-10
5.14752e-10
4.82622e-11
2.692e-11
2.1074e-12
1.15413e-12
7.40744e-14
3.98721e-14
2.04419e-15
1.08251e-15
4.26352e-17
2.25588e-17
