VARIABLEs = X,u
ZONE I=101
datapacking=block
0
0.01
0.02
0.03
0.04
0.05
0.06
0.07
0.08
0.09
0.1
0.11
0.12
0.13
0.14
0.15
0.16
0.17
0.18
0.19
0.2
0.21
0.22
0.23
0.24
0.25
0.26
0.27
0.28
0.29
0.3
0.31
0.32
0.33
0.34
0.35
0.36
0.37
0.38
0.39
0.4
0.41
0.42
0.43
0.44
0.45
0.46
0.47
0.48
0.49
0.5
0.51
0.52
0.53
0.54
0.55
0.56
0.57
0.58
0.59
0.6
0.61
0.62
0.63
0.64
0.65
0.66
0.67
0.68
0.69
0.7
0.71
0.72
0.73
0.74
0.75
0.76
0.77
0.78
0.79
0.8
0.81
0.82
0.83
0.84
0.85
0.86
0.87
0.88
0.89
0.9
0.91
0.92
0.93
0.94
0.95
0.96
0.97
0.98
0.99
1
0
-0.114768
-0.0206534
-0.0272092
-0.0673055
0.0248111
-0.0475689
0.03935
0.0595429
-0.0915929
-0.0202473
0.0493518
-0.00391648
0.0308831
-0.00778147
-0.0968538
0.00929203
0.117165
0.0244876
-0.0539494
-0.0377611
-0.0977513
-0.0589356
0.197807
0.196985
-0.0409985
-0.0862236
-0.153968
-0.217641
-0.197163
-0.0585503
0.342852
0.39966
0.576102
0.693574
0.958933
0.956856
0.879618
0.900314
1.06553
1.08941
0.960694
0.904899
0.974442
1.05198
1.09683
1.03503
0.877278
0.877513
1.04235
1.11277
1.11526
1.04601
0.845086
0.813878
0.921827
1.01061
1.23019
1.26552
1.185
1.1017
0.784081
0.668869
0.374889
0.298115
0.135428
0.101576
0.0381393
0.0272134
0.00855383
0.00584395
0.00154989
0.00101897
0.000228974
0.000145448
2.77232e-05
1.70705e-05
2.75526e-06
1.64906e-06
2.24366e-07
1.3083e-07
1.48889e-08
8.47535e-09
7.97345e-10
4.43851e-10
3.39323e-11
1.84995e-11
1.12076e-12
5.99243e-13
2.76934e-14
1.45388e-14
4.81657e-16
2.48553e-16
5.25838e-18
2.66985e-18
2.71051e-20
1.35525e-20
0
0
0
0
