VARIABLEs = X,u
ZONE I=101
datapacking=block
0
0.01
0.02
0.03
0.04
0.05
0.06
0.07
0.08
0.09
0.1
0.11
0.12
0.13
0.14
0.15
0.16
0.17
0.18
0.19
0.2
0.21
0.22
0.23
0.24
0.25
0.26
0.27
0.28
0.29
0.3
0.31
0.32
0.33
0.34
0.35
0.36
0.37
0.38
0.39
0.4
0.41
0.42
0.43
0.44
0.45
0.46
0.47
0.48
0.49
0.5
0.51
0.52
0.53
0.54
0.55
0.56
0.57
0.58
0.59
0.6
0.61
0.62
0.63
0.64
0.65
0.66
0.67
0.68
0.69
0.7
0.71
0.72
0.73
0.74
0.75
0.76
0.77
0.78
0.79
0.8
0.81
0.82
0.83
0.84
0.85
0.86
0.87
0.88
0.89
0.9
0.91
0.92
0.93
0.94
0.95
0.96
0.97
0.98
0.99
1
0
0.00873178
0.0123504
-0.0252143
-0.0307372
0.0341251
0.0560918
-0.0199427
-0.0599237
-0.0531509
0.042524
0.0971838
0.169605
-0.156695
-0.093733
-0.261827
-0.149096
0.221091
0.244877
0.696938
0.78089
0.825447
0.943001
1.01821
0.924864
1.00561
1.0807
0.955755
0.911648
1.06449
1.09177
0.926749
0.899485
1.06914
1.11337
0.957152
0.883166
0.979787
1.08012
1.11753
1.03021
0.821713
0.822166
1.04785
1.15572
1.26183
1.21109
0.887756
0.746894
0.384165
0.291843
0.11017
0.0771997
0.0219443
0.0143936
0.00311391
0.00193199
0.000317629
0.000187878
2.31519e-05
1.31351e-05
1.17785e-06
6.4406e-07
3.97558e-08
2.10348e-08
8.00355e-10
4.11092e-10
7.27596e-12
3.63798e-12
0
0
0
0
0
0
0
0
0
0
0
0
0
0
0
0
0
0
0
0
0
0
0
0
0
0
0
0
0
0
0
0
