VARIABLEs = X,u
ZONE I=101
datapacking=block
0
0.01
0.02
0.03
0.04
0.05
0.06
0.07
0.08
0.09
0.1
0.11
0.12
0.13
0.14
0.15
0.16
0.17
0.18
0.19
0.2
0.21
0.22
0.23
0.24
0.25
0.26
0.27
0.28
0.29
0.3
0.31
0.32
0.33
0.34
0.35
0.36
0.37
0.38
0.39
0.4
0.41
0.42
0.43
0.44
0.45
0.46
0.47
0.48
0.49
0.5
0.51
0.52
0.53
0.54
0.55
0.56
0.57
0.58
0.59
0.6
0.61
0.62
0.63
0.64
0.65
0.66
0.67
0.68
0.69
0.7
0.71
0.72
0.73
0.74
0.75
0.76
0.77
0.78
0.79
0.8
0.81
0.82
0.83
0.84
0.85
0.86
0.87
0.88
0.89
0.9
0.91
0.92
0.93
0.94
0.95
0.96
0.97
0.98
0.99
1
0
-0.048639
-0.0509302
0.0881015
0.0479523
-0.0281788
0.0239228
-0.0365317
-0.084673
0.0123279
0.0312594
0.0182884
0.0626935
0.0378356
-0.0432687
-0.0230719
0.0411439
-0.0618985
-0.128186
-0.0399276
0.00874182
-0.0240268
-0.0284763
-0.00277731
-0.0355572
-0.0558866
0.0161752
0.109405
0.035562
-0.131655
-0.0945171
0.068196
0.0729235
0.028492
0.0354225
-0.0120257
-0.0796301
-0.148502
-0.0755071
0.187034
0.21316
0.0574988
-0.0127751
-0.0973119
-0.116872
-0.248296
-0.279765
-0.0794663
0.0704205
0.406533
0.454022
0.570511
0.638924
0.907523
0.978611
0.977598
0.92557
0.886656
0.929801
1.08599
1.11218
1.02128
0.954296
0.871368
0.898858
1.06461
1.12002
1.1256
1.07311
0.88528
0.835811
0.842988
0.896501
1.10849
1.17864
1.27137
1.25712
1.09235
1.00418
0.71462
0.617466
0.368873
0.30248
0.154688
0.121274
0.0538554
0.0405953
0.0158177
0.0115139
0.00396612
0.00279768
0.000856603
0.000587214
0.000160432
0.000107132
2.61845e-05
1.70672e-05
3.73698e-06
2.38478e-06
4.62638e-07
3.23205e-07
