VARIABLEs = X,u
ZONE I=101
datapacking=block
0
0.01
0.02
0.03
0.04
0.05
0.06
0.07
0.08
0.09
0.1
0.11
0.12
0.13
0.14
0.15
0.16
0.17
0.18
0.19
0.2
0.21
0.22
0.23
0.24
0.25
0.26
0.27
0.28
0.29
0.3
0.31
0.32
0.33
0.34
0.35
0.36
0.37
0.38
0.39
0.4
0.41
0.42
0.43
0.44
0.45
0.46
0.47
0.48
0.49
0.5
0.51
0.52
0.53
0.54
0.55
0.56
0.57
0.58
0.59
0.6
0.61
0.62
0.63
0.64
0.65
0.66
0.67
0.68
0.69
0.7
0.71
0.72
0.73
0.74
0.75
0.76
0.77
0.78
0.79
0.8
0.81
0.82
0.83
0.84
0.85
0.86
0.87
0.88
0.89
0.9
0.91
0.92
0.93
0.94
0.95
0.96
0.97
0.98
0.99
1
0
0.037798
0.0808905
-0.0579282
-0.0550603
0.0107586
-0.0491461
-0.00471479
0.0747615
0.0356041
0.0114797
0.0264451
-0.0234148
-0.0619835
0.00303854
-0.0464174
-0.126592
-0.0380577
0.0417505
-0.0109894
-0.0548082
-0.0151598
-0.010341
-0.0198596
0.0274671
0.077437
0.000527121
-0.135366
-0.0729816
0.118477
0.105293
-0.0124141
-0.0207614
-0.051983
-0.0956004
-0.075558
0.0193072
0.227802
0.202441
-0.0448285
-0.113334
-0.161004
-0.16833
-0.219694
-0.201342
0.121568
0.28131
0.556047
0.575695
0.687861
0.770427
1.00098
1.03051
0.946539
0.898216
0.930007
0.994969
1.11319
1.09964
0.948689
0.894297
0.907088
0.967614
1.13045
1.15135
1.05003
0.97613
0.822184
0.812114
0.932824
1.01136
1.21449
1.25545
1.23137
1.17576
0.92485
0.822743
0.532314
0.446257
0.243198
0.193883
0.090584
0.0691461
0.0280494
0.0206086
0.00732488
0.00520137
0.00163037
0.00112261
0.000311736
0.000208705
5.14976e-05
3.35989e-05
7.37958e-06
4.70111e-06
9.19676e-07
5.73006e-07
9.98015e-08
6.09382e-08
9.37687e-09
6.10066e-09
