VARIABLEs = X,u
ZONE I=101
datapacking=block
0
0.01
0.02
0.03
0.04
0.05
0.06
0.07
0.08
0.09
0.1
0.11
0.12
0.13
0.14
0.15
0.16
0.17
0.18
0.19
0.2
0.21
0.22
0.23
0.24
0.25
0.26
0.27
0.28
0.29
0.3
0.31
0.32
0.33
0.34
0.35
0.36
0.37
0.38
0.39
0.4
0.41
0.42
0.43
0.44
0.45
0.46
0.47
0.48
0.49
0.5
0.51
0.52
0.53
0.54
0.55
0.56
0.57
0.58
0.59
0.6
0.61
0.62
0.63
0.64
0.65
0.66
0.67
0.68
0.69
0.7
0.71
0.72
0.73
0.74
0.75
0.76
0.77
0.78
0.79
0.8
0.81
0.82
0.83
0.84
0.85
0.86
0.87
0.88
0.89
0.9
0.91
0.92
0.93
0.94
0.95
0.96
0.97
0.98
0.99
1
0
-0.104441
-0.0709325
-0.00388317
-0.0767185
0.0149428
-0.0329946
-0.0142059
0.0782888
-0.0516978
-0.0666894
0.0411864
0.000268928
0.0328156
0.0613216
-0.105391
-0.0981871
0.109568
0.090684
-0.0228251
-0.00559164
-0.087164
-0.137441
0.0698464
0.181605
0.100606
0.00820902
-0.0882596
-0.123416
-0.276708
-0.253778
0.113746
0.241961
0.429146
0.494501
0.827291
0.916557
0.907889
0.868766
0.970985
1.04843
1.05295
0.980923
0.900902
0.949781
1.1053
1.10966
0.956039
0.893169
0.924727
1.00081
1.14864
1.13975
0.96115
0.882722
0.823462
0.870972
1.10273
1.18343
1.26691
1.2349
1.0005
0.888984
0.560266
0.461399
0.233698
0.180764
0.0753204
0.0552543
0.0192385
0.013482
0.00396238
0.00266729
0.000665737
0.00043236
9.19118e-05
5.77934e-05
1.0466e-05
6.39031e-06
9.83478e-07
5.84536e-07
7.60662e-08
4.41019e-08
4.81309e-09
2.72709e-09
2.46608e-10
1.36768e-10
1.00709e-11
5.47467e-12
3.20045e-13
1.70748e-13
7.62677e-15
3.99784e-15
1.282e-16
6.60923e-17
1.35525e-18
6.87791e-19
6.77626e-21
3.38813e-21
0
0
