VARIABLEs = X,u
ZONE I=101
datapacking=block
0
0.01
0.02
0.03
0.04
0.05
0.06
0.07
0.08
0.09
0.1
0.11
0.12
0.13
0.14
0.15
0.16
0.17
0.18
0.19
0.2
0.21
0.22
0.23
0.24
0.25
0.26
0.27
0.28
0.29
0.3
0.31
0.32
0.33
0.34
0.35
0.36
0.37
0.38
0.39
0.4
0.41
0.42
0.43
0.44
0.45
0.46
0.47
0.48
0.49
0.5
0.51
0.52
0.53
0.54
0.55
0.56
0.57
0.58
0.59
0.6
0.61
0.62
0.63
0.64
0.65
0.66
0.67
0.68
0.69
0.7
0.71
0.72
0.73
0.74
0.75
0.76
0.77
0.78
0.79
0.8
0.81
0.82
0.83
0.84
0.85
0.86
0.87
0.88
0.89
0.9
0.91
0.92
0.93
0.94
0.95
0.96
0.97
0.98
0.99
1
0
-0.0283658
0.0260102
-0.031168
0.0782977
-0.0870914
0.0208816
-0.0144342
0.0178024
0.0377778
-0.0958032
0.00771114
0.0448735
0.0213455
0.0844763
-0.0783074
-0.1632
0.0349369
0.0852124
0.0833036
0.130929
-0.0248288
-0.185754
-0.239838
-0.142823
-0.00172682
0.0616451
0.50931
0.640219
0.735768
0.764287
0.997582
1.03709
0.928938
0.901875
1.04174
1.09184
0.984519
0.914398
0.966222
1.0494
1.09315
1.02325
0.872662
0.889423
1.07831
1.1371
1.07106
0.982909
0.815828
0.822691
1.02079
1.11819
1.26938
1.25728
1.04441
0.928806
0.577813
0.470841
0.227995
0.17307
0.0670203
0.0479574
0.0151069
0.0102785
0.00265997
0.0017321
0.000369903
0.000231707
4.08322e-05
2.47049e-05
3.57678e-06
2.0973e-06
2.47196e-07
1.40869e-07
1.33141e-08
7.39147e-09
5.47196e-10
2.96549e-10
1.6575e-11
8.78446e-12
3.48749e-13
1.81036e-13
4.55191e-15
2.31759e-15
2.77556e-17
1.38778e-17
0
0
0
0
0
0
0
0
0
0
0
0
0
0
