VARIABLEs = X,u
ZONE I=101
datapacking=block
0
0.01
0.02
0.03
0.04
0.05
0.06
0.07
0.08
0.09
0.1
0.11
0.12
0.13
0.14
0.15
0.16
0.17
0.18
0.19
0.2
0.21
0.22
0.23
0.24
0.25
0.26
0.27
0.28
0.29
0.3
0.31
0.32
0.33
0.34
0.35
0.36
0.37
0.38
0.39
0.4
0.41
0.42
0.43
0.44
0.45
0.46
0.47
0.48
0.49
0.5
0.51
0.52
0.53
0.54
0.55
0.56
0.57
0.58
0.59
0.6
0.61
0.62
0.63
0.64
0.65
0.66
0.67
0.68
0.69
0.7
0.71
0.72
0.73
0.74
0.75
0.76
0.77
0.78
0.79
0.8
0.81
0.82
0.83
0.84
0.85
0.86
0.87
0.88
0.89
0.9
0.91
0.92
0.93
0.94
0.95
0.96
0.97
0.98
0.99
1
0
0.0046474
0.0259188
-0.00408998
-0.0453946
-0.0297888
0.0303784
0.108942
0.067568
-0.146042
-0.201505
-0.10716
0.0076502
0.401519
0.545168
0.794518
0.911843
0.905376
1.06078
0.909731
1.02504
1.0099
0.916229
1.07579
1.04215
0.914994
1.018
1.05655
0.940693
0.969089
1.08058
1.02626
0.914774
0.947539
1.0634
1.11479
1.01179
0.81525
0.848893
1.13573
1.22957
1.19239
1.07897
0.652981
0.510797
0.205482
0.144122
0.0401241
0.0258491
0.00504129
0.00303196
0.000408828
0.000232209
2.07052e-05
1.12019e-05
5.96046e-07
3.09199e-07
7.45058e-09
3.72529e-09
0
0
0
0
0
0
0
0
0
0
0
0
0
0
0
0
0
0
0
0
0
0
0
0
0
0
0
0
0
0
0
0
0
0
0
0
0
0
0
0
0
0
