VARIABLEs = X,u
ZONE I=101
datapacking=block
0
0.01
0.02
0.03
0.04
0.05
0.06
0.07
0.08
0.09
0.1
0.11
0.12
0.13
0.14
0.15
0.16
0.17
0.18
0.19
0.2
0.21
0.22
0.23
0.24
0.25
0.26
0.27
0.28
0.29
0.3
0.31
0.32
0.33
0.34
0.35
0.36
0.37
0.38
0.39
0.4
0.41
0.42
0.43
0.44
0.45
0.46
0.47
0.48
0.49
0.5
0.51
0.52
0.53
0.54
0.55
0.56
0.57
0.58
0.59
0.6
0.61
0.62
0.63
0.64
0.65
0.66
0.67
0.68
0.69
0.7
0.71
0.72
0.73
0.74
0.75
0.76
0.77
0.78
0.79
0.8
0.81
0.82
0.83
0.84
0.85
0.86
0.87
0.88
0.89
0.9
0.91
0.92
0.93
0.94
0.95
0.96
0.97
0.98
0.99
1
0
0.0113451
-0.00815463
-0.0457337
-0.0116479
0.0998766
0.0896952
-0.104757
-0.178034
-0.128632
-0.0210745
0.388022
0.525235
0.816065
0.874648
0.965106
0.99022
0.980233
1.04425
0.939027
1.09068
0.909962
1.01675
1.02869
0.90997
1.06344
1.07985
0.897836
0.954237
1.1112
1.02626
0.877451
0.962392
1.1479
1.0915
0.836679
0.820275
1.07607
1.19479
1.21866
1.11188
0.672717
0.521169
0.200011
0.137453
0.0348939
0.0218815
0.00369167
0.00215214
0.000233293
0.00012809
8.10623e-06
4.23193e-06
1.19209e-07
5.96046e-08
0
0
0
0
0
0
0
0
0
0
0
0
0
0
0
0
0
0
0
0
0
0
0
0
0
0
0
0
0
0
0
0
0
0
0
0
0
0
0
0
0
0
0
0
0
0
