VARIABLEs = X,u
ZONE I=101
datapacking=block
0
0.01
0.02
0.03
0.04
0.05
0.06
0.07
0.08
0.09
0.1
0.11
0.12
0.13
0.14
0.15
0.16
0.17
0.18
0.19
0.2
0.21
0.22
0.23
0.24
0.25
0.26
0.27
0.28
0.29
0.3
0.31
0.32
0.33
0.34
0.35
0.36
0.37
0.38
0.39
0.4
0.41
0.42
0.43
0.44
0.45
0.46
0.47
0.48
0.49
0.5
0.51
0.52
0.53
0.54
0.55
0.56
0.57
0.58
0.59
0.6
0.61
0.62
0.63
0.64
0.65
0.66
0.67
0.68
0.69
0.7
0.71
0.72
0.73
0.74
0.75
0.76
0.77
0.78
0.79
0.8
0.81
0.82
0.83
0.84
0.85
0.86
0.87
0.88
0.89
0.9
0.91
0.92
0.93
0.94
0.95
0.96
0.97
0.98
0.99
1
0
-0.0231739
-0.0818473
0.0386603
0.0753645
-0.016164
0.00695773
0.0177662
-0.0529708
-0.0456383
0.00715456
0.00257134
0.0185708
0.0908167
0.0347787
-0.0652782
-0.00287839
0.0227664
-0.062607
-0.108391
-0.042745
-0.0054178
-0.0315667
0.000763145
0.00570081
-0.0817528
-0.074557
0.0997116
0.118726
-0.0666159
-0.120063
-0.0155243
0.0415401
0.0472425
0.0362935
0.0455006
0.0184021
-0.150564
-0.172139
0.0427003
0.149277
0.170466
0.0950896
-0.0452632
-0.0560792
-0.16685
-0.23591
-0.254559
-0.164225
0.214732
0.322358
0.478061
0.509115
0.737679
0.845391
1.00412
0.985359
0.88454
0.87467
0.994802
1.05947
1.10023
1.05487
0.899087
0.871386
0.954032
1.02251
1.14905
1.14567
1.00393
0.931453
0.812643
0.819111
0.967422
1.04628
1.23213
1.26377
1.21882
1.1596
0.907979
0.808272
0.526366
0.443017
0.245291
0.196822
0.0941947
0.0725134
0.0303583
0.022531
0.00832426
0.00597889
0.00196184
0.0013679
0.000400473
0.00027176
7.12169e-05
4.71365e-05
1.10782e-05
7.17715e-06
1.49343e-06
1.06992e-06
