VARIABLEs = X,u
ZONE I=101
datapacking=block
0
0.01
0.02
0.03
0.04
0.05
0.06
0.07
0.08
0.09
0.1
0.11
0.12
0.13
0.14
0.15
0.16
0.17
0.18
0.19
0.2
0.21
0.22
0.23
0.24
0.25
0.26
0.27
0.28
0.29
0.3
0.31
0.32
0.33
0.34
0.35
0.36
0.37
0.38
0.39
0.4
0.41
0.42
0.43
0.44
0.45
0.46
0.47
0.48
0.49
0.5
0.51
0.52
0.53
0.54
0.55
0.56
0.57
0.58
0.59
0.6
0.61
0.62
0.63
0.64
0.65
0.66
0.67
0.68
0.69
0.7
0.71
0.72
0.73
0.74
0.75
0.76
0.77
0.78
0.79
0.8
0.81
0.82
0.83
0.84
0.85
0.86
0.87
0.88
0.89
0.9
0.91
0.92
0.93
0.94
0.95
0.96
0.97
0.98
0.99
1
0
0.0448888
0.0911672
-0.0262509
0.0116606
-0.0350825
-0.114895
-0.00644104
0.00211382
-0.100363
-0.0468639
-7.16654e-06
-0.0353356
0.0395326
0.0317666
-0.097611
-0.0449827
0.106989
0.0474003
-0.0657318
-0.0297469
-0.0223418
-0.0370753
0.101037
0.133569
-0.0808274
-0.158866
-0.0434658
0.0322365
0.0778144
0.0883446
0.135094
0.0866302
-0.224367
-0.293875
-0.171033
-0.0835904
0.0662801
0.121919
0.493485
0.642685
0.813589
0.791883
0.852299
0.931129
1.07445
1.05294
0.913369
0.892478
1.01284
1.07889
1.08245
1.018
0.874776
0.87747
1.03252
1.10139
1.13192
1.07802
0.878418
0.828814
0.863785
0.932463
1.16216
1.22474
1.25442
1.20954
0.964324
0.857
0.546605
0.454015
0.238274
0.187038
0.0824449
0.0616664
0.023158
0.0166079
0.00536571
0.00370728
0.00103719
0.000693055
0.000168584
0.000109285
2.31599e-05
1.46031e-05
2.69691e-06
1.65766e-06
2.66414e-07
1.59929e-07
2.22995e-08
1.30955e-08
1.57636e-09
9.06906e-10
9.35805e-11
5.28111e-11
4.62568e-12
2.56356e-12
1.88058e-13
1.02457e-13
6.17603e-15
3.39688e-15
