VARIABLEs = X,u
ZONE I=101
datapacking=block
0
0.01
0.02
0.03
0.04
0.05
0.06
0.07
0.08
0.09
0.1
0.11
0.12
0.13
0.14
0.15
0.16
0.17
0.18
0.19
0.2
0.21
0.22
0.23
0.24
0.25
0.26
0.27
0.28
0.29
0.3
0.31
0.32
0.33
0.34
0.35
0.36
0.37
0.38
0.39
0.4
0.41
0.42
0.43
0.44
0.45
0.46
0.47
0.48
0.49
0.5
0.51
0.52
0.53
0.54
0.55
0.56
0.57
0.58
0.59
0.6
0.61
0.62
0.63
0.64
0.65
0.66
0.67
0.68
0.69
0.7
0.71
0.72
0.73
0.74
0.75
0.76
0.77
0.78
0.79
0.8
0.81
0.82
0.83
0.84
0.85
0.86
0.87
0.88
0.89
0.9
0.91
0.92
0.93
0.94
0.95
0.96
0.97
0.98
0.99
1
0
-0.0399189
0.0174401
0.0742876
-0.0101878
-0.0132117
0.0197463
-0.0765265
-0.0602432
0.0595693
0.0342396
0.0374021
0.0724671
-0.0352592
-0.0737224
0.0246546
0.0217306
-0.131364
-0.1172
0.0270187
0.0166922
-0.0412987
-0.0178515
-0.0249075
-0.0621118
0.0245798
0.098821
0.0175103
-0.0849682
-0.086467
0.00540863
0.0920275
0.0530715
0.00953807
0.0151636
-0.0935417
-0.147868
-0.0284376
0.0922609
0.215099
0.148392
-0.0617875
-0.0901805
-0.148404
-0.192365
-0.249789
-0.19535
0.174919
0.31342
0.517829
0.536012
0.70622
0.807429
1.01063
1.01365
0.910823
0.880099
0.961341
1.02947
1.11117
1.07982
0.921041
0.879338
0.929439
0.995481
1.14213
1.15051
1.02682
0.952947
0.816139
0.814664
0.950281
1.02925
1.2239
1.26007
1.22513
1.16761
0.916208
0.815318
0.529257
0.444592
0.244271
0.195387
0.0924231
0.0708576
0.0292149
0.0215764
0.00782355
0.00558817
0.0017935
0.00124292
0.000354708
0.000239128
6.08718e-05
4.00084e-05
9.10199e-06
5.84341e-06
1.18908e-06
7.47612e-07
1.34775e-07
9.18862e-08
