VARIABLEs = X,u
ZONE I=101
datapacking=block
0
0.01
0.02
0.03
0.04
0.05
0.06
0.07
0.08
0.09
0.1
0.11
0.12
0.13
0.14
0.15
0.16
0.17
0.18
0.19
0.2
0.21
0.22
0.23
0.24
0.25
0.26
0.27
0.28
0.29
0.3
0.31
0.32
0.33
0.34
0.35
0.36
0.37
0.38
0.39
0.4
0.41
0.42
0.43
0.44
0.45
0.46
0.47
0.48
0.49
0.5
0.51
0.52
0.53
0.54
0.55
0.56
0.57
0.58
0.59
0.6
0.61
0.62
0.63
0.64
0.65
0.66
0.67
0.68
0.69
0.7
0.71
0.72
0.73
0.74
0.75
0.76
0.77
0.78
0.79
0.8
0.81
0.82
0.83
0.84
0.85
0.86
0.87
0.88
0.89
0.9
0.91
0.92
0.93
0.94
0.95
0.96
0.97
0.98
0.99
1
0
-0.00264728
0.0745433
0.0100472
-0.0539375
0.00780152
-0.0119111
-0.0666686
0.00780472
0.067245
0.023156
0.0438923
0.0361364
-0.0752102
-0.0437655
0.018398
-0.0562787
-0.122229
-0.038009
0.03729
-0.0174665
-0.0373934
-0.00965589
-0.0387636
-0.0373682
0.090907
0.0952863
-0.0986113
-0.136957
0.0293394
0.0946559
0.050613
0.0118268
-0.0145635
-0.0363763
-0.133012
-0.115316
0.136235
0.214029
0.113059
0.00994875
-0.133506
-0.133489
-0.203188
-0.243057
-0.119759
0.0170037
0.408854
0.484875
0.590495
0.630208
0.870934
0.959635
1.01269
0.963744
0.88163
0.905358
1.06085
1.10438
1.05136
0.984761
0.870429
0.883537
1.03858
1.10182
1.13764
1.09285
0.904192
0.847609
0.833202
0.881735
1.09244
1.16606
1.27122
1.26069
1.10136
1.01314
0.720557
0.621843
0.369385
0.302099
0.152953
0.119463
0.0523181
0.0392534
0.0150285
0.0108808
0.00366975
0.00257314
0.000768688
0.000523524
0.000139051
9.22101e-05
2.18285e-05
1.41235e-05
2.98373e-06
1.88695e-06
3.55836e-07
2.20458e-07
3.67956e-08
2.44985e-08
