VARIABLEs = X,u
ZONE I=101
datapacking=block
0
0.01
0.02
0.03
0.04
0.05
0.06
0.07
0.08
0.09
0.1
0.11
0.12
0.13
0.14
0.15
0.16
0.17
0.18
0.19
0.2
0.21
0.22
0.23
0.24
0.25
0.26
0.27
0.28
0.29
0.3
0.31
0.32
0.33
0.34
0.35
0.36
0.37
0.38
0.39
0.4
0.41
0.42
0.43
0.44
0.45
0.46
0.47
0.48
0.49
0.5
0.51
0.52
0.53
0.54
0.55
0.56
0.57
0.58
0.59
0.6
0.61
0.62
0.63
0.64
0.65
0.66
0.67
0.68
0.69
0.7
0.71
0.72
0.73
0.74
0.75
0.76
0.77
0.78
0.79
0.8
0.81
0.82
0.83
0.84
0.85
0.86
0.87
0.88
0.89
0.9
0.91
0.92
0.93
0.94
0.95
0.96
0.97
0.98
0.99
1
0
4.61169e-44
1.14831e-41
1.40679e-39
1.13032e-37
6.6989e-36
3.12283e-34
1.19245e-32
3.83515e-31
1.06023e-29
2.55852e-28
5.45515e-27
1.03769e-25
1.77511e-24
2.7488e-23
3.87468e-22
4.99522e-21
5.91363e-20
6.45134e-19
6.50511e-18
6.0787e-17
5.27611e-16
4.2622e-15
3.21019e-14
2.25769e-13
1.48461e-12
9.13834e-12
5.27057e-11
2.85065e-10
1.44686e-09
6.89529e-09
3.08684e-08
1.29854e-07
5.13423e-07
1.90822e-06
6.66694e-06
2.18949e-05
6.75786e-05
0.000195987
0.000533904
0.0013657
0.00327883
0.00738505
0.0155975
0.0308765
0.0572675
0.099493
0.161913
0.246911
0.353159
0.474584
0.600867
0.719721
0.82029
0.896192
0.946792
0.976233
0.990953
0.997151
0.999288
0.999868
0.999984
0.999999
0.999999
0.999998
0.999993
0.999978
0.999932
0.999804
0.999466
0.998634
0.996721
0.992615
0.984402
0.969124
0.942733
0.900507
0.838087
0.753089
0.646841
0.525416
0.399133
0.280279
0.17971
0.103808
0.0532076
0.0237671
0.00904692
0.00284893
0.000711691
0.000132101
1.61832e-05
9.80797e-07
0
0
0
0
0
0
0
0
