VARIABLEs = X,u
ZONE I=101
datapacking=block
0
0.01
0.02
0.03
0.04
0.05
0.06
0.07
0.08
0.09
0.1
0.11
0.12
0.13
0.14
0.15
0.16
0.17
0.18
0.19
0.2
0.21
0.22
0.23
0.24
0.25
0.26
0.27
0.28
0.29
0.3
0.31
0.32
0.33
0.34
0.35
0.36
0.37
0.38
0.39
0.4
0.41
0.42
0.43
0.44
0.45
0.46
0.47
0.48
0.49
0.5
0.51
0.52
0.53
0.54
0.55
0.56
0.57
0.58
0.59
0.6
0.61
0.62
0.63
0.64
0.65
0.66
0.67
0.68
0.69
0.7
0.71
0.72
0.73
0.74
0.75
0.76
0.77
0.78
0.79
0.8
0.81
0.82
0.83
0.84
0.85
0.86
0.87
0.88
0.89
0.9
0.91
0.92
0.93
0.94
0.95
0.96
0.97
0.98
0.99
1
0
1.67772e-17
1.62739e-15
7.57156e-14
2.24897e-12
4.78873e-11
7.781e-10
1.00275e-08
1.05164e-07
9.13823e-07
6.66429e-06
4.11671e-05
0.000216818
0.00097797
0.00378838
0.0126211
0.036175
0.0891713
0.188929
0.344108
0.540123
0.736138
0.885483
0.966943
0.995278
1
1
1
1
1
1
1
1
1
1
1
1
1
1
0.999999
0.999993
0.999959
0.999783
0.999022
0.996212
0.987379
0.963825
0.910829
0.811071
0.655892
0.459877
0.263862
0.114517
0.0330566
0.00472237
0
0
0
0
0
0
0
0
0
0
0
0
0
0
0
0
0
0
0
0
0
0
0
0
0
0
0
0
0
0
0
0
0
0
0
0
0
0
0
0
0
0
0
0
0
0
