VARIABLEs = X,u
ZONE I=101
datapacking=block
0
0.01
0.02
0.03
0.04
0.05
0.06
0.07
0.08
0.09
0.1
0.11
0.12
0.13
0.14
0.15
0.16
0.17
0.18
0.19
0.2
0.21
0.22
0.23
0.24
0.25
0.26
0.27
0.28
0.29
0.3
0.31
0.32
0.33
0.34
0.35
0.36
0.37
0.38
0.39
0.4
0.41
0.42
0.43
0.44
0.45
0.46
0.47
0.48
0.49
0.5
0.51
0.52
0.53
0.54
0.55
0.56
0.57
0.58
0.59
0.6
0.61
0.62
0.63
0.64
0.65
0.66
0.67
0.68
0.69
0.7
0.71
0.72
0.73
0.74
0.75
0.76
0.77
0.78
0.79
0.8
0.81
0.82
0.83
0.84
0.85
0.86
0.87
0.88
0.89
0.9
0.91
0.92
0.93
0.94
0.95
0.96
0.97
0.98
0.99
1
0
2.68435e-20
3.03332e-18
1.65383e-16
5.79351e-15
1.46497e-13
2.848e-12
4.4271e-11
5.65017e-10
6.03285e-09
5.46358e-08
4.24019e-07
2.8418e-06
1.65425e-05
8.39923e-05
0.000373063
0.00145226
0.00495965
0.0148629
0.0390707
0.0900347
0.18177
0.321556
0.499467
0.685113
0.839817
0.938828
0.984526
0.998066
1
1
1
1
1
1
1
1
1
1
1
1
1
0.999997
0.999983
0.999916
0.999627
0.998548
0.99504
0.985137
0.960929
0.909965
0.81823
0.678444
0.500533
0.314887
0.160183
0.0611716
0.0154743
0.00193428
0
0
0
0
0
0
0
0
0
0
0
0
0
0
0
0
0
0
0
0
0
0
0
0
0
0
0
0
0
0
0
0
0
0
0
0
0
0
0
0
0
0
