VARIABLEs = X,u
ZONE I=101
datapacking=block
0
0.01
0.02
0.03
0.04
0.05
0.06
0.07
0.08
0.09
0.1
0.11
0.12
0.13
0.14
0.15
0.16
0.17
0.18
0.19
0.2
0.21
0.22
0.23
0.24
0.25
0.26
0.27
0.28
0.29
0.3
0.31
0.32
0.33
0.34
0.35
0.36
0.37
0.38
0.39
0.4
0.41
0.42
0.43
0.44
0.45
0.46
0.47
0.48
0.49
0.5
0.51
0.52
0.53
0.54
0.55
0.56
0.57
0.58
0.59
0.6
0.61
0.62
0.63
0.64
0.65
0.66
0.67
0.68
0.69
0.7
0.71
0.72
0.73
0.74
0.75
0.76
0.77
0.78
0.79
0.8
0.81
0.82
0.83
0.84
0.85
0.86
0.87
0.88
0.89
0.9
0.91
0.92
0.93
0.94
0.95
0.96
0.97
0.98
0.99
1
0
1.71799e-24
2.35364e-22
1.5656e-20
6.73604e-19
2.107e-17
5.10583e-16
9.9745e-15
1.61397e-13
2.2056e-12
2.58275e-11
2.62047e-10
2.3236e-09
1.81288e-08
1.25118e-07
7.67054e-07
4.19071e-06
2.04531e-05
8.9329e-05
0.000349527
0.00122598
0.00385535
0.010867
0.02744
0.0620271
0.125437
0.226892
0.367369
0.53386
0.700351
0.838137
0.929994
0.977404
0.995183
0.999493
1
1
1
1
1
1
1
1
1
1
0.999999
0.999996
0.99998
0.999911
0.99965
0.998774
0.996145
0.989133
0.97256
0.937973
0.874563
0.773108
0.632631
0.46614
0.299649
0.161863
0.070006
0.0225959
0.00481707
0.00050706
0
0
0
0
0
0
0
0
0
0
0
0
0
0
0
0
0
0
0
0
0
0
0
0
0
0
0
0
0
0
0
0
0
0
0
0
