VARIABLEs = X,u
ZONE I=101
datapacking=block
0
0.01
0.02
0.03
0.04
0.05
0.06
0.07
0.08
0.09
0.1
0.11
0.12
0.13
0.14
0.15
0.16
0.17
0.18
0.19
0.2
0.21
0.22
0.23
0.24
0.25
0.26
0.27
0.28
0.29
0.3
0.31
0.32
0.33
0.34
0.35
0.36
0.37
0.38
0.39
0.4
0.41
0.42
0.43
0.44
0.45
0.46
0.47
0.48
0.49
0.5
0.51
0.52
0.53
0.54
0.55
0.56
0.57
0.58
0.59
0.6
0.61
0.62
0.63
0.64
0.65
0.66
0.67
0.68
0.69
0.7
0.71
0.72
0.73
0.74
0.75
0.76
0.77
0.78
0.79
0.8
0.81
0.82
0.83
0.84
0.85
0.86
0.87
0.88
0.89
0.9
0.91
0.92
0.93
0.94
0.95
0.96
0.97
0.98
0.99
1
0
1.04858e-14
8.49347e-13
3.27261e-11
7.97767e-10
1.38035e-08
1.80276e-07
1.84501e-06
1.51628e-05
0.000101729
0.000563414
0.00259483
0.00998179
0.0321427
0.0866925
0.195792
0.370352
0.588551
0.793915
0.930825
0.988471
1
1
1
1
1
1
1
1
1
1
1
1
1
1
1
1
0.999998
0.999985
0.999898
0.999437
0.997405
0.990018
0.967857
0.913307
0.804208
0.629648
0.411449
0.206085
0.0691753
0.0115292
0
0
0
0
0
0
0
0
0
0
0
0
0
0
0
0
0
0
0
0
0
0
0
0
0
0
0
0
0
0
0
0
0
0
0
0
0
0
0
0
0
0
0
0
0
0
0
0
0
0
