VARIABLEs = X,u
ZONE I=101
datapacking=block
0
0.01
0.02
0.03
0.04
0.05
0.06
0.07
0.08
0.09
0.1
0.11
0.12
0.13
0.14
0.15
0.16
0.17
0.18
0.19
0.2
0.21
0.22
0.23
0.24
0.25
0.26
0.27
0.28
0.29
0.3
0.31
0.32
0.33
0.34
0.35
0.36
0.37
0.38
0.39
0.4
0.41
0.42
0.43
0.44
0.45
0.46
0.47
0.48
0.49
0.5
0.51
0.52
0.53
0.54
0.55
0.56
0.57
0.58
0.59
0.6
0.61
0.62
0.63
0.64
0.65
0.66
0.67
0.68
0.69
0.7
0.71
0.72
0.73
0.74
0.75
0.76
0.77
0.78
0.79
0.8
0.81
0.82
0.83
0.84
0.85
0.86
0.87
0.88
0.89
0.9
0.91
0.92
0.93
0.94
0.95
0.96
0.97
0.98
0.99
1
0
3.19952e-08
5.87871e-07
5.41108e-06
3.32804e-05
0.000153931
0.00057138
0.00177394
0.00474084
0.0111408
0.0234037
0.0445377
0.0776306
0.125108
0.187956
0.265182
0.353722
0.44887
0.54509
0.636981
0.720117
0.791576
0.850081
0.895811
0.93001
0.954529
0.97141
0.982591
0.989727
0.99412
0.996733
0.998237
0.999074
0.999523
0.999732
0.999733
0.999375
0.998201
0.995248
0.988854
0.976594
0.955461
0.922369
0.874892
0.812044
0.734818
0.646278
0.55113
0.45491
0.363019
0.279883
0.208424
0.149919
0.104189
0.0699896
0.0454711
0.0285897
0.0174085
0.0102734
0.0058802
0.00326686
0.00176303
0.000924924
0.000472053
0.000234546
0.000113534
5.35768e-05
2.46646e-05
1.1084e-05
4.8653e-06
2.08728e-06
8.7571e-07
3.59495e-07
1.44482e-07
5.68785e-08
2.19442e-08
8.30119e-09
3.08045e-09
1.12186e-09
4.01152e-10
1.40899e-10
4.86309e-11
1.65006e-11
5.50601e-12
1.80753e-12
5.83988e-13
1.85756e-13
5.81905e-14
1.79586e-14
5.46191e-15
1.63758e-15
4.84145e-16
1.41186e-16
4.06231e-17
1.15356e-17
3.23375e-18
8.95134e-19
2.44733e-19
6.61038e-20
1.76438e-20
4.65472e-21
