VARIABLEs = X,u
ZONE I=101
datapacking=block
0
0.01
0.02
0.03
0.04
0.05
0.06
0.07
0.08
0.09
0.1
0.11
0.12
0.13
0.14
0.15
0.16
0.17
0.18
0.19
0.2
0.21
0.22
0.23
0.24
0.25
0.26
0.27
0.28
0.29
0.3
0.31
0.32
0.33
0.34
0.35
0.36
0.37
0.38
0.39
0.4
0.41
0.42
0.43
0.44
0.45
0.46
0.47
0.48
0.49
0.5
0.51
0.52
0.53
0.54
0.55
0.56
0.57
0.58
0.59
0.6
0.61
0.62
0.63
0.64
0.65
0.66
0.67
0.68
0.69
0.7
0.71
0.72
0.73
0.74
0.75
0.76
0.77
0.78
0.79
0.8
0.81
0.82
0.83
0.84
0.85
0.86
0.87
0.88
0.89
0.9
0.91
0.92
0.93
0.94
0.95
0.96
0.97
0.98
0.99
1
0
5.66465e-14
1.7961e-12
2.84852e-11
3.01313e-10
2.39175e-09
1.51979e-08
8.05361e-08
3.66118e-07
1.45774e-06
5.16487e-06
1.64898e-05
4.79266e-05
0.000127884
0.000315528
0.000724271
0.00155496
0.00313709
0.00597222
0.0107689
0.0184549
0.0301518
0.0471007
0.0705381
0.101533
0.140806
0.188571
0.244421
0.3073
0.375558
0.447093
0.519561
0.590603
0.65807
0.720203
0.77574
0.823968
0.864687
0.898142
0.924906
0.94577
0.961624
0.973363
0.981809
0.987655
0.99142
0.993414
0.993701
0.992078
0.988051
0.980843
0.969439
0.952664
0.929329
0.898394
0.859154
0.811408
0.755567
0.692694
0.624439
0.552906
0.480439
0.409397
0.34193
0.279797
0.22426
0.176032
0.135313
0.101858
0.0750927
0.0542249
0.0383593
0.026589
0.0180629
0.0120292
0.00785524
0.00503124
0.00316157
0.00194969
0.00118029
0.000701607
0.000409646
0.000234993
0.000132482
7.34233e-05
4.00136e-05
2.14484e-05
1.13113e-05
5.87053e-06
2.99914e-06
1.50863e-06
7.47385e-07
3.64742e-07
1.75392e-07
8.31228e-08
3.88342e-08
1.78892e-08
8.12722e-09
3.64219e-09
1.61044e-09
7.02707e-10
