VARIABLEs = X,u
ZONE I=101
datapacking=block
0
0.01
0.02
0.03
0.04
0.05
0.06
0.07
0.08
0.09
0.1
0.11
0.12
0.13
0.14
0.15
0.16
0.17
0.18
0.19
0.2
0.21
0.22
0.23
0.24
0.25
0.26
0.27
0.28
0.29
0.3
0.31
0.32
0.33
0.34
0.35
0.36
0.37
0.38
0.39
0.4
0.41
0.42
0.43
0.44
0.45
0.46
0.47
0.48
0.49
0.5
0.51
0.52
0.53
0.54
0.55
0.56
0.57
0.58
0.59
0.6
0.61
0.62
0.63
0.64
0.65
0.66
0.67
0.68
0.69
0.7
0.71
0.72
0.73
0.74
0.75
0.76
0.77
0.78
0.79
0.8
0.81
0.82
0.83
0.84
0.85
0.86
0.87
0.88
0.89
0.9
0.91
0.92
0.93
0.94
0.95
0.96
0.97
0.98
0.99
1
0
1.69931e-14
5.59399e-13
9.21049e-12
1.01141e-10
8.3338e-10
5.4966e-09
3.02307e-08
1.42621e-07
5.89246e-07
2.1661e-06
7.17423e-06
2.16276e-05
5.98471e-05
0.000153099
0.00036429
0.000810527
0.00169416
0.00334045
0.00623632
0.0110607
0.018694
0.0301935
0.0467261
0.0694566
0.0994003
0.137262
0.183287
0.237156
0.297948
0.36418
0.433929
0.505008
0.575177
0.642348
0.704757
0.761089
0.810523
0.852736
0.887837
0.916277
0.938744
0.956055
0.969058
0.978555
0.985238
0.989638
0.992087
0.992686
0.991271
0.987403
0.980376
0.969254
0.952951
0.930358
0.900495
0.86268
0.816681
0.762826
0.702043
0.635815
0.566069
0.494991
0.424823
0.357652
0.295242
0.238911
0.189476
0.147263
0.112163
0.0837213
0.0612489
0.0439235
0.0308819
0.0212916
0.014398
0.00955189
0.00621836
0.0039735
0.00249283
0.00153587
0.000929542
0.000552785
0.000323096
0.000185657
0.000104908
5.83094e-05
3.18869e-05
1.71609e-05
9.09138e-06
4.74231e-06
2.43627e-06
1.23293e-06
6.14793e-07
3.02133e-07
1.46367e-07
6.99127e-08
3.29332e-08
1.53026e-08
7.01524e-09
3.17358e-09
