VARIABLEs = X,u
ZONE I=101
datapacking=block
0
0.01
0.02
0.03
0.04
0.05
0.06
0.07
0.08
0.09
0.1
0.11
0.12
0.13
0.14
0.15
0.16
0.17
0.18
0.19
0.2
0.21
0.22
0.23
0.24
0.25
0.26
0.27
0.28
0.29
0.3
0.31
0.32
0.33
0.34
0.35
0.36
0.37
0.38
0.39
0.4
0.41
0.42
0.43
0.44
0.45
0.46
0.47
0.48
0.49
0.5
0.51
0.52
0.53
0.54
0.55
0.56
0.57
0.58
0.59
0.6
0.61
0.62
0.63
0.64
0.65
0.66
0.67
0.68
0.69
0.7
0.71
0.72
0.73
0.74
0.75
0.76
0.77
0.78
0.79
0.8
0.81
0.82
0.83
0.84
0.85
0.86
0.87
0.88
0.89
0.9
0.91
0.92
0.93
0.94
0.95
0.96
0.97
0.98
0.99
1
0
1.18864e-25
6.98655e-24
2.05317e-22
4.02237e-21
5.91007e-20
6.94695e-19
6.8049e-18
5.71371e-17
4.19804e-16
2.74192e-15
1.61193e-14
8.61578e-14
4.22196e-13
1.91003e-12
8.0253e-12
3.14781e-11
1.15779e-10
4.00897e-10
1.31141e-09
4.06536e-09
1.19767e-08
3.36162e-08
9.01025e-08
2.31109e-07
5.68361e-07
1.34256e-06
3.0511e-06
6.68125e-06
1.41173e-05
2.88216e-05
5.69239e-05
0.000108891
0.000201968
0.000363602
0.00063599
0.00108184
0.00179124
0.00288934
0.00454414
0.00697365
0.010451
0.0153061
0.0219227
0.0307296
0.042184
0.0567496
0.0748675
0.0969227
0.12321
0.153899
0.18901
0.228389
0.271705
0.318449
0.367958
0.41944
0.472016
0.524766
0.576775
0.627181
0.675213
0.720219
0.761691
0.799263
0.832711
0.861938
0.886945
0.907803
0.924618
0.937503
0.946542
0.951773
0.953172
0.950649
0.944055
0.933198
0.917873
0.897895
0.873133
0.843548
0.809228
0.770408
0.727484
0.681009
0.631684
0.580325
0.52783
0.475131
0.42315
0.372752
0.324707
0.279657
0.238098
0.200369
0.16665
0.136978
0.111262
0.0893071
0.0708372
0.0555235
