VARIABLEs = X,u
ZONE I=101
datapacking=block
0
0.01
0.02
0.03
0.04
0.05
0.06
0.07
0.08
0.09
0.1
0.11
0.12
0.13
0.14
0.15
0.16
0.17
0.18
0.19
0.2
0.21
0.22
0.23
0.24
0.25
0.26
0.27
0.28
0.29
0.3
0.31
0.32
0.33
0.34
0.35
0.36
0.37
0.38
0.39
0.4
0.41
0.42
0.43
0.44
0.45
0.46
0.47
0.48
0.49
0.5
0.51
0.52
0.53
0.54
0.55
0.56
0.57
0.58
0.59
0.6
0.61
0.62
0.63
0.64
0.65
0.66
0.67
0.68
0.69
0.7
0.71
0.72
0.73
0.74
0.75
0.76
0.77
0.78
0.79
0.8
0.81
0.82
0.83
0.84
0.85
0.86
0.87
0.88
0.89
0.9
0.91
0.92
0.93
0.94
0.95
0.96
0.97
0.98
0.99
1
0
2.64478e-06
3.68398e-05
0.000257553
0.00120592
0.00425809
0.012107
0.0289089
0.0597083
0.109068
0.179333
0.269303
0.37398
0.485583
0.595392
0.695709
0.781248
0.849637
0.901112
0.937718
0.962392
0.978203
0.987858
0.993492
0.996639
0.998325
0.999194
0.999625
0.999831
0.999926
0.999969
0.999985
0.999958
0.99974
0.998793
0.995742
0.987893
0.971091
0.940292
0.890932
0.820667
0.730697
0.62602
0.514417
0.404608
0.304291
0.218752
0.150363
0.0988885
0.0622824
0.0376078
0.0217973
0.0121418
0.00650832
0.00336131
0.00167471
0.000805911
0.000375026
0.000168948
7.37619e-05
3.12431e-05
1.28515e-05
5.1386e-06
1.99906e-06
7.57322e-07
2.79622e-07
1.00704e-07
3.54032e-08
1.21584e-08
4.08185e-09
1.34053e-09
4.3094e-10
1.3569e-10
4.18724e-11
1.26709e-11
3.76205e-12
1.0965e-12
3.13892e-13
8.82982e-14
2.4419e-14
6.64212e-15
1.77777e-15
4.68401e-16
1.21537e-16
3.10685e-17
7.82733e-18
1.94423e-18
4.76296e-19
1.15119e-19
2.74598e-20
6.46653e-21
1.50383e-21
3.45468e-22
7.84195e-23
1.75941e-23
3.90262e-24
8.56052e-25
1.85742e-25
3.98743e-26
8.47131e-27
1.78148e-27
