VARIABLEs = X,u
ZONE I=101
datapacking=block
0
0.01
0.02
0.03
0.04
0.05
0.06
0.07
0.08
0.09
0.1
0.11
0.12
0.13
0.14
0.15
0.16
0.17
0.18
0.19
0.2
0.21
0.22
0.23
0.24
0.25
0.26
0.27
0.28
0.29
0.3
0.31
0.32
0.33
0.34
0.35
0.36
0.37
0.38
0.39
0.4
0.41
0.42
0.43
0.44
0.45
0.46
0.47
0.48
0.49
0.5
0.51
0.52
0.53
0.54
0.55
0.56
0.57
0.58
0.59
0.6
0.61
0.62
0.63
0.64
0.65
0.66
0.67
0.68
0.69
0.7
0.71
0.72
0.73
0.74
0.75
0.76
0.77
0.78
0.79
0.8
0.81
0.82
0.83
0.84
0.85
0.86
0.87
0.88
0.89
0.9
0.91
0.92
0.93
0.94
0.95
0.96
0.97
0.98
0.99
1
0
4.12826e-17
1.60919e-15
3.13677e-14
4.07713e-13
3.97554e-12
3.10212e-11
2.01788e-10
1.12555e-09
5.49608e-09
2.38684e-08
9.33472e-08
3.32113e-07
1.08397e-06
3.26854e-06
9.16049e-06
2.39868e-05
5.8952e-05
0.000136535
0.000299068
0.000621553
0.00122924
0.00231952
0.0041863
0.00724288
0.012038
0.0192581
0.0297095
0.0442752
0.0638466
0.0892336
0.121062
0.159675
0.205048
0.256746
0.313914
0.375319
0.43944
0.504585
0.569028
0.631141
0.689512
0.743029
0.790929
0.832806
0.868584
0.898468
0.922873
0.942352
0.957513
0.968954
0.977197
0.982637
0.985496
0.985796
0.983341
0.977723
0.96835
0.954496
0.935388
0.910296
0.878654
0.840156
0.794852
0.743196
0.686053
0.624663
0.56055
0.495409
0.430969
0.368857
0.310487
0.25697
0.20907
0.167191
0.131407
0.101508
0.0770676
0.0575116
0.0421882
0.0304249
0.0215738
0.0150436
0.0103174
0.00696084
0.00462065
0.0030184
0.00194073
0.00122844
0.000765648
0.000469975
0.000284171
0.000169289
9.93815e-05
5.7504e-05
3.28012e-05
1.84486e-05
1.0233e-05
5.59869e-06
3.02202e-06
1.60958e-06
