VARIABLEs = X,u
ZONE I=101
datapacking=block
0
0.01
0.02
0.03
0.04
0.05
0.06
0.07
0.08
0.09
0.1
0.11
0.12
0.13
0.14
0.15
0.16
0.17
0.18
0.19
0.2
0.21
0.22
0.23
0.24
0.25
0.26
0.27
0.28
0.29
0.3
0.31
0.32
0.33
0.34
0.35
0.36
0.37
0.38
0.39
0.4
0.41
0.42
0.43
0.44
0.45
0.46
0.47
0.48
0.49
0.5
0.51
0.52
0.53
0.54
0.55
0.56
0.57
0.58
0.59
0.6
0.61
0.62
0.63
0.64
0.65
0.66
0.67
0.68
0.69
0.7
0.71
0.72
0.73
0.74
0.75
0.76
0.77
0.78
0.79
0.8
0.81
0.82
0.83
0.84
0.85
0.86
0.87
0.88
0.89
0.9
0.91
0.92
0.93
0.94
0.95
0.96
0.97
0.98
0.99
1
0
0.00809834
0.047363
0.142153
0.294206
0.476686
0.65161
0.791246
0.886808
0.944092
0.974675
0.98941
0.995887
0.998508
0.999492
0.999837
0.99995
0.999986
0.999996
0.999999
1
1
1
1
1
1
1
1
1
1
1
0.991902
0.952637
0.857847
0.705794
0.523314
0.34839
0.208754
0.113192
0.0559076
0.025325
0.0105902
0.00411335
0.00149237
0.000508366
0.000163352
4.97234e-05
1.43932e-05
3.97588e-06
1.0514e-06
2.66948e-07
6.52463e-08
1.53889e-08
3.51032e-09
7.75993e-10
1.66553e-10
3.47679e-11
7.07011e-12
1.4026e-12
2.71823e-13
5.15266e-14
9.56478e-15
1.74054e-15
3.10811e-16
5.45152e-17
9.39995e-18
1.59468e-18
2.66373e-19
4.38415e-20
7.11454e-21
1.13906e-21
1.80027e-22
2.81033e-23
4.33543e-24
6.6126e-25
9.97646e-26
1.48947e-26
2.2015e-27
3.22256e-28
4.67345e-29
6.71706e-30
9.57122e-31
1.3525e-31
1.89589e-32
2.63707e-33
3.64061e-34
4.98977e-35
6.7912e-36
9.1806e-37
1.23296e-37
1.64539e-38
2.18232e-39
2.87726e-40
3.77163e-41
4.91638e-42
6.37381e-43
8.21975e-44
1.0546e-44
1.34634e-45
1.71048e-46
2.16289e-47
