VARIABLEs = X,u
ZONE I=101
datapacking=block
0
0.01
0.02
0.03
0.04
0.05
0.06
0.07
0.08
0.09
0.1
0.11
0.12
0.13
0.14
0.15
0.16
0.17
0.18
0.19
0.2
0.21
0.22
0.23
0.24
0.25
0.26
0.27
0.28
0.29
0.3
0.31
0.32
0.33
0.34
0.35
0.36
0.37
0.38
0.39
0.4
0.41
0.42
0.43
0.44
0.45
0.46
0.47
0.48
0.49
0.5
0.51
0.52
0.53
0.54
0.55
0.56
0.57
0.58
0.59
0.6
0.61
0.62
0.63
0.64
0.65
0.66
0.67
0.68
0.69
0.7
0.71
0.72
0.73
0.74
0.75
0.76
0.77
0.78
0.79
0.8
0.81
0.82
0.83
0.84
0.85
0.86
0.87
0.88
0.89
0.9
0.91
0.92
0.93
0.94
0.95
0.96
0.97
0.98
0.99
1
0
8.63737e-10
1.90109e-08
2.09465e-07
1.54078e-06
8.51434e-06
3.77127e-05
0.000139512
0.000443503
0.00123726
0.00307839
0.00691957
0.0142009
0.0268469
0.0471113
0.0772518
0.119078
0.173475
0.240043
0.316961
0.401146
0.488666
0.575314
0.657196
0.73121
0.795329
0.84866
0.891317
0.924179
0.948598
0.966122
0.978282
0.986452
0.991771
0.995129
0.997183
0.998383
0.998994
0.999092
0.99852
0.996797
0.993018
0.985769
0.973139
0.952882
0.922745
0.880921
0.826524
0.759957
0.683039
0.598854
0.511334
0.424686
0.342804
0.26879
0.204671
0.15134
0.108683
0.0758208
0.051402
0.0338782
0.0217177
0.0135481
0.00822895
0.00486909
0.0028082
0.00157951
0.000866906
0.000464527
0.000243148
0.000124388
6.22239e-05
3.04526e-05
1.45879e-05
6.8433e-06
3.14518e-06
1.41686e-06
6.25895e-07
2.71237e-07
1.15359e-07
4.81702e-08
1.97561e-08
7.96128e-09
3.15341e-09
1.22814e-09
4.70475e-10
1.77333e-10
6.57882e-11
2.40297e-11
8.64421e-12
3.06342e-12
1.06984e-12
3.68283e-13
1.25002e-13
4.18444e-14
1.38184e-14
4.50285e-15
1.44821e-15
4.59828e-16
1.44171e-16
4.46457e-17
