VARIABLEs = X,u
ZONE I=101
datapacking=block
0
0.01
0.02
0.03
0.04
0.05
0.06
0.07
0.08
0.09
0.1
0.11
0.12
0.13
0.14
0.15
0.16
0.17
0.18
0.19
0.2
0.21
0.22
0.23
0.24
0.25
0.26
0.27
0.28
0.29
0.3
0.31
0.32
0.33
0.34
0.35
0.36
0.37
0.38
0.39
0.4
0.41
0.42
0.43
0.44
0.45
0.46
0.47
0.48
0.49
0.5
0.51
0.52
0.53
0.54
0.55
0.56
0.57
0.58
0.59
0.6
0.61
0.62
0.63
0.64
0.65
0.66
0.67
0.68
0.69
0.7
0.71
0.72
0.73
0.74
0.75
0.76
0.77
0.78
0.79
0.8
0.81
0.82
0.83
0.84
0.85
0.86
0.87
0.88
0.89
0.9
0.91
0.92
0.93
0.94
0.95
0.96
0.97
0.98
0.99
1
0
5.54965e-18
2.27535e-16
4.66501e-15
6.37723e-14
6.53972e-13
5.36639e-12
3.67072e-11
2.15289e-10
1.10528e-09
5.0462e-09
2.07454e-08
7.75778e-08
2.66099e-07
8.43133e-07
2.48261e-06
6.82869e-06
1.76261e-05
4.28651e-05
9.85672e-05
0.000214997
0.000446128
0.000882995
0.001671
0.00303023
0.00527661
0.00883989
0.0142736
0.0222511
0.0335431
0.0489731
0.0693515
0.0953937
0.12763
0.166319
0.211384
0.262371
0.318452
0.378464
0.440991
0.504466
0.567291
0.627955
0.685138
0.737787
0.78516
0.826839
0.862709
0.892914
0.9178
0.937843
0.953582
0.965551
0.974214
0.979922
0.982862
0.983036
0.980249
0.974112
0.964079
0.949495
0.929677
0.903999
0.871996
0.833453
0.78848
0.737549
0.681502
0.621509
0.558993
0.495525
0.432704
0.372043
0.314861
0.262212
0.214837
0.173153
0.137273
0.107043
0.0821015
0.0619419
0.0459715
0.0335664
0.0241147
0.0170481
0.0118617
0.00812393
0.00547772
0.00363681
0.00237797
0.00153155
0.00097179
0.000607589
0.000374388
0.000227399
0.000136171
8.04068e-05
4.68261e-05
2.68998e-05
1.52458e-05
8.52647e-06
