VARIABLEs = X,u
ZONE I=101
datapacking=block
0
0.01
0.02
0.03
0.04
0.05
0.06
0.07
0.08
0.09
0.1
0.11
0.12
0.13
0.14
0.15
0.16
0.17
0.18
0.19
0.2
0.21
0.22
0.23
0.24
0.25
0.26
0.27
0.28
0.29
0.3
0.31
0.32
0.33
0.34
0.35
0.36
0.37
0.38
0.39
0.4
0.41
0.42
0.43
0.44
0.45
0.46
0.47
0.48
0.49
0.5
0.51
0.52
0.53
0.54
0.55
0.56
0.57
0.58
0.59
0.6
0.61
0.62
0.63
0.64
0.65
0.66
0.67
0.68
0.69
0.7
0.71
0.72
0.73
0.74
0.75
0.76
0.77
0.78
0.79
0.8
0.81
0.82
0.83
0.84
0.85
0.86
0.87
0.88
0.89
0.9
0.91
0.92
0.93
0.94
0.95
0.96
0.97
0.98
0.99
1
0
6.42515e-09
1.28438e-07
1.28571e-06
8.59605e-06
4.31968e-05
0.000174095
0.000586414
0.00169878
0.00432269
0.00982074
0.0201827
0.0379263
0.065764
0.106061
0.160205
0.228084
0.30784
0.39602
0.488083
0.579132
0.664672
0.741211
0.806587
0.860007
0.901846
0.933312
0.956073
0.971934
0.982595
0.989517
0.993864
0.996507
0.998064
0.998948
0.999408
0.999545
0.999273
0.998233
0.995645
0.990164
0.97981
0.962071
0.934235
0.893939
0.839794
0.771916
0.69216
0.60398
0.511917
0.420868
0.335328
0.258789
0.193413
0.139993
0.0981538
0.0666877
0.0439266
0.0280665
0.0174055
0.0104832
0.00613606
0.00349269
0.00193459
0.00104342
0.000548342
0.000280955
0.000140438
6.85264e-05
3.26595e-05
1.5212e-05
6.92837e-06
3.08727e-06
1.34661e-06
5.75248e-07
2.40782e-07
9.87988e-08
3.97594e-08
1.56992e-08
6.08492e-09
2.31606e-09
8.66035e-10
3.18261e-10
1.14989e-10
4.08613e-11
1.42859e-11
4.91575e-12
1.66534e-12
5.55635e-13
1.82635e-13
5.91589e-14
1.88897e-14
5.94738e-15
1.84689e-15
5.65836e-16
1.71075e-16
5.10557e-17
1.50442e-17
4.3779e-18
1.25846e-18
3.57427e-19
