VARIABLEs = X,u
ZONE I=101
datapacking=block
0
0.01
0.02
0.03
0.04
0.05
0.06
0.07
0.08
0.09
0.1
0.11
0.12
0.13
0.14
0.15
0.16
0.17
0.18
0.19
0.2
0.21
0.22
0.23
0.24
0.25
0.26
0.27
0.28
0.29
0.3
0.31
0.32
0.33
0.34
0.35
0.36
0.37
0.38
0.39
0.4
0.41
0.42
0.43
0.44
0.45
0.46
0.47
0.48
0.49
0.5
0.51
0.52
0.53
0.54
0.55
0.56
0.57
0.58
0.59
0.6
0.61
0.62
0.63
0.64
0.65
0.66
0.67
0.68
0.69
0.7
0.71
0.72
0.73
0.74
0.75
0.76
0.77
0.78
0.79
0.8
0.81
0.82
0.83
0.84
0.85
0.86
0.87
0.88
0.89
0.9
0.91
0.92
0.93
0.94
0.95
0.96
0.97
0.98
0.99
1
0
5.09766e-15
1.7399e-13
2.9701e-12
3.38126e-11
2.88822e-10
1.97465e-09
1.12569e-08
5.50418e-08
2.35669e-07
8.97706e-07
3.08054e-06
9.6205e-06
2.75742e-05
7.30514e-05
0.000179977
0.00041453
0.000896725
0.0018294
0.00353263
0.00647849
0.0113174
0.0188856
0.0301815
0.0463046
0.0683546
0.0972985
0.133825
0.178206
0.230198
0.289
0.353281
0.421281
0.490963
0.560203
0.626978
0.689537
0.746519
0.797021
0.840604
0.877254
0.907306
0.931345
0.95011
0.964398
0.974982
0.982546
0.987629
0.990586
0.991543
0.990382
0.986716
0.979904
0.969086
0.95326
0.93139
0.902555
0.866092
0.821748
0.769777
0.710986
0.646711
0.578715
0.509035
0.439796
0.373022
0.310463
0.253481
0.202979
0.159396
0.122745
0.092691
0.0686453
0.0498622
0.035529
0.0248382
0.0170398
0.011474
0.00758509
0.00492389
0.00313951
0.00196666
0.00121065
0.000732546
0.000435806
0.000254976
0.000146744
8.30976e-05
4.63111e-05
2.54072e-05
1.37249e-05
7.30195e-06
3.82693e-06
1.97624e-06
1.00579e-06
5.04596e-07
2.496e-07
1.21759e-07
5.85869e-08
2.7812e-08
1.30282e-08
