VARIABLEs = X,u
ZONE I=101
datapacking=block
0
0.01
0.02
0.03
0.04
0.05
0.06
0.07
0.08
0.09
0.1
0.11
0.12
0.13
0.14
0.15
0.16
0.17
0.18
0.19
0.2
0.21
0.22
0.23
0.24
0.25
0.26
0.27
0.28
0.29
0.3
0.31
0.32
0.33
0.34
0.35
0.36
0.37
0.38
0.39
0.4
0.41
0.42
0.43
0.44
0.45
0.46
0.47
0.48
0.49
0.5
0.51
0.52
0.53
0.54
0.55
0.56
0.57
0.58
0.59
0.6
0.61
0.62
0.63
0.64
0.65
0.66
0.67
0.68
0.69
0.7
0.71
0.72
0.73
0.74
0.75
0.76
0.77
0.78
0.79
0.8
0.81
0.82
0.83
0.84
0.85
0.86
0.87
0.88
0.89
0.9
0.91
0.92
0.93
0.94
0.95
0.96
0.97
0.98
0.99
1
0
6.71369e-20
3.051e-18
6.93289e-17
1.05034e-15
1.1936e-14
1.08527e-13
8.22463e-13
5.34372e-12
3.03873e-11
1.53645e-10
6.9942e-10
2.89556e-09
1.09934e-08
3.85459e-08
1.25567e-07
3.8201e-07
1.09026e-06
2.93072e-06
7.4463e-06
1.79393e-05
4.10967e-05
8.97574e-05
0.000187336
0.000374457
0.000718259
0.00132453
0.00235233
0.00402984
0.00666953
0.0106793
0.0165663
0.0249293
0.0364366
0.0517885
0.0716648
0.0966607
0.127218
0.163563
0.205648
0.253129
0.305353
0.361392
0.42009
0.480141
0.540179
0.598869
0.654995
0.707525
0.755665
0.79888
0.83689
0.869652
0.897317
0.92018
0.93862
0.953045
0.963831
0.971277
0.975563
0.976721
0.974627
0.969003
0.959442
0.945451
0.926512
0.902152
0.872018
0.835953
0.794049
0.746684
0.694533
0.638539
0.579869
0.519835
0.459807
0.401122
0.345
0.29247
0.244326
0.201102
0.163068
0.130258
0.102495
0.0794456
0.0606616
0.0456309
0.033817
0.0246933
0.0177679
0.0125996
0.00880622
0.00606727
0.00412123
0.00276026
0.00182316
0.00118773
0.000763287
0.000483956
0.000302786
0.000186957
