VARIABLEs = X,u
ZONE I=101
datapacking=block
0
0.01
0.02
0.03
0.04
0.05
0.06
0.07
0.08
0.09
0.1
0.11
0.12
0.13
0.14
0.15
0.16
0.17
0.18
0.19
0.2
0.21
0.22
0.23
0.24
0.25
0.26
0.27
0.28
0.29
0.3
0.31
0.32
0.33
0.34
0.35
0.36
0.37
0.38
0.39
0.4
0.41
0.42
0.43
0.44
0.45
0.46
0.47
0.48
0.49
0.5
0.51
0.52
0.53
0.54
0.55
0.56
0.57
0.58
0.59
0.6
0.61
0.62
0.63
0.64
0.65
0.66
0.67
0.68
0.69
0.7
0.71
0.72
0.73
0.74
0.75
0.76
0.77
0.78
0.79
0.8
0.81
0.82
0.83
0.84
0.85
0.86
0.87
0.88
0.89
0.9
0.91
0.92
0.93
0.94
0.95
0.96
0.97
0.98
0.99
1
0
1.21327e-21
6.00385e-20
1.48551e-18
2.45045e-17
3.0318e-16
3.00113e-15
2.47592e-14
1.75107e-13
1.08381e-12
5.96406e-12
2.95445e-11
1.33088e-10
5.49724e-10
2.09673e-09
7.42891e-09
2.45773e-08
7.62643e-08
2.22848e-07
6.15355e-07
1.61078e-06
4.00839e-06
9.50697e-06
2.1541e-05
4.67275e-05
9.7233e-05
0.000194438
0.000374288
0.000694661
0.00124487
0.00215703
0.00361861
0.0058846
0.00928742
0.0142418
0.0212421
0.0308493
0.0436663
0.0603016
0.0813224
0.107201
0.138261
0.174628
0.216191
0.262586
0.313195
0.367171
0.423486
0.480987
0.538477
0.594782
0.648821
0.699668
0.746589
0.789062
0.826783
0.859648
0.88772
0.911192
0.930334
0.945446
0.956807
0.964634
0.969049
0.970055
0.967527
0.961226
0.950816
0.935907
0.916106
0.891077
0.860601
0.824629
0.78333
0.737109
0.686613
0.632709
0.576441
0.518968
0.461496
0.405201
0.351166
0.300317
0.253386
0.21089
0.173119
0.140157
0.111905
0.088113
0.0684209
0.0523972
0.0395748
0.0294814
0.0216635
0.0157035
0.0112304
0.00792447
0.00551781
0.00379172
0.00257176
0.00172187
