VARIABLEs = X,u
ZONE I=101
datapacking=block
0
0.01
0.02
0.03
0.04
0.05
0.06
0.07
0.08
0.09
0.1
0.11
0.12
0.13
0.14
0.15
0.16
0.17
0.18
0.19
0.2
0.21
0.22
0.23
0.24
0.25
0.26
0.27
0.28
0.29
0.3
0.31
0.32
0.33
0.34
0.35
0.36
0.37
0.38
0.39
0.4
0.41
0.42
0.43
0.44
0.45
0.46
0.47
0.48
0.49
0.5
0.51
0.52
0.53
0.54
0.55
0.56
0.57
0.58
0.59
0.6
0.61
0.62
0.63
0.64
0.65
0.66
0.67
0.68
0.69
0.7
0.71
0.72
0.73
0.74
0.75
0.76
0.77
0.78
0.79
0.8
0.81
0.82
0.83
0.84
0.85
0.86
0.87
0.88
0.89
0.9
0.91
0.92
0.93
0.94
0.95
0.96
0.97
0.98
0.99
1
0
1.59789e-26
9.71487e-25
2.95306e-23
5.98408e-22
9.09436e-21
1.10569e-19
1.12024e-18
9.72871e-18
7.39303e-17
4.99415e-16
3.03651e-15
1.67855e-14
8.50659e-14
3.97989e-13
1.72929e-12
7.01422e-12
2.66776e-11
9.55175e-11
3.23074e-10
1.03552e-09
3.15406e-09
9.15241e-09
2.53602e-08
6.72413e-08
1.70931e-07
4.17325e-07
9.80195e-07
2.21816e-06
4.84317e-06
1.02164e-05
2.08464e-05
4.11944e-05
7.89209e-05
0.000146737
0.00026504
0.000465485
0.000795628
0.00132462
0.00214981
0.00340388
0.00526187
0.00794716
0.0117353
0.0169544
0.0239808
0.0332294
0.0451373
0.0601417
0.0786526
0.101022
0.127511
0.158262
0.193273
0.232379
0.275249
0.321389
0.37016
0.420806
0.472491
0.524341
0.575484
0.625101
0.67245
0.716904
0.757963
0.795261
0.828563
0.857749
0.882793
0.903735
0.920649
0.933619
0.942705
0.947929
0.94926
0.94661
0.939846
0.928798
0.913292
0.893176
0.868356
0.838826
0.804698
0.766222
0.723797
0.677967
0.629409
0.578907
0.527318
0.475529
0.424418
0.374809
0.32744
0.28293
0.24176
0.204266
0.170637
0.140924
0.115055
0.0928605
