VARIABLEs = X,u
ZONE I=101
datapacking=block
0
0.01
0.02
0.03
0.04
0.05
0.06
0.07
0.08
0.09
0.1
0.11
0.12
0.13
0.14
0.15
0.16
0.17
0.18
0.19
0.2
0.21
0.22
0.23
0.24
0.25
0.26
0.27
0.28
0.29
0.3
0.31
0.32
0.33
0.34
0.35
0.36
0.37
0.38
0.39
0.4
0.41
0.42
0.43
0.44
0.45
0.46
0.47
0.48
0.49
0.5
0.51
0.52
0.53
0.54
0.55
0.56
0.57
0.58
0.59
0.6
0.61
0.62
0.63
0.64
0.65
0.66
0.67
0.68
0.69
0.7
0.71
0.72
0.73
0.74
0.75
0.76
0.77
0.78
0.79
0.8
0.81
0.82
0.83
0.84
0.85
0.86
0.87
0.88
0.89
0.9
0.91
0.92
0.93
0.94
0.95
0.96
0.97
0.98
0.99
1
0
1.32084e-24
7.44343e-23
2.09724e-21
3.93934e-20
5.54957e-19
6.2545e-18
5.87437e-17
4.72942e-16
3.33193e-15
2.08678e-14
1.17639e-13
6.02974e-13
2.83355e-12
1.22938e-11
4.95399e-11
1.86367e-10
6.57472e-10
2.18369e-09
6.85224e-09
2.03778e-08
5.75949e-08
1.55102e-07
3.989e-07
9.81828e-07
2.31727e-06
5.25363e-06
1.14605e-05
2.40921e-05
4.88759e-05
9.58171e-05
0.000181746
0.000333945
0.000595052
0.00102936
0.00173039
0.00282948
0.00450454
0.00698806
0.0105729
0.0156142
0.0225257
0.031769
0.0438353
0.0592191
0.078385
0.101731
0.129547
0.161983
0.199016
0.240432
0.285822
0.334589
0.385976
0.439099
0.493
0.546694
0.599225
0.649712
0.697392
0.741648
0.782019
0.818208
0.850065
0.877568
0.900788
0.919858
0.934932
0.94615
0.95361
0.957343
0.957304
0.953368
0.945344
0.932997
0.916082
0.894382
0.867754
0.836164
0.799727
0.758725
0.713619
0.665044
0.613786
0.560747
0.5069
0.45324
0.400726
0.350241
0.302545
0.258248
0.217794
0.181455
0.149338
0.121402
0.0974808
0.077312
0.0605635
0.0468621
0.0358173
0.0270423
