VARIABLEs = X,u
ZONE I=101
datapacking=block
0
0.01
0.02
0.03
0.04
0.05
0.06
0.07
0.08
0.09
0.1
0.11
0.12
0.13
0.14
0.15
0.16
0.17
0.18
0.19
0.2
0.21
0.22
0.23
0.24
0.25
0.26
0.27
0.28
0.29
0.3
0.31
0.32
0.33
0.34
0.35
0.36
0.37
0.38
0.39
0.4
0.41
0.42
0.43
0.44
0.45
0.46
0.47
0.48
0.49
0.5
0.51
0.52
0.53
0.54
0.55
0.56
0.57
0.58
0.59
0.6
0.61
0.62
0.63
0.64
0.65
0.66
0.67
0.68
0.69
0.7
0.71
0.72
0.73
0.74
0.75
0.76
0.77
0.78
0.79
0.8
0.81
0.82
0.83
0.84
0.85
0.86
0.87
0.88
0.89
0.9
0.91
0.92
0.93
0.94
0.95
0.96
0.97
0.98
0.99
1
0
3.27533e-23
1.73989e-21
4.62118e-20
8.18261e-19
1.08668e-17
1.15458e-16
1.02233e-15
7.75987e-15
5.15437e-14
3.04373e-13
1.61791e-12
7.81979e-12
3.46535e-11
1.41791e-10
5.38881e-10
1.91212e-09
6.36304e-09
1.9937e-08
5.90229e-08
1.65619e-07
4.41725e-07
1.12267e-06
2.72533e-06
6.3325e-06
1.41113e-05
3.02114e-05
6.22467e-05
0.000123615
0.000236956
0.000439028
0.000787226
0.00136776
0.00230527
0.00377314
0.00600348
0.00929506
0.0140173
0.020608
0.0295635
0.0414188
0.0567191
0.0759819
0.099654
0.128066
0.161389
0.199602
0.242466
0.289523
0.340104
0.393363
0.448316
0.503906
0.559056
0.612738
0.664019
0.712112
0.756403
0.79646
0.832034
0.863041
0.889533
0.911657
0.929617
0.943631
0.953885
0.960508
0.96354
0.962925
0.958506
0.950047
0.937251
0.919811
0.897447
0.86996
0.837283
0.799516
0.756954
0.710101
0.659654
0.606484
0.551588
0.496034
0.440905
0.387234
0.335954
0.287849
0.24353
0.203414
0.167728
0.136519
0.10968
0.0869752
0.0680772
0.0525961
0.0401113
0.030197
0.0224425
0.0164672
0.0119301
0.00853456
