VARIABLEs = X,u
ZONE I=101
datapacking=block
0
0.01
0.02
0.03
0.04
0.05
0.06
0.07
0.08
0.09
0.1
0.11
0.12
0.13
0.14
0.15
0.16
0.17
0.18
0.19
0.2
0.21
0.22
0.23
0.24
0.25
0.26
0.27
0.28
0.29
0.3
0.31
0.32
0.33
0.34
0.35
0.36
0.37
0.38
0.39
0.4
0.41
0.42
0.43
0.44
0.45
0.46
0.47
0.48
0.49
0.5
0.51
0.52
0.53
0.54
0.55
0.56
0.57
0.58
0.59
0.6
0.61
0.62
0.63
0.64
0.65
0.66
0.67
0.68
0.69
0.7
0.71
0.72
0.73
0.74
0.75
0.76
0.77
0.78
0.79
0.8
0.81
0.82
0.83
0.84
0.85
0.86
0.87
0.88
0.89
0.9
0.91
0.92
0.93
0.94
0.95
0.96
0.97
0.98
0.99
1
0
1.66481e-18
7.02751e-17
1.48337e-15
2.08768e-14
2.20401e-13
1.86186e-12
1.31102e-11
7.91513e-11
4.18281e-10
1.96563e-09
8.31718e-09
3.20098e-08
1.12993e-07
3.68415e-07
1.11622e-06
3.15892e-06
8.38835e-06
2.09845e-05
4.96309e-05
0.000111332
0.00023755
0.000483387
0.000940325
0.00175252
0.0031357
0.00539658
0.00894923
0.014324
0.0221634
0.0332018
0.0482239
0.0680053
0.0932364
0.12444
0.16189
0.20555
0.25503
0.309588
0.368158
0.42942
0.491894
0.554049
0.614412
0.671673
0.724757
0.772876
0.815544
0.852572
0.884026
0.910179
0.931446
0.948319
0.961298
0.970833
0.977272
0.980819
0.981501
0.97916
0.973458
0.963899
0.949885
0.930779
0.905994
0.875079
0.837814
0.79427
0.744862
0.690348
0.631805
0.570558
0.508094
0.445945
0.385584
0.328324
0.27524
0.22712
0.184447
0.147407
0.115924
0.0897096
0.068316
0.0511976
0.0377619
0.0274144
0.0195918
0.0137847
0.00955008
0.00651582
0.00437876
0.00289883
0.00189085
0.00121541
0.000770018
0.000480906
0.000296127
0.000179816
0.000107693
6.36248e-05
3.70869e-05
2.13326e-05
