VARIABLEs = X,u
ZONE I=101
datapacking=block
0
0.01
0.02
0.03
0.04
0.05
0.06
0.07
0.08
0.09
0.1
0.11
0.12
0.13
0.14
0.15
0.16
0.17
0.18
0.19
0.2
0.21
0.22
0.23
0.24
0.25
0.26
0.27
0.28
0.29
0.3
0.31
0.32
0.33
0.34
0.35
0.36
0.37
0.38
0.39
0.4
0.41
0.42
0.43
0.44
0.45
0.46
0.47
0.48
0.49
0.5
0.51
0.52
0.53
0.54
0.55
0.56
0.57
0.58
0.59
0.6
0.61
0.62
0.63
0.64
0.65
0.66
0.67
0.68
0.69
0.7
0.71
0.72
0.73
0.74
0.75
0.76
0.77
0.78
0.79
0.8
0.81
0.82
0.83
0.84
0.85
0.86
0.87
0.88
0.89
0.9
0.91
0.92
0.93
0.94
0.95
0.96
0.97
0.98
0.99
1
0
1.23841e-17
4.97742e-16
1.00039e-14
1.34066e-13
1.34779e-12
1.08426e-11
7.27106e-11
4.18097e-10
2.10451e-09
9.42067e-09
3.79747e-08
1.39246e-07
4.68363e-07
1.4553e-06
4.20249e-06
1.13372e-05
2.87027e-05
6.84707e-05
0.000154456
0.000330534
0.000672978
0.0013071
0.00242766
0.0043213
0.00738732
0.012152
0.0192702
0.0295087
0.043707
0.0627145
0.0873086
0.118101
0.155443
0.199353
0.249463
0.305008
0.364866
0.427624
0.491689
0.555409
0.617202
0.675664
0.729658
0.778368
0.821312
0.85833
0.889542
0.915283
0.93604
0.952372
0.964845
0.973965
0.980127
0.98357
0.984341
0.982287
0.97705
0.968093
0.954754
0.936313
0.912086
0.881528
0.844332
0.800513
0.750459
0.694946
0.635108
0.572361
0.508303
0.444587
0.382796
0.324335
0.270341
0.22163
0.178684
0.141658
0.11043
0.0846482
0.0638054
0.0472972
0.0344822
0.0247279
0.0174449
0.012109
0.0082712
0.00556066
0.00368008
0.00239794
0.00153868
0.000972455
0.000605456
0.000371422
0.000224548
0.000133809
7.86103e-05
4.55377e-05
2.6016e-05
1.4661e-05
8.15124e-06
4.47192e-06
