VARIABLEs = X,u
ZONE I=101
datapacking=block
0
0.01
0.02
0.03
0.04
0.05
0.06
0.07
0.08
0.09
0.1
0.11
0.12
0.13
0.14
0.15
0.16
0.17
0.18
0.19
0.2
0.21
0.22
0.23
0.24
0.25
0.26
0.27
0.28
0.29
0.3
0.31
0.32
0.33
0.34
0.35
0.36
0.37
0.38
0.39
0.4
0.41
0.42
0.43
0.44
0.45
0.46
0.47
0.48
0.49
0.5
0.51
0.52
0.53
0.54
0.55
0.56
0.57
0.58
0.59
0.6
0.61
0.62
0.63
0.64
0.65
0.66
0.67
0.68
0.69
0.7
0.71
0.72
0.73
0.74
0.75
0.76
0.77
0.78
0.79
0.8
0.81
0.82
0.83
0.84
0.85
0.86
0.87
0.88
0.89
0.9
0.91
0.92
0.93
0.94
0.95
0.96
0.97
0.98
0.99
1
0
5.2033e-11
1.29242e-09
1.60643e-08
1.33248e-07
8.29918e-07
4.14086e-06
1.72444e-05
6.16653e-05
0.000193345
0.00054011
0.0013615
0.00312934
0.00661538
0.0129579
0.0236688
0.0405444
0.0654624
0.10008
0.14549
0.201908
0.268483
0.343291
0.423518
0.50581
0.586698
0.663023
0.732274
0.792783
0.843769
0.885254
0.91789
0.94274
0.961075
0.974196
0.983312
0.989464
0.993493
0.996032
0.997509
0.998139
0.997896
0.996462
0.993164
0.986926
0.976271
0.959425
0.934522
0.899912
0.854506
0.798091
0.731517
0.656709
0.576481
0.49419
0.413302
0.336977
0.267726
0.207217
0.156231
0.114746
0.0821099
0.0572597
0.0389249
0.0258037
0.016687
0.0105316
0.00648952
0.00390594
0.00229734
0.001321
0.000742932
0.000408844
0.00022025
0.000116201
6.00646e-05
3.04315e-05
1.51181e-05
7.36735e-06
3.52316e-06
1.65395e-06
7.62495e-07
3.4533e-07
1.53696e-07
6.72462e-08
2.8933e-08
1.22455e-08
5.09978e-09
2.09051e-09
8.43729e-10
3.35375e-10
1.31328e-10
5.06754e-11
1.92738e-11
7.22738e-12
2.67267e-12
9.74914e-13
3.50872e-13
1.24622e-13
4.36916e-14
1.51237e-14
