VARIABLEs = X,u
ZONE I=101
datapacking=block
0
0.01
0.02
0.03
0.04
0.05
0.06
0.07
0.08
0.09
0.1
0.11
0.12
0.13
0.14
0.15
0.16
0.17
0.18
0.19
0.2
0.21
0.22
0.23
0.24
0.25
0.26
0.27
0.28
0.29
0.3
0.31
0.32
0.33
0.34
0.35
0.36
0.37
0.38
0.39
0.4
0.41
0.42
0.43
0.44
0.45
0.46
0.47
0.48
0.49
0.5
0.51
0.52
0.53
0.54
0.55
0.56
0.57
0.58
0.59
0.6
0.61
0.62
0.63
0.64
0.65
0.66
0.67
0.68
0.69
0.7
0.71
0.72
0.73
0.74
0.75
0.76
0.77
0.78
0.79
0.8
0.81
0.82
0.83
0.84
0.85
0.86
0.87
0.88
0.89
0.9
0.91
0.92
0.93
0.94
0.95
0.96
0.97
0.98
0.99
1
0
0.0269958
0.125163
0.302656
0.515739
0.707119
0.844503
0.926742
0.969031
0.988129
0.995834
0.99865
0.999593
0.999885
0.999969
0.999992
0.999998
1
1
1
1
1
1
1
1
1
1
1
1
1
1
0.973004
0.874837
0.697344
0.484261
0.292881
0.155497
0.0732578
0.0309691
0.0118715
0.00416597
0.00134974
0.000406797
0.000114813
3.05246e-05
7.68467e-06
1.84049e-06
4.21088e-07
9.23729e-08
1.94933e-08
3.96898e-09
7.81779e-10
1.49329e-10
2.77203e-11
5.01072e-12
8.83533e-13
1.52219e-13
2.56614e-14
4.23877e-15
6.86883e-16
1.0932e-16
1.71057e-17
2.63404e-18
3.99505e-19
5.97305e-20
8.80985e-21
1.28275e-21
1.845e-22
2.62297e-23
3.68785e-24
5.13054e-25
7.06601e-26
9.63836e-27
1.30267e-27
1.74518e-28
2.31838e-29
3.05504e-30
3.99468e-31
5.18459e-32
6.681e-33
8.55033e-34
1.08705e-34
1.37326e-35
1.72422e-36
2.1521e-37
2.67088e-38
3.29651e-39
4.0471e-40
4.94314e-41
6.00763e-42
7.26635e-43
8.74799e-44
1.04844e-44
1.25108e-45
1.48658e-46
1.75917e-47
2.07348e-48
2.43453e-49
2.84773e-50
3.31896e-51
3.85449e-52
