VARIABLEs = X,u
ZONE I=101
datapacking=block
0
0.01
0.02
0.03
0.04
0.05
0.06
0.07
0.08
0.09
0.1
0.11
0.12
0.13
0.14
0.15
0.16
0.17
0.18
0.19
0.2
0.21
0.22
0.23
0.24
0.25
0.26
0.27
0.28
0.29
0.3
0.31
0.32
0.33
0.34
0.35
0.36
0.37
0.38
0.39
0.4
0.41
0.42
0.43
0.44
0.45
0.46
0.47
0.48
0.49
0.5
0.51
0.52
0.53
0.54
0.55
0.56
0.57
0.58
0.59
0.6
0.61
0.62
0.63
0.64
0.65
0.66
0.67
0.68
0.69
0.7
0.71
0.72
0.73
0.74
0.75
0.76
0.77
0.78
0.79
0.8
0.81
0.82
0.83
0.84
0.85
0.86
0.87
0.88
0.89
0.9
0.91
0.92
0.93
0.94
0.95
0.96
0.97
0.98
0.99
1
0
8.81637e-06
0.000112119
0.000716285
0.0030682
0.00992506
0.0258971
0.0568656
0.108282
0.182915
0.279144
0.39075
0.508379
0.621996
0.723288
0.807147
0.871959
0.918936
0.950999
0.97168
0.984328
0.991684
0.995762
0.997923
0.999019
0.999553
0.999804
0.999916
0.999966
0.999986
0.999995
0.999989
0.999887
0.999283
0.996932
0.990075
0.974103
0.943134
0.891718
0.817085
0.720856
0.60925
0.491621
0.378004
0.276712
0.192853
0.128041
0.0810643
0.0490014
0.0283198
0.0156717
0.00831637
0.00423833
0.00207747
0.000980783
0.000446587
0.000196386
8.35089e-05
3.43797e-05
1.37189e-05
5.31207e-06
1.99798e-06
7.30702e-07
2.6009e-07
9.01855e-08
3.04902e-08
1.00589e-08
3.24085e-09
1.02049e-09
3.14279e-10
9.47287e-11
2.79637e-11
8.08964e-12
2.29483e-12
6.3872e-13
1.74523e-13
4.68394e-14
1.2354e-14
3.20374e-15
8.17274e-16
2.0518e-16
5.07169e-17
1.23482e-17
2.96252e-18
7.00648e-19
1.63411e-19
3.7598e-20
8.53692e-21
1.91354e-21
4.23563e-22
9.2614e-23
2.00099e-23
4.27321e-24
9.02244e-25
1.88397e-25
3.89154e-26
7.9538e-27
1.60895e-27
3.22204e-28
6.38908e-29
1.25477e-29
