VARIABLEs = X,u
ZONE I=101
datapacking=block
0
0.01
0.02
0.03
0.04
0.05
0.06
0.07
0.08
0.09
0.1
0.11
0.12
0.13
0.14
0.15
0.16
0.17
0.18
0.19
0.2
0.21
0.22
0.23
0.24
0.25
0.26
0.27
0.28
0.29
0.3
0.31
0.32
0.33
0.34
0.35
0.36
0.37
0.38
0.39
0.4
0.41
0.42
0.43
0.44
0.45
0.46
0.47
0.48
0.49
0.5
0.51
0.52
0.53
0.54
0.55
0.56
0.57
0.58
0.59
0.6
0.61
0.62
0.63
0.64
0.65
0.66
0.67
0.68
0.69
0.7
0.71
0.72
0.73
0.74
0.75
0.76
0.77
0.78
0.79
0.8
0.81
0.82
0.83
0.84
0.85
0.86
0.87
0.88
0.89
0.9
0.91
0.92
0.93
0.94
0.95
0.96
0.97
0.98
0.99
1
0
2.82082e-13
8.48809e-12
1.27765e-10
1.28281e-09
9.66627e-09
5.83143e-08
2.93421e-07
1.26677e-06
4.79078e-06
1.61259e-05
4.89232e-05
0.000135151
0.000342868
0.000804552
0.00175703
0.00359035
0.00689736
0.0125099
0.0215032
0.0351515
0.0548233
0.0818207
0.11718
0.161468
0.214621
0.275853
0.34367
0.415992
0.490359
0.564189
0.635041
0.700842
0.760044
0.811698
0.855444
0.891438
0.920233
0.942651
0.959645
0.972192
0.981209
0.987486
0.991647
0.994116
0.995086
0.994485
0.991952
0.986815
0.978108
0.964629
0.945055
0.918113
0.882785
0.838513
0.785369
0.724142
0.656328
0.584007
0.50964
0.435811
0.364959
0.299158
0.239956
0.188302
0.144556
0.108562
0.0797662
0.0573476
0.0403504
0.0277916
0.0187422
0.012379
0.00801006
0.00507924
0.00315724
0.00192442
0.00115056
0.000674953
0.000388624
0.000219691
0.000121971
6.65263e-05
3.56577e-05
1.87874e-05
9.73324e-06
4.95964e-06
2.48637e-06
1.22666e-06
5.95716e-07
2.84857e-07
1.34153e-07
6.22391e-08
2.84529e-08
1.28201e-08
5.6946e-09
2.49424e-09
1.07749e-09
4.59185e-10
1.93086e-10
8.01294e-11
