VARIABLEs = X,u
ZONE I=101
datapacking=block
0
0.01
0.02
0.03
0.04
0.05
0.06
0.07
0.08
0.09
0.1
0.11
0.12
0.13
0.14
0.15
0.16
0.17
0.18
0.19
0.2
0.21
0.22
0.23
0.24
0.25
0.26
0.27
0.28
0.29
0.3
0.31
0.32
0.33
0.34
0.35
0.36
0.37
0.38
0.39
0.4
0.41
0.42
0.43
0.44
0.45
0.46
0.47
0.48
0.49
0.5
0.51
0.52
0.53
0.54
0.55
0.56
0.57
0.58
0.59
0.6
0.61
0.62
0.63
0.64
0.65
0.66
0.67
0.68
0.69
0.7
0.71
0.72
0.73
0.74
0.75
0.76
0.77
0.78
0.79
0.8
0.81
0.82
0.83
0.84
0.85
0.86
0.87
0.88
0.89
0.9
0.91
0.92
0.93
0.94
0.95
0.96
0.97
0.98
0.99
1
0
3.79204e-14
1.21767e-12
1.95574e-11
2.09504e-10
1.68408e-09
1.08365e-08
5.81495e-08
2.67676e-07
1.07916e-06
3.87135e-06
1.2514e-05
3.68221e-05
9.94657e-05
0.000248422
0.000577183
0.00125416
0.0025606
0.00493265
0.00899897
0.0156009
0.0257808
0.0407266
0.0616674
0.0897263
0.12575
0.170141
0.222732
0.282723
0.348704
0.418765
0.490676
0.5621
0.630823
0.694945
0.753014
0.804102
0.847802
0.884176
0.913659
0.936943
0.954871
0.968328
0.978157
0.9851
0.989741
0.992471
0.993449
0.992577
0.989475
0.983481
0.973677
0.958958
0.938153
0.910173
0.874195
0.829829
0.777252
0.717269
0.651292
0.581232
0.509323
0.437899
0.369176
0.305055
0.246986
0.195898
0.152198
0.115823
0.0863403
0.0630529
0.0451163
0.0316356
0.0217432
0.0146512
0.00968138
0.00627515
0.00399071
0.00249078
0.00152616
0.000918263
0.000542695
0.00031513
0.000179841
0.000100895
5.56616e-05
3.02037e-05
1.6125e-05
8.47199e-06
4.38157e-06
2.23121e-06
1.11899e-06
5.52828e-07
2.69113e-07
1.29111e-07
6.1062e-08
2.84745e-08
1.30952e-08
5.94064e-09
2.65893e-09
1.17442e-09
