VARIABLEs = X,u
ZONE I=101
datapacking=block
0
0.01
0.02
0.03
0.04
0.05
0.06
0.07
0.08
0.09
0.1
0.11
0.12
0.13
0.14
0.15
0.16
0.17
0.18
0.19
0.2
0.21
0.22
0.23
0.24
0.25
0.26
0.27
0.28
0.29
0.3
0.31
0.32
0.33
0.34
0.35
0.36
0.37
0.38
0.39
0.4
0.41
0.42
0.43
0.44
0.45
0.46
0.47
0.48
0.49
0.5
0.51
0.52
0.53
0.54
0.55
0.56
0.57
0.58
0.59
0.6
0.61
0.62
0.63
0.64
0.65
0.66
0.67
0.68
0.69
0.7
0.71
0.72
0.73
0.74
0.75
0.76
0.77
0.78
0.79
0.8
0.81
0.82
0.83
0.84
0.85
0.86
0.87
0.88
0.89
0.9
0.91
0.92
0.93
0.94
0.95
0.96
0.97
0.98
0.99
1
0
7.77284e-11
1.89924e-09
2.32238e-08
1.89519e-07
1.16136e-06
5.70155e-06
2.33644e-05
8.22223e-05
0.000253728
0.000697679
0.00173136
0.00391821
0.00815701
0.0157377
0.0283214
0.0478098
0.0760956
0.114723
0.16453
0.225356
0.295913
0.373848
0.456008
0.538851
0.618899
0.693151
0.759379
0.816268
0.863393
0.90109
0.930245
0.952071
0.967903
0.979043
0.986653
0.9917
0.994945
0.996936
0.99802
0.998325
0.997728
0.995789
0.991688
0.984182
0.971638
0.95217
0.923894
0.885272
0.835468
0.774643
0.704086
0.626152
0.543992
0.461149
0.381101
0.306849
0.240621
0.183732
0.136607
0.0989097
0.0697548
0.0479291
0.0320967
0.0209566
0.0133463
0.00829406
0.00503191
0.00298164
0.00172636
0.000977148
0.000540928
0.000292997
0.000155355
8.06698e-05
4.104e-05
2.04642e-05
1.00058e-05
4.79895e-06
2.25866e-06
1.04359e-06
4.7352e-07
2.11075e-07
9.2464e-08
3.98196e-08
1.68636e-08
7.02543e-09
2.88006e-09
1.16216e-09
4.6174e-10
1.80684e-10
6.96553e-11
2.64618e-11
9.90906e-12
3.65851e-12
1.33212e-12
4.78476e-13
1.69573e-13
5.93105e-14
2.0478e-14
6.98102e-15
