VARIABLEs = X,u
ZONE I=101
datapacking=block
0
0.01
0.02
0.03
0.04
0.05
0.06
0.07
0.08
0.09
0.1
0.11
0.12
0.13
0.14
0.15
0.16
0.17
0.18
0.19
0.2
0.21
0.22
0.23
0.24
0.25
0.26
0.27
0.28
0.29
0.3
0.31
0.32
0.33
0.34
0.35
0.36
0.37
0.38
0.39
0.4
0.41
0.42
0.43
0.44
0.45
0.46
0.47
0.48
0.49
0.5
0.51
0.52
0.53
0.54
0.55
0.56
0.57
0.58
0.59
0.6
0.61
0.62
0.63
0.64
0.65
0.66
0.67
0.68
0.69
0.7
0.71
0.72
0.73
0.74
0.75
0.76
0.77
0.78
0.79
0.8
0.81
0.82
0.83
0.84
0.85
0.86
0.87
0.88
0.89
0.9
0.91
0.92
0.93
0.94
0.95
0.96
0.97
0.98
0.99
1
0
7.13979e-08
1.25415e-06
1.10387e-05
6.49404e-05
0.000287402
0.00102118
0.00303624
0.00777532
0.0175201
0.0353188
0.0645586
0.108203
0.167891
0.24321
0.331436
0.427866
0.526659
0.621909
0.708638
0.783457
0.84478
0.892659
0.92835
0.953809
0.971218
0.982654
0.98988
0.99428
0.996865
0.998332
0.999139
0.999566
0.999778
0.999835
0.999666
0.998958
0.996955
0.992221
0.982478
0.964681
0.935441
0.891797
0.832109
0.75679
0.668564
0.572134
0.473341
0.378091
0.291362
0.216543
0.15522
0.107341
0.07165
0.0461915
0.0287815
0.0173463
0.0101203
0.0057204
0.00313524
0.00166756
0.000861418
0.000432526
0.000211259
0.00010045
4.653e-05
2.10124e-05
9.25705e-06
3.9812e-06
1.67254e-06
6.86793e-07
2.75819e-07
1.08397e-07
4.17109e-08
1.57235e-08
5.80954e-09
2.10495e-09
7.48273e-10
2.61093e-10
8.94631e-11
3.01157e-11
9.96375e-12
3.24123e-12
1.03711e-12
3.26535e-13
1.01201e-13
3.08847e-14
9.2844e-15
2.75018e-15
8.02983e-16
2.31165e-16
6.56361e-17
1.83863e-17
5.08276e-18
1.38701e-18
3.73724e-19
9.94549e-20
2.61466e-20
6.79245e-21
1.74406e-21
4.42713e-22
