VARIABLEs = X,u
ZONE I=101
datapacking=block
0
0.01
0.02
0.03
0.04
0.05
0.06
0.07
0.08
0.09
0.1
0.11
0.12
0.13
0.14
0.15
0.16
0.17
0.18
0.19
0.2
0.21
0.22
0.23
0.24
0.25
0.26
0.27
0.28
0.29
0.3
0.31
0.32
0.33
0.34
0.35
0.36
0.37
0.38
0.39
0.4
0.41
0.42
0.43
0.44
0.45
0.46
0.47
0.48
0.49
0.5
0.51
0.52
0.53
0.54
0.55
0.56
0.57
0.58
0.59
0.6
0.61
0.62
0.63
0.64
0.65
0.66
0.67
0.68
0.69
0.7
0.71
0.72
0.73
0.74
0.75
0.76
0.77
0.78
0.79
0.8
0.81
0.82
0.83
0.84
0.85
0.86
0.87
0.88
0.89
0.9
0.91
0.92
0.93
0.94
0.95
0.96
0.97
0.98
0.99
1
0
2.014e-20
9.39665e-19
2.19216e-17
3.40962e-16
3.97781e-15
3.71302e-14
2.88867e-13
1.92667e-12
1.12467e-11
5.83721e-11
2.72749e-10
1.15899e-09
4.51629e-09
1.62522e-08
5.43342e-08
1.69632e-07
4.9679e-07
1.37024e-06
3.572e-06
8.82853e-06
2.07474e-05
4.64793e-05
9.94937e-05
0.000203944
0.000401114
0.000758346
0.00138055
0.00242393
0.00411076
0.00674336
0.0107144
0.0165101
0.0247034
0.0359336
0.0508716
0.0701717
0.0944122
0.124032
0.159269
0.200111
0.246262
0.297137
0.351883
0.40942
0.468516
0.527861
0.586162
0.642216
0.694988
0.743655
0.787635
0.826594
0.860424
0.889215
0.913206
0.932729
0.948156
0.959844
0.968082
0.973057
0.974821
0.973278
0.968187
0.959186
0.945824
0.927621
0.904134
0.875023
0.840124
0.799505
0.753498
0.702714
0.648027
0.590526
0.531452
0.47212
0.413827
0.357776
0.305005
0.256334
0.212343
0.173359
0.139476
0.110581
0.0863929
0.0665127
0.0504632
0.0377325
0.0278073
0.0201997
0.014465
0.0102123
0.00710915
0.00488037
0.00330434
0.00220686
0.00145406
0.000945293
0.000606444
0.000383988
