VARIABLEs = X,u
ZONE I=101
datapacking=block
0
0.01
0.02
0.03
0.04
0.05
0.06
0.07
0.08
0.09
0.1
0.11
0.12
0.13
0.14
0.15
0.16
0.17
0.18
0.19
0.2
0.21
0.22
0.23
0.24
0.25
0.26
0.27
0.28
0.29
0.3
0.31
0.32
0.33
0.34
0.35
0.36
0.37
0.38
0.39
0.4
0.41
0.42
0.43
0.44
0.45
0.46
0.47
0.48
0.49
0.5
0.51
0.52
0.53
0.54
0.55
0.56
0.57
0.58
0.59
0.6
0.61
0.62
0.63
0.64
0.65
0.66
0.67
0.68
0.69
0.7
0.71
0.72
0.73
0.74
0.75
0.76
0.77
0.78
0.79
0.8
0.81
0.82
0.83
0.84
0.85
0.86
0.87
0.88
0.89
0.9
0.91
0.92
0.93
0.94
0.95
0.96
0.97
0.98
0.99
1
0
1.40468e-12
3.99978e-11
5.69776e-10
5.41461e-09
3.86215e-08
2.20585e-07
1.05098e-06
4.29717e-06
1.53946e-05
4.90986e-05
0.000141176
0.000369746
0.000889614
0.00198058
0.00410563
0.00796745
0.0145445
0.0250834
0.0410278
0.063874
0.0949652
0.135253
0.185075
0.244
0.310775
0.383414
0.459384
0.535892
0.610186
0.679843
0.742977
0.798356
0.845417
0.884202
0.915231
0.939348
0.957576
0.970981
0.980574
0.987247
0.991721
0.994526
0.995976
0.996133
0.994782
0.991389
0.985091
0.974714
0.958861
0.936067
0.905004
0.864731
0.814916
0.755996
0.689223
0.616585
0.540615
0.464108
0.389814
0.320157
0.257023
0.201644
0.154583
0.115798
0.0847693
0.0606517
0.0424231
0.0290151
0.0194102
0.0127043
0.00813814
0.00510385
0.00313485
0.00188639
0.00111248
0.000643206
0.000364717
0.000202889
0.000110765
5.93658e-05
3.12464e-05
1.6156e-05
8.20873e-06
4.09978e-06
2.01335e-06
9.72477e-07
4.62135e-07
2.16127e-07
9.94997e-08
4.51049e-08
2.01386e-08
8.85828e-09
3.83968e-09
1.64049e-09
6.91011e-10
2.87035e-10
1.17604e-10
4.75381e-11
1.89623e-11
7.46551e-12
