VARIABLEs = X,u
ZONE I=101
datapacking=block
0
0.01
0.02
0.03
0.04
0.05
0.06
0.07
0.08
0.09
0.1
0.11
0.12
0.13
0.14
0.15
0.16
0.17
0.18
0.19
0.2
0.21
0.22
0.23
0.24
0.25
0.26
0.27
0.28
0.29
0.3
0.31
0.32
0.33
0.34
0.35
0.36
0.37
0.38
0.39
0.4
0.41
0.42
0.43
0.44
0.45
0.46
0.47
0.48
0.49
0.5
0.51
0.52
0.53
0.54
0.55
0.56
0.57
0.58
0.59
0.6
0.61
0.62
0.63
0.64
0.65
0.66
0.67
0.68
0.69
0.7
0.71
0.72
0.73
0.74
0.75
0.76
0.77
0.78
0.79
0.8
0.81
0.82
0.83
0.84
0.85
0.86
0.87
0.88
0.89
0.9
0.91
0.92
0.93
0.94
0.95
0.96
0.97
0.98
0.99
1
0
2.05574e-16
7.681e-15
1.43522e-13
1.78828e-12
1.67164e-11
1.25053e-10
7.79916e-10
4.17124e-09
1.95314e-08
8.13433e-08
3.05114e-07
1.04125e-06
3.26023e-06
9.43208e-06
2.53663e-05
6.37482e-05
0.000150394
0.000334427
0.000703477
0.00140439
0.00266869
0.00484003
0.00839875
0.0139765
0.0223525
0.0344252
0.0511537
0.0734711
0.102177
0.137822
0.180602
0.230285
0.286175
0.347138
0.411676
0.478042
0.544391
0.608929
0.670053
0.72646
0.777215
0.821771
0.859956
0.891919
0.918061
0.938952
0.955249
0.96762
0.976672
0.982899
0.986626
0.987983
0.986869
0.982956
0.975691
0.964347
0.948088
0.926068
0.897547
0.862016
0.819304
0.769661
0.713795
0.652845
0.588315
0.521953
0.455606
0.39107
0.329946
0.27354
0.222785
0.178228
0.140041
0.108072
0.081914
0.0609845
0.0446003
0.0320455
0.0226241
0.0156971
0.010705
0.0071773
0.00473176
0.00306804
0.0019569
0.0012281
0.000758491
0.000461118
0.000276002
0.000162683
9.44481e-05
5.40205e-05
3.04458e-05
1.69118e-05
9.26051e-06
4.99974e-06
2.66204e-06
1.39804e-06
7.24348e-07
3.7032e-07
