VARIABLEs = X,u
ZONE I=101
datapacking=block
0
0.01
0.02
0.03
0.04
0.05
0.06
0.07
0.08
0.09
0.1
0.11
0.12
0.13
0.14
0.15
0.16
0.17
0.18
0.19
0.2
0.21
0.22
0.23
0.24
0.25
0.26
0.27
0.28
0.29
0.3
0.31
0.32
0.33
0.34
0.35
0.36
0.37
0.38
0.39
0.4
0.41
0.42
0.43
0.44
0.45
0.46
0.47
0.48
0.49
0.5
0.51
0.52
0.53
0.54
0.55
0.56
0.57
0.58
0.59
0.6
0.61
0.62
0.63
0.64
0.65
0.66
0.67
0.68
0.69
0.7
0.71
0.72
0.73
0.74
0.75
0.76
0.77
0.78
0.79
0.8
0.81
0.82
0.83
0.84
0.85
0.86
0.87
0.88
0.89
0.9
0.91
0.92
0.93
0.94
0.95
0.96
0.97
0.98
0.99
1
0
1.46776e-23
7.91551e-22
2.13434e-20
3.83667e-19
5.17266e-18
5.57931e-17
5.01524e-16
3.86449e-15
2.60583e-14
1.56209e-13
8.429e-13
4.13555e-12
1.86035e-11
7.72679e-11
2.98083e-10
1.07361e-09
3.62636e-09
1.15327e-08
3.46535e-08
9.86913e-08
2.67146e-07
6.89071e-07
1.69758e-06
4.00284e-06
9.05154e-06
1.9664e-05
4.11092e-05
8.28312e-05
0.000161088
0.000302784
0.000550751
0.00097062
0.00165923
0.0027542
0.00444386
0.00697635
0.0106661
0.0158961
0.0231133
0.0328162
0.0455336
0.0617937
0.0820868
0.106822
0.136284
0.170595
0.20968
0.253255
0.300822
0.351684
0.404979
0.459729
0.514889
0.569414
0.622309
0.672689
0.719811
0.763101
0.802165
0.836784
0.866893
0.892549
0.9139
0.931138
0.944462
0.954035
0.95996
0.962253
0.960836
0.955541
0.946125
0.932304
0.913787
0.890329
0.861772
0.828095
0.789447
0.74617
0.698804
0.648076
0.594867
0.540174
0.485049
0.430546
0.377659
0.327277
0.28014
0.236812
0.197671
0.162911
0.132556
0.10648
0.0844406
0.0661074
0.0510943
0.0389883
0.0293736
0.0218508
0.0160507
0.0116432
