VARIABLEs = X,u
ZONE I=101
datapacking=block
0
0.01
0.02
0.03
0.04
0.05
0.06
0.07
0.08
0.09
0.1
0.11
0.12
0.13
0.14
0.15
0.16
0.17
0.18
0.19
0.2
0.21
0.22
0.23
0.24
0.25
0.26
0.27
0.28
0.29
0.3
0.31
0.32
0.33
0.34
0.35
0.36
0.37
0.38
0.39
0.4
0.41
0.42
0.43
0.44
0.45
0.46
0.47
0.48
0.49
0.5
0.51
0.52
0.53
0.54
0.55
0.56
0.57
0.58
0.59
0.6
0.61
0.62
0.63
0.64
0.65
0.66
0.67
0.68
0.69
0.7
0.71
0.72
0.73
0.74
0.75
0.76
0.77
0.78
0.79
0.8
0.81
0.82
0.83
0.84
0.85
0.86
0.87
0.88
0.89
0.9
0.91
0.92
0.93
0.94
0.95
0.96
0.97
0.98
0.99
1
0
1.09183e-22
5.6676e-21
1.47098e-19
2.54525e-18
3.30316e-17
3.42959e-16
2.96764e-15
2.2013e-14
1.42894e-13
8.24644e-13
4.28395e-12
2.02361e-11
8.76455e-11
3.50506e-10
1.30201e-09
4.51573e-09
1.46888e-08
4.49886e-08
1.30198e-07
3.57155e-07
9.31281e-07
2.31413e-06
5.49272e-06
1.24797e-05
2.71946e-05
5.69391e-05
0.00011474
0.000222877
0.000417927
0.000757546
0.00132908
0.0022597
0.00372742
0.00597177
0.00930223
0.0141026
0.0208284
0.0299962
0.0421626
0.0578924
0.0777192
0.102098
0.131358
0.165658
0.204948
0.248953
0.297163
0.348856
0.403126
0.458937
0.515183
0.570756
0.624607
0.675802
0.723567
0.767314
0.80665
0.841371
0.871439
0.896952
0.918098
0.935113
0.948236
0.957668
0.963536
0.965871
0.964598
0.959534
0.950412
0.936908
0.918686
0.895447
0.866986
0.83324
0.794326
0.750576
0.702534
0.650952
0.596753
0.540988
0.48477
0.429214
0.375371
0.324176
0.2764
0.232626
0.193234
0.158405
0.128142
0.10229
0.0805732
0.0626276
0.0480366
0.0363604
0.027162
0.0200263
0.014574
0.0104698
0.0074253
0.00519941
