VARIABLEs = X,u
ZONE I=101
datapacking=block
0
0.01
0.02
0.03
0.04
0.05
0.06
0.07
0.08
0.09
0.1
0.11
0.12
0.13
0.14
0.15
0.16
0.17
0.18
0.19
0.2
0.21
0.22
0.23
0.24
0.25
0.26
0.27
0.28
0.29
0.3
0.31
0.32
0.33
0.34
0.35
0.36
0.37
0.38
0.39
0.4
0.41
0.42
0.43
0.44
0.45
0.46
0.47
0.48
0.49
0.5
0.51
0.52
0.53
0.54
0.55
0.56
0.57
0.58
0.59
0.6
0.61
0.62
0.63
0.64
0.65
0.66
0.67
0.68
0.69
0.7
0.71
0.72
0.73
0.74
0.75
0.76
0.77
0.78
0.79
0.8
0.81
0.82
0.83
0.84
0.85
0.86
0.87
0.88
0.89
0.9
0.91
0.92
0.93
0.94
0.95
0.96
0.97
0.98
0.99
1
0
2.28439e-15
7.98152e-14
1.39471e-12
1.62528e-11
1.42103e-10
9.94415e-10
5.80207e-09
2.90348e-08
1.27224e-07
4.95918e-07
1.74133e-06
5.56411e-06
1.63157e-05
4.42173e-05
0.000111427
0.000262475
0.000580613
0.00121105
0.00239059
0.00448069
0.00799815
0.0136344
0.0222529
0.0348562
0.0525148
0.0762623
0.106965
0.145183
0.191051
0.244197
0.303716
0.368218
0.435929
0.504854
0.572948
0.638299
0.699275
0.754634
0.803571
0.845725
0.881131
0.910143
0.933349
0.951466
0.965261
0.975467
0.982719
0.987505
0.990122
0.990639
0.988876
0.984398
0.97653
0.964403
0.947042
0.923477
0.892884
0.854731
0.8089
0.755776
0.696269
0.631775
0.564067
0.495144
0.427051
0.3617
0.300724
0.245366
0.196429
0.154274
0.118868
0.0898511
0.066635
0.0484895
0.0346273
0.024271
0.0167007
0.0112837
0.00748727
0.00488039
0.00312566
0.00196739
0.00121731
0.000740592
0.00044313
0.000260831
0.000151067
8.61121e-05
4.8322e-05
2.67002e-05
1.45301e-05
7.78952e-06
4.11466e-06
2.14207e-06
1.09927e-06
5.56208e-07
2.77537e-07
1.36599e-07
6.63283e-08
3.17807e-08
