VARIABLEs = X,u
ZONE I=101
datapacking=block
0
0.01
0.02
0.03
0.04
0.05
0.06
0.07
0.08
0.09
0.1
0.11
0.12
0.13
0.14
0.15
0.16
0.17
0.18
0.19
0.2
0.21
0.22
0.23
0.24
0.25
0.26
0.27
0.28
0.29
0.3
0.31
0.32
0.33
0.34
0.35
0.36
0.37
0.38
0.39
0.4
0.41
0.42
0.43
0.44
0.45
0.46
0.47
0.48
0.49
0.5
0.51
0.52
0.53
0.54
0.55
0.56
0.57
0.58
0.59
0.6
0.61
0.62
0.63
0.64
0.65
0.66
0.67
0.68
0.69
0.7
0.71
0.72
0.73
0.74
0.75
0.76
0.77
0.78
0.79
0.8
0.81
0.82
0.83
0.84
0.85
0.86
0.87
0.88
0.89
0.9
0.91
0.92
0.93
0.94
0.95
0.96
0.97
0.98
0.99
1
0
5.31114e-07
8.2564e-06
6.43623e-05
0.000335661
0.00131838
0.00416294
0.0110176
0.0251628
0.0506834
0.0915815
0.150532
0.227739
0.32039
0.422987
0.528459
0.629644
0.720646
0.797681
0.859278
0.905952
0.93956
0.962619
0.977728
0.987204
0.992903
0.996197
0.998028
0.99901
0.999519
0.999773
0.999895
0.999945
0.999916
0.999656
0.998678
0.995836
0.988982
0.974837
0.949317
0.908418
0.849468
0.772261
0.67961
0.577013
0.471541
0.370356
0.279354
0.202319
0.140722
0.0940483
0.0604399
0.0373814
0.0222722
0.0127962
0.00709678
0.00380322
0.0019715
0.000989548
0.00048139
0.000227192
0.000104118
4.63751e-05
2.00928e-05
8.47523e-06
3.48309e-06
1.39577e-06
5.45774e-07
2.08388e-07
7.77471e-08
2.83617e-08
1.01225e-08
3.53683e-09
1.21049e-09
4.0604e-10
1.33559e-10
4.31018e-11
1.36538e-11
4.24769e-12
1.29836e-12
3.90099e-13
1.1526e-13
3.35029e-14
9.58437e-15
2.69954e-15
7.48896e-16
2.047e-16
5.51477e-17
1.46487e-17
3.83772e-18
9.91946e-19
2.53033e-19
6.37187e-20
1.58447e-20
3.89178e-21
9.44448e-22
2.26509e-22
5.3701e-23
1.25885e-23
2.91854e-24
6.69356e-25
