VARIABLEs = X,u
ZONE I=101
datapacking=block
0
0.01
0.02
0.03
0.04
0.05
0.06
0.07
0.08
0.09
0.1
0.11
0.12
0.13
0.14
0.15
0.16
0.17
0.18
0.19
0.2
0.21
0.22
0.23
0.24
0.25
0.26
0.27
0.28
0.29
0.3
0.31
0.32
0.33
0.34
0.35
0.36
0.37
0.38
0.39
0.4
0.41
0.42
0.43
0.44
0.45
0.46
0.47
0.48
0.49
0.5
0.51
0.52
0.53
0.54
0.55
0.56
0.57
0.58
0.59
0.6
0.61
0.62
0.63
0.64
0.65
0.66
0.67
0.68
0.69
0.7
0.71
0.72
0.73
0.74
0.75
0.76
0.77
0.78
0.79
0.8
0.81
0.82
0.83
0.84
0.85
0.86
0.87
0.88
0.89
0.9
0.91
0.92
0.93
0.94
0.95
0.96
0.97
0.98
0.99
1
0
7.46042e-19
3.20949e-17
6.90421e-16
9.90265e-15
1.06541e-13
9.17191e-13
6.58147e-12
4.04913e-11
2.18047e-10
1.04412e-09
4.50169e-09
1.7653e-08
6.34904e-08
2.10909e-07
6.51009e-07
1.87688e-06
5.07699e-06
1.29371e-05
3.11648e-05
7.11992e-05
0.000154709
0.000320569
0.000634931
0.00120471
0.00219419
0.00384343
0.00648604
0.0105628
0.0166262
0.0253319
0.037413
0.0536349
0.0747333
0.101339
0.1339
0.172607
0.217336
0.267625
0.322674
0.381383
0.44243
0.504356
0.565678
0.62499
0.681052
0.732867
0.779714
0.821167
0.857078
0.88754
0.912836
0.933373
0.949625
0.962063
0.971098
0.977035
0.980033
0.980076
0.97697
0.970353
0.959721
0.94449
0.924057
0.897891
0.865617
0.827095
0.782482
0.732265
0.677262
0.618579
0.557548
0.495631
0.434314
0.375006
0.318945
0.26713
0.22028
0.178819
0.14289
0.112388
0.0870097
0.0663063
0.04974
0.0367327
0.0267079
0.0191211
0.0134812
0.00936143
0.00640352
0.00431541
0.00286563
0.00187535
0.00120971
0.000769279
0.000482353
0.000298261
0.000181908
0.000109446
6.49704e-05
3.80601e-05
