VARIABLEs = X,u
ZONE I=101
datapacking=block
0
0.01
0.02
0.03
0.04
0.05
0.06
0.07
0.08
0.09
0.1
0.11
0.12
0.13
0.14
0.15
0.16
0.17
0.18
0.19
0.2
0.21
0.22
0.23
0.24
0.25
0.26
0.27
0.28
0.29
0.3
0.31
0.32
0.33
0.34
0.35
0.36
0.37
0.38
0.39
0.4
0.41
0.42
0.43
0.44
0.45
0.46
0.47
0.48
0.49
0.5
0.51
0.52
0.53
0.54
0.55
0.56
0.57
0.58
0.59
0.6
0.61
0.62
0.63
0.64
0.65
0.66
0.67
0.68
0.69
0.7
0.71
0.72
0.73
0.74
0.75
0.76
0.77
0.78
0.79
0.8
0.81
0.82
0.83
0.84
0.85
0.86
0.87
0.88
0.89
0.9
0.91
0.92
0.93
0.94
0.95
0.96
0.97
0.98
0.99
1
0
8.1219e-22
4.05192e-20
1.01073e-18
1.68087e-17
2.09661e-16
2.0923e-15
1.7402e-14
1.24075e-13
7.74197e-13
4.29489e-12
2.14484e-11
9.74002e-11
4.05571e-10
1.55941e-09
5.5697e-09
1.85748e-08
5.81017e-08
1.71138e-07
4.76349e-07
1.25687e-06
3.15259e-06
7.53659e-06
1.72117e-05
3.76305e-05
7.89187e-05
0.000159049
0.00030855
0.000577093
0.00104215
0.0018196
0.00307577
0.0050396
0.00801337
0.0123793
0.0185998
0.0272083
0.0387891
0.0539457
0.073258
0.0972324
0.126247
0.160504
0.199983
0.244419
0.293296
0.34586
0.401159
0.458095
0.515495
0.572179
0.627037
0.679086
0.727516
0.771724
0.811319
0.846115
0.876107
0.901433
0.922328
0.939075
0.951959
0.961218
0.967008
0.969379
0.968257
0.963448
0.954655
0.941515
0.92364
0.900675
0.872358
0.838579
0.799422
0.755199
0.706462
0.653988
0.598747
0.541847
0.48447
0.427799
0.372947
0.3209
0.272463
0.228236
0.188601
0.153725
0.123584
0.0979894
0.0766299
0.0591052
0.0449654
0.0337428
0.0249782
0.0182412
0.0131431
0.00934414
0.00655571
0.0045393
0.0031024
0.00209313
