VARIABLEs = X,u
ZONE I=101
datapacking=block
0
0.01
0.02
0.03
0.04
0.05
0.06
0.07
0.08
0.09
0.1
0.11
0.12
0.13
0.14
0.15
0.16
0.17
0.18
0.19
0.2
0.21
0.22
0.23
0.24
0.25
0.26
0.27
0.28
0.29
0.3
0.31
0.32
0.33
0.34
0.35
0.36
0.37
0.38
0.39
0.4
0.41
0.42
0.43
0.44
0.45
0.46
0.47
0.48
0.49
0.5
0.51
0.52
0.53
0.54
0.55
0.56
0.57
0.58
0.59
0.6
0.61
0.62
0.63
0.64
0.65
0.66
0.67
0.68
0.69
0.7
0.71
0.72
0.73
0.74
0.75
0.76
0.77
0.78
0.79
0.8
0.81
0.82
0.83
0.84
0.85
0.86
0.87
0.88
0.89
0.9
0.91
0.92
0.93
0.94
0.95
0.96
0.97
0.98
0.99
1
0
4.89277e-23
2.57933e-21
6.79864e-20
1.19467e-18
1.57452e-17
1.66019e-16
1.45888e-15
1.09894e-14
7.24423e-14
4.24544e-13
2.23961e-12
1.07428e-11
4.72474e-11
1.91864e-10
7.23691e-10
2.54857e-09
8.41731e-09
2.61758e-08
7.69129e-08
2.14207e-07
5.67055e-07
1.43049e-06
3.44682e-06
7.94969e-06
1.75843e-05
3.73704e-05
7.64328e-05
0.00015068
0.000286738
0.000527421
0.000938918
0.00161965
0.00271039
0.00440488
0.00695949
0.0107003
0.0160252
0.0233992
0.0333409
0.0463994
0.0631214
0.0840102
0.109481
0.139814
0.175113
0.215277
0.259981
0.308676
0.360611
0.41487
0.470421
0.52618
0.581068
0.63408
0.684328
0.731086
0.773808
0.812139
0.845902
0.875078
0.899769
0.920159
0.936471
0.948923
0.957688
0.962868
0.964466
0.962386
0.956433
0.946336
0.931783
0.91246
0.888104
0.858554
0.823797
0.784003
0.73955
0.691022
0.639197
0.585009
0.529503
0.473773
0.4189
0.365895
0.315644
0.268871
0.226112
0.187709
0.15381
0.124394
0.0992919
0.0782212
0.0608184
0.0466723
0.0353521
0.0264318
0.0195086
0.0142149
0.0102263
0.0072642
