VARIABLEs = X,u
ZONE I=101
datapacking=block
0
0.01
0.02
0.03
0.04
0.05
0.06
0.07
0.08
0.09
0.1
0.11
0.12
0.13
0.14
0.15
0.16
0.17
0.18
0.19
0.2
0.21
0.22
0.23
0.24
0.25
0.26
0.27
0.28
0.29
0.3
0.31
0.32
0.33
0.34
0.35
0.36
0.37
0.38
0.39
0.4
0.41
0.42
0.43
0.44
0.45
0.46
0.47
0.48
0.49
0.5
0.51
0.52
0.53
0.54
0.55
0.56
0.57
0.58
0.59
0.6
0.61
0.62
0.63
0.64
0.65
0.66
0.67
0.68
0.69
0.7
0.71
0.72
0.73
0.74
0.75
0.76
0.77
0.78
0.79
0.8
0.81
0.82
0.83
0.84
0.85
0.86
0.87
0.88
0.89
0.9
0.91
0.92
0.93
0.94
0.95
0.96
0.97
0.98
0.99
1
0
9.4032e-13
2.71553e-11
3.92312e-10
3.78085e-09
2.73485e-08
1.58395e-07
7.65253e-07
3.17261e-06
1.15239e-05
3.72623e-05
0.000108617
0.000288364
0.000703229
0.00158672
0.00333306
0.0065536
0.0121196
0.0211703
0.0350655
0.0552698
0.083172
0.119862
0.165904
0.221162
0.284707
0.35485
0.429292
0.505365
0.580324
0.651639
0.717225
0.7756
0.825935
0.868027
0.902193
0.929139
0.949802
0.96522
0.97642
0.984333
0.989746
0.993264
0.995283
0.995966
0.995204
0.992589
0.987388
0.978552
0.964781
0.944647
0.916783
0.880115
0.834084
0.778832
0.71529
0.645148
0.570707
0.494635
0.419676
0.348361
0.282775
0.2244
0.174065
0.131973
0.0978067
0.0708612
0.0501976
0.0347767
0.0235687
0.0156296
0.0101451
0.00644765
0.0040135
0.00244775
0.00146312
0.000857451
0.000492835
0.000277909
0.0001538
8.35619e-05
4.45857e-05
2.33699e-05
1.20373e-05
6.0946e-06
3.03413e-06
1.48568e-06
7.15716e-07
3.39316e-07
1.58357e-07
7.27698e-08
3.29355e-08
1.46854e-08
6.45243e-09
2.79438e-09
1.19309e-09
5.02332e-10
2.0861e-10
8.54676e-11
3.4553e-11
1.37873e-11
