VARIABLEs = X,u
ZONE I=101
datapacking=block
0
0.01
0.02
0.03
0.04
0.05
0.06
0.07
0.08
0.09
0.1
0.11
0.12
0.13
0.14
0.15
0.16
0.17
0.18
0.19
0.2
0.21
0.22
0.23
0.24
0.25
0.26
0.27
0.28
0.29
0.3
0.31
0.32
0.33
0.34
0.35
0.36
0.37
0.38
0.39
0.4
0.41
0.42
0.43
0.44
0.45
0.46
0.47
0.48
0.49
0.5
0.51
0.52
0.53
0.54
0.55
0.56
0.57
0.58
0.59
0.6
0.61
0.62
0.63
0.64
0.65
0.66
0.67
0.68
0.69
0.7
0.71
0.72
0.73
0.74
0.75
0.76
0.77
0.78
0.79
0.8
0.81
0.82
0.83
0.84
0.85
0.86
0.87
0.88
0.89
0.9
0.91
0.92
0.93
0.94
0.95
0.96
0.97
0.98
0.99
1
0
6.16691e-17
2.37893e-15
4.5892e-14
5.90325e-13
5.69667e-12
4.39924e-11
2.83214e-10
1.56348e-09
7.55604e-09
3.24779e-08
1.25719e-07
4.42722e-07
1.43027e-06
4.26902e-06
1.18435e-05
3.06999e-05
7.46938e-05
0.000171267
0.000371419
0.000764297
0.00149671
0.00279673
0.00499882
0.00856586
0.0141019
0.0223486
0.0341584
0.0504413
0.0720864
0.0998632
0.134316
0.175666
0.223738
0.277926
0.337207
0.400204
0.465287
0.530705
0.594728
0.65578
0.712544
0.764035
0.809631
0.84907
0.882407
0.909953
0.932203
0.949756
0.963239
0.973239
0.980245
0.984593
0.986436
0.985711
0.982136
0.975218
0.964292
0.948588
0.927314
0.899773
0.865466
0.824206
0.776188
0.722031
0.662769
0.599782
0.534706
0.469291
0.40527
0.344218
0.287455
0.235964
0.190367
0.150925
0.117581
0.0900166
0.0677225
0.0500728
0.0363896
0.0259963
0.0182587
0.0126101
0.00856519
0.0057227
0.00376178
0.00243331
0.00154917
0.000970929
0.000599166
0.00036414
0.00021799
0.00012857
7.47251e-05
4.28057e-05
2.4173e-05
1.34597e-05
7.39103e-06
4.00329e-06
2.13921e-06
1.12796e-06
