VARIABLEs = X,u
ZONE I=101
datapacking=block
0
0.01
0.02
0.03
0.04
0.05
0.06
0.07
0.08
0.09
0.1
0.11
0.12
0.13
0.14
0.15
0.16
0.17
0.18
0.19
0.2
0.21
0.22
0.23
0.24
0.25
0.26
0.27
0.28
0.29
0.3
0.31
0.32
0.33
0.34
0.35
0.36
0.37
0.38
0.39
0.4
0.41
0.42
0.43
0.44
0.45
0.46
0.47
0.48
0.49
0.5
0.51
0.52
0.53
0.54
0.55
0.56
0.57
0.58
0.59
0.6
0.61
0.62
0.63
0.64
0.65
0.66
0.67
0.68
0.69
0.7
0.71
0.72
0.73
0.74
0.75
0.76
0.77
0.78
0.79
0.8
0.81
0.82
0.83
0.84
0.85
0.86
0.87
0.88
0.89
0.9
0.91
0.92
0.93
0.94
0.95
0.96
0.97
0.98
0.99
1
0
1.11446e-18
4.74939e-17
1.01209e-15
1.43802e-14
1.53265e-13
1.30707e-12
9.29143e-12
5.66298e-11
3.02109e-10
1.43317e-09
6.12164e-09
2.37827e-08
8.47439e-08
2.7891e-07
8.52969e-07
2.43652e-06
6.53044e-06
1.64887e-05
3.93589e-05
8.91045e-05
0.000191869
0.000393996
0.000773396
0.00145441
0.00262563
0.0045589
0.00762671
0.0123136
0.0192173
0.0290337
0.0425244
0.0604642
0.0835715
0.11243
0.147406
0.188583
0.235708
0.28818
0.345063
0.405146
0.467019
0.52918
0.590141
0.648537
0.703203
0.753241
0.798047
0.837312
0.870998
0.899291
0.922544
0.941213
0.955789
0.966738
0.974445
0.979166
0.980998
0.979856
0.975474
0.96742
0.955141
0.938022
0.915461
0.88696
0.852215
0.811185
0.764152
0.711737
0.654887
0.594825
0.532965
0.470811
0.409854
0.35146
0.296795
0.246756
0.201946
0.162671
0.128962
0.10062
0.0772642
0.0583933
0.0434378
0.0318076
0.0229296
0.016275
0.0113751
0.00783013
0.00530911
0.00354636
0.00233411
0.00151394
0.00096787
0.000609986
0.000379045
0.000232275
0.000140388
8.37038e-05
4.92403e-05
2.85844e-05
