VARIABLEs = X,u
ZONE I=101
datapacking=block
0
0.01
0.02
0.03
0.04
0.05
0.06
0.07
0.08
0.09
0.1
0.11
0.12
0.13
0.14
0.15
0.16
0.17
0.18
0.19
0.2
0.21
0.22
0.23
0.24
0.25
0.26
0.27
0.28
0.29
0.3
0.31
0.32
0.33
0.34
0.35
0.36
0.37
0.38
0.39
0.4
0.41
0.42
0.43
0.44
0.45
0.46
0.47
0.48
0.49
0.5
0.51
0.52
0.53
0.54
0.55
0.56
0.57
0.58
0.59
0.6
0.61
0.62
0.63
0.64
0.65
0.66
0.67
0.68
0.69
0.7
0.71
0.72
0.73
0.74
0.75
0.76
0.77
0.78
0.79
0.8
0.81
0.82
0.83
0.84
0.85
0.86
0.87
0.88
0.89
0.9
0.91
0.92
0.93
0.94
0.95
0.96
0.97
0.98
0.99
1
0
1.02369e-15
3.65944e-14
6.54232e-13
7.79982e-12
6.97674e-11
4.99453e-10
2.98105e-09
1.52596e-08
6.83926e-08
2.72672e-07
9.79209e-07
3.19977e-06
9.59451e-06
2.65866e-05
6.8497e-05
0.000164941
0.000372933
0.000794969
0.00160349
0.00307046
0.00559833
0.00974582
0.0162397
0.0259632
0.0399129
0.0591214
0.0845493
0.116959
0.156785
0.204033
0.25821
0.318324
0.382936
0.450273
0.518386
0.585311
0.649243
0.708666
0.762445
0.809872
0.850651
0.884863
0.912879
0.935284
0.952776
0.966089
0.975914
0.982841
0.987305
0.989543
0.989568
0.987145
0.981794
0.972814
0.95934
0.940429
0.915184
0.882886
0.843126
0.795917
0.741762
0.681661
0.617056
0.549722
0.481612
0.414688
0.350756
0.291334
0.237554
0.190128
0.149348
0.115134
0.0871111
0.0646897
0.0471556
0.0337463
0.0237127
0.0163636
0.0110917
0.00738641
0.00483364
0.00310898
0.0019659
0.00122238
0.000747571
0.000449778
0.000266285
0.000155166
8.90115e-05
5.028e-05
2.79732e-05
1.53313e-05
8.27952e-06
4.40668e-06
2.31201e-06
1.19599e-06
6.10127e-07
3.07008e-07
1.52406e-07
7.46556e-08
