VARIABLEs = X,u
ZONE I=101
datapacking=block
0
0.01
0.02
0.03
0.04
0.05
0.06
0.07
0.08
0.09
0.1
0.11
0.12
0.13
0.14
0.15
0.16
0.17
0.18
0.19
0.2
0.21
0.22
0.23
0.24
0.25
0.26
0.27
0.28
0.29
0.3
0.31
0.32
0.33
0.34
0.35
0.36
0.37
0.38
0.39
0.4
0.41
0.42
0.43
0.44
0.45
0.46
0.47
0.48
0.49
0.5
0.51
0.52
0.53
0.54
0.55
0.56
0.57
0.58
0.59
0.6
0.61
0.62
0.63
0.64
0.65
0.66
0.67
0.68
0.69
0.7
0.71
0.72
0.73
0.74
0.75
0.76
0.77
0.78
0.79
0.8
0.81
0.82
0.83
0.84
0.85
0.86
0.87
0.88
0.89
0.9
0.91
0.92
0.93
0.94
0.95
0.96
0.97
0.98
0.99
1
0
4.04444e-21
1.95236e-19
4.71239e-18
7.58315e-17
9.15276e-16
8.8387e-15
7.1138e-14
4.90839e-13
2.96394e-12
1.59129e-11
7.69105e-11
3.38036e-10
1.36239e-09
5.07044e-09
1.75304e-08
5.65959e-08
1.71387e-07
4.88757e-07
1.31723e-06
3.36551e-06
8.17513e-06
1.89282e-05
4.18706e-05
8.8681e-05
0.000180189
0.000351884
0.000661573
0.00119937
0.00209977
0.003555
0.00582816
0.00926388
0.0142937
0.0214329
0.031267
0.0444243
0.0615371
0.0831904
0.109865
0.141881
0.179343
0.222106
0.269755
0.321609
0.376756
0.4341
0.49243
0.550499
0.607104
0.661155
0.711733
0.758131
0.79987
0.836696
0.868558
0.895576
0.91799
0.936113
0.950272
0.960766
0.967818
0.97154
0.971916
0.968796
0.961904
0.950867
0.935259
0.914659
0.888709
0.857187
0.820055
0.77751
0.730004
0.678241
0.623151
0.565844
0.507537
0.449481
0.392883
0.338835
0.288255
0.241848
0.200087
0.163215
0.131261
0.104072
0.0813481
0.062688
0.0476281
0.0356785
0.026354
0.0191965
0.0137902
0.00977101
0.00682933
0.00470908
0.00320382
0.00215095
0.0014252
0.000932101
