VARIABLEs = X,u
ZONE I=101
datapacking=block
0
0.01
0.02
0.03
0.04
0.05
0.06
0.07
0.08
0.09
0.1
0.11
0.12
0.13
0.14
0.15
0.16
0.17
0.18
0.19
0.2
0.21
0.22
0.23
0.24
0.25
0.26
0.27
0.28
0.29
0.3
0.31
0.32
0.33
0.34
0.35
0.36
0.37
0.38
0.39
0.4
0.41
0.42
0.43
0.44
0.45
0.46
0.47
0.48
0.49
0.5
0.51
0.52
0.53
0.54
0.55
0.56
0.57
0.58
0.59
0.6
0.61
0.62
0.63
0.64
0.65
0.66
0.67
0.68
0.69
0.7
0.71
0.72
0.73
0.74
0.75
0.76
0.77
0.78
0.79
0.8
0.81
0.82
0.83
0.84
0.85
0.86
0.87
0.88
0.89
0.9
0.91
0.92
0.93
0.94
0.95
0.96
0.97
0.98
0.99
1
0
9.02526e-21
4.28381e-19
1.01667e-17
1.60867e-16
1.90919e-15
1.81289e-14
1.43475e-13
9.73443e-13
5.78024e-12
3.05167e-11
1.45043e-10
6.26909e-10
2.48476e-09
9.09458e-09
3.0924e-08
9.81901e-08
2.92452e-07
8.20319e-07
2.17461e-06
5.46539e-06
1.30598e-05
2.97471e-05
6.47392e-05
0.000134908
0.000269722
0.000518324
0.000959028
0.00171119
0.00294886
0.00491481
0.00793299
0.0124164
0.0188672
0.0278663
0.0400494
0.0560697
0.0765486
0.102016
0.132852
0.169228
0.211061
0.257995
0.309395
0.364374
0.421843
0.480578
0.539301
0.596761
0.651814
0.703484
0.751007
0.793854
0.831732
0.864566
0.892459
0.915654
0.934472
0.949265
0.960361
0.968014
0.972375
0.97346
0.971143
0.965165
0.955156
0.940676
0.921272
0.896544
0.866209
0.830168
0.788555
0.741764
0.690456
0.635535
0.578102
0.519389
0.46068
0.403227
0.348177
0.296507
0.248978
0.206115
0.168202
0.135299
0.107271
0.083828
0.064569
0.0490233
0.0366903
0.0270708
0.019692
0.0141241
0.00998989
0.00696851
0.00479459
0.00325424
0.00217918
0.00143992
0.000938953
0.000604326
