VARIABLEs = X,u
ZONE I=101
datapacking=block
0
0.01
0.02
0.03
0.04
0.05
0.06
0.07
0.08
0.09
0.1
0.11
0.12
0.13
0.14
0.15
0.16
0.17
0.18
0.19
0.2
0.21
0.22
0.23
0.24
0.25
0.26
0.27
0.28
0.29
0.3
0.31
0.32
0.33
0.34
0.35
0.36
0.37
0.38
0.39
0.4
0.41
0.42
0.43
0.44
0.45
0.46
0.47
0.48
0.49
0.5
0.51
0.52
0.53
0.54
0.55
0.56
0.57
0.58
0.59
0.6
0.61
0.62
0.63
0.64
0.65
0.66
0.67
0.68
0.69
0.7
0.71
0.72
0.73
0.74
0.75
0.76
0.77
0.78
0.79
0.8
0.81
0.82
0.83
0.84
0.85
0.86
0.87
0.88
0.89
0.9
0.91
0.92
0.93
0.94
0.95
0.96
0.97
0.98
0.99
1
0
4.99417e-19
2.16868e-17
4.70902e-16
6.81746e-15
7.40356e-14
6.43323e-13
4.65946e-12
2.89342e-11
1.57265e-10
7.6008e-10
3.30755e-09
1.30907e-08
4.75179e-08
1.59309e-07
4.96272e-07
1.44392e-06
3.94166e-06
1.01358e-05
2.46392e-05
5.68014e-05
0.000124539
0.000260373
0.000520314
0.000996014
0.0018301
0.00323375
0.00550461
0.00904169
0.0143533
0.0220533
0.032842
0.0474683
0.0666752
0.0911298
0.121347
0.157613
0.199927
0.247959
0.301044
0.358205
0.418214
0.479673
0.541119
0.601121
0.658382
0.711813
0.760587
0.80416
0.842273
0.874919
0.902301
0.924773
0.942776
0.956777
0.967207
0.974409
0.978597
0.979822
0.977963
0.972723
0.963659
0.950221
0.931821
0.907905
0.878043
0.842006
0.799839
0.751898
0.698871
0.641745
0.581757
0.52031
0.458871
0.398873
0.341614
0.288183
0.239408
0.195829
0.157702
0.125024
0.0975743
0.0749668
0.0567038
0.0422272
0.0309633
0.0223574
0.0158989
0.0111362
0.00768404
0.00522385
0.00349949
0.00231046
0.00150363
0.000964719
0.00061031
0.000380768
0.000234315
0.000142247
8.52038e-05
5.03638e-05
