VARIABLEs = X,u
ZONE I=101
datapacking=block
0
0.01
0.02
0.03
0.04
0.05
0.06
0.07
0.08
0.09
0.1
0.11
0.12
0.13
0.14
0.15
0.16
0.17
0.18
0.19
0.2
0.21
0.22
0.23
0.24
0.25
0.26
0.27
0.28
0.29
0.3
0.31
0.32
0.33
0.34
0.35
0.36
0.37
0.38
0.39
0.4
0.41
0.42
0.43
0.44
0.45
0.46
0.47
0.48
0.49
0.5
0.51
0.52
0.53
0.54
0.55
0.56
0.57
0.58
0.59
0.6
0.61
0.62
0.63
0.64
0.65
0.66
0.67
0.68
0.69
0.7
0.71
0.72
0.73
0.74
0.75
0.76
0.77
0.78
0.79
0.8
0.81
0.82
0.83
0.84
0.85
0.86
0.87
0.88
0.89
0.9
0.91
0.92
0.93
0.94
0.95
0.96
0.97
0.98
0.99
1
0
1.49817e-19
6.6873e-18
1.49257e-16
2.2211e-15
2.47924e-14
2.21426e-13
1.64833e-12
1.052e-11
5.87651e-11
2.91884e-10
1.30528e-09
5.30868e-09
1.98009e-08
6.82101e-08
2.18313e-07
6.5257e-07
1.83001e-06
4.8338e-06
1.2069e-05
2.85743e-05
6.4335e-05
0.000138106
0.000283333
0.000556738
0.00104989
0.00190364
0.00332452
0.00560124
0.00911835
0.0143634
0.0219232
0.0324663
0.0467086
0.0653625
0.0890729
0.118346
0.15348
0.194505
0.241144
0.292803
0.348588
0.407357
0.467793
0.528497
0.588084
0.645274
0.698969
0.748312
0.792708
0.831833
0.865613
0.894183
0.917835
0.936962
0.951992
0.963335
0.971328
0.97619
0.977993
0.976647
0.971898
0.963347
0.950495
0.932796
0.909731
0.880888
0.846036
0.805193
0.75867
0.707084
0.651344
0.592603
0.532183
0.471489
0.411908
0.354721
0.301026
0.251682
0.20728
0.168138
0.134322
0.105679
0.0818814
0.0624816
0.0469581
0.0347611
0.0253477
0.0182093
0.0128885
0.00898935
0.00617908
0.0041865
0.00279623
0.00184142
0.0011958
0.000765876
0.000483856
0.000301579
0.000185473
0.00011257
