VARIABLEs = X,u
ZONE I=101
datapacking=block
0
0.01
0.02
0.03
0.04
0.05
0.06
0.07
0.08
0.09
0.1
0.11
0.12
0.13
0.14
0.15
0.16
0.17
0.18
0.19
0.2
0.21
0.22
0.23
0.24
0.25
0.26
0.27
0.28
0.29
0.3
0.31
0.32
0.33
0.34
0.35
0.36
0.37
0.38
0.39
0.4
0.41
0.42
0.43
0.44
0.45
0.46
0.47
0.48
0.49
0.5
0.51
0.52
0.53
0.54
0.55
0.56
0.57
0.58
0.59
0.6
0.61
0.62
0.63
0.64
0.65
0.66
0.67
0.68
0.69
0.7
0.71
0.72
0.73
0.74
0.75
0.76
0.77
0.78
0.79
0.8
0.81
0.82
0.83
0.84
0.85
0.86
0.87
0.88
0.89
0.9
0.91
0.92
0.93
0.94
0.95
0.96
0.97
0.98
0.99
1
0
4.21381e-13
1.25095e-11
1.85772e-10
1.84027e-09
1.36817e-08
8.14388e-08
4.04334e-07
1.7225e-06
6.42839e-06
2.1354e-05
6.39374e-05
0.000174332
0.000436552
0.00101124
0.00218031
0.00439908
0.0083455
0.0149497
0.0253843
0.0409988
0.0631905
0.0932211
0.132004
0.179904
0.23659
0.300981
0.371304
0.445255
0.520239
0.593647
0.663114
0.726734
0.783179
0.831745
0.872306
0.905217
0.931183
0.951118
0.96602
0.976867
0.984544
0.989787
0.99315
0.994973
0.995355
0.994118
0.990779
0.984544
0.974328
0.958841
0.936721
0.906731
0.867971
0.820083
0.763404
0.699016
0.628694
0.554744
0.47976
0.406353
0.336886
0.273266
0.216821
0.168255
0.127694
0.0947824
0.0688163
0.0488801
0.0339736
0.0231113
0.0153921
0.010039
0.00641392
0.00401551
0.0024642
0.00148276
0.00087511
0.00050675
0.000288006
0.000160704
8.80646e-05
4.74092e-05
2.50809e-05
1.30428e-05
6.66921e-06
3.35412e-06
1.65961e-06
8.08123e-07
3.87355e-07
1.82817e-07
8.49786e-08
3.89136e-08
1.75589e-08
7.80911e-09
3.42388e-09
1.48029e-09
6.31223e-10
2.65537e-10
1.10221e-10
4.51537e-11
