VARIABLEs = X,u
ZONE I=101
datapacking=block
0
0.01
0.02
0.03
0.04
0.05
0.06
0.07
0.08
0.09
0.1
0.11
0.12
0.13
0.14
0.15
0.16
0.17
0.18
0.19
0.2
0.21
0.22
0.23
0.24
0.25
0.26
0.27
0.28
0.29
0.3
0.31
0.32
0.33
0.34
0.35
0.36
0.37
0.38
0.39
0.4
0.41
0.42
0.43
0.44
0.45
0.46
0.47
0.48
0.49
0.5
0.51
0.52
0.53
0.54
0.55
0.56
0.57
0.58
0.59
0.6
0.61
0.62
0.63
0.64
0.65
0.66
0.67
0.68
0.69
0.7
0.71
0.72
0.73
0.74
0.75
0.76
0.77
0.78
0.79
0.8
0.81
0.82
0.83
0.84
0.85
0.86
0.87
0.88
0.89
0.9
0.91
0.92
0.93
0.94
0.95
0.96
0.97
0.98
0.99
1
0
0.00014635
0.00144724
0.00721582
0.0242346
0.0618254
0.128149
0.225543
0.34801
0.482657
0.614186
0.729798
0.822185
0.889882
0.935698
0.964514
0.981448
0.99079
0.995648
0.998038
0.999154
0.999651
0.999862
0.999947
0.999981
0.999993
0.999998
0.999999
1
1
1
0.999854
0.998553
0.992784
0.975765
0.938175
0.871851
0.774457
0.65199
0.517343
0.385814
0.270202
0.177815
0.110118
0.0643019
0.0354858
0.0185518
0.00921006
0.00435219
0.00196205
0.000845697
0.000349237
0.000138444
5.27816e-05
1.93864e-05
6.87125e-06
2.35379e-06
7.80413e-07
2.50787e-07
7.82117e-08
2.37005e-08
6.98654e-09
2.00568e-09
5.61316e-10
1.53293e-10
4.08894e-11
1.06624e-11
2.7203e-12
6.79584e-13
1.66365e-13
3.99377e-14
9.40814e-15
2.17625e-15
4.94611e-16
1.10517e-16
2.42911e-17
5.25477e-18
1.11936e-18
2.34917e-19
4.85944e-20
9.91248e-21
1.99476e-21
3.96176e-22
7.76871e-23
1.50465e-23
2.87944e-24
5.44647e-25
1.0186e-25
1.88414e-26
3.44807e-27
6.24486e-28
1.11963e-28
1.98772e-29
3.49523e-30
6.08902e-31
1.05118e-31
1.79872e-32
3.05147e-33
5.13343e-34
8.56548e-35
1.41784e-35
