VARIABLEs = X,u
ZONE I=101
datapacking=block
0
0.01
0.02
0.03
0.04
0.05
0.06
0.07
0.08
0.09
0.1
0.11
0.12
0.13
0.14
0.15
0.16
0.17
0.18
0.19
0.2
0.21
0.22
0.23
0.24
0.25
0.26
0.27
0.28
0.29
0.3
0.31
0.32
0.33
0.34
0.35
0.36
0.37
0.38
0.39
0.4
0.41
0.42
0.43
0.44
0.45
0.46
0.47
0.48
0.49
0.5
0.51
0.52
0.53
0.54
0.55
0.56
0.57
0.58
0.59
0.6
0.61
0.62
0.63
0.64
0.65
0.66
0.67
0.68
0.69
0.7
0.71
0.72
0.73
0.74
0.75
0.76
0.77
0.78
0.79
0.8
0.81
0.82
0.83
0.84
0.85
0.86
0.87
0.88
0.89
0.9
0.91
0.92
0.93
0.94
0.95
0.96
0.97
0.98
0.99
1
0
0.134431
0.406008
0.677585
0.857722
0.947342
0.983196
0.995268
0.998801
0.999723
0.999941
0.999988
0.999998
1
1
1
1
1
1
1
1
1
1
1
1
1
1
1
1
1
1
0.865569
0.593992
0.322415
0.142278
0.0526578
0.0168042
0.00473235
0.00119877
0.000277455
5.94344e-05
1.1909e-05
2.25169e-06
4.04679e-07
6.95553e-08
1.14921e-08
1.83318e-09
2.83375e-10
4.25838e-11
6.238e-12
8.92883e-13
1.25138e-13
1.72037e-14
2.32369e-15
3.08798e-16
4.04252e-17
5.21913e-18
6.65189e-19
8.37687e-20
1.04318e-20
1.28557e-21
1.56884e-22
1.897e-23
2.27406e-24
2.70396e-25
3.19053e-26
3.73742e-27
4.34808e-28
5.02567e-29
5.77307e-30
6.59279e-31
7.48694e-32
8.45723e-33
9.50489e-34
1.06307e-34
1.18349e-35
1.31173e-36
1.4477e-37
1.59129e-38
1.74232e-39
1.90055e-40
2.06571e-41
2.23747e-42
2.41547e-43
2.59928e-44
2.78845e-45
2.98251e-46
3.18092e-47
3.38313e-48
3.58857e-49
3.79665e-50
4.00674e-51
4.21823e-52
4.43048e-53
4.64284e-54
4.85468e-55
5.06536e-56
5.27425e-57
5.48073e-58
5.68418e-59
5.88403e-60
