VARIABLEs = X,u
ZONE I=101
datapacking=block
0
0.01
0.02
0.03
0.04
0.05
0.06
0.07
0.08
0.09
0.1
0.11
0.12
0.13
0.14
0.15
0.16
0.17
0.18
0.19
0.2
0.21
0.22
0.23
0.24
0.25
0.26
0.27
0.28
0.29
0.3
0.31
0.32
0.33
0.34
0.35
0.36
0.37
0.38
0.39
0.4
0.41
0.42
0.43
0.44
0.45
0.46
0.47
0.48
0.49
0.5
0.51
0.52
0.53
0.54
0.55
0.56
0.57
0.58
0.59
0.6
0.61
0.62
0.63
0.64
0.65
0.66
0.67
0.68
0.69
0.7
0.71
0.72
0.73
0.74
0.75
0.76
0.77
0.78
0.79
0.8
0.81
0.82
0.83
0.84
0.85
0.86
0.87
0.88
0.89
0.9
0.91
0.92
0.93
0.94
0.95
0.96
0.97
0.98
0.99
1
0
0.000218621
0.00207359
0.00992442
0.0320293
0.0786232
0.157072
0.267004
0.398917
0.537325
0.666362
0.77462
0.857204
0.914978
0.952314
0.974742
0.987333
0.993969
0.997268
0.998819
0.999512
0.999807
0.999927
0.999973
0.999991
0.999997
0.999999
1
1
1
1
0.999781
0.997926
0.990076
0.967971
0.921377
0.842928
0.732996
0.601083
0.462675
0.333638
0.22538
0.142796
0.0850224
0.0476859
0.0252579
0.0126673
0.00603079
0.00273239
0.00118094
0.000487989
0.000193205
7.3439e-05
2.68509e-05
9.45993e-06
3.21693e-06
1.05756e-06
3.36604e-07
1.0387e-07
3.11167e-08
9.06068e-09
2.56746e-09
7.08759e-10
1.9081e-10
5.01462e-11
1.28771e-11
3.23385e-12
7.94901e-13
1.914e-13
4.51788e-14
1.04617e-14
2.37817e-15
5.31054e-16
1.16562e-16
2.51626e-17
5.34536e-18
1.11803e-18
2.30362e-19
4.67796e-20
9.36689e-21
1.85021e-21
3.60677e-22
6.94167e-23
1.31956e-23
2.47842e-24
4.60105e-25
8.44551e-26
1.53329e-26
2.75415e-27
4.8961e-28
8.61664e-29
1.50166e-29
2.59221e-30
4.43347e-31
7.51453e-32
1.26255e-32
2.10321e-33
3.47458e-34
5.69376e-35
9.25687e-36
1.49342e-36
