VARIABLEs = X,u
ZONE I=101
datapacking=block
0
0.01
0.02
0.03
0.04
0.05
0.06
0.07
0.08
0.09
0.1
0.11
0.12
0.13
0.14
0.15
0.16
0.17
0.18
0.19
0.2
0.21
0.22
0.23
0.24
0.25
0.26
0.27
0.28
0.29
0.3
0.31
0.32
0.33
0.34
0.35
0.36
0.37
0.38
0.39
0.4
0.41
0.42
0.43
0.44
0.45
0.46
0.47
0.48
0.49
0.5
0.51
0.52
0.53
0.54
0.55
0.56
0.57
0.58
0.59
0.6
0.61
0.62
0.63
0.64
0.65
0.66
0.67
0.68
0.69
0.7
0.71
0.72
0.73
0.74
0.75
0.76
0.77
0.78
0.79
0.8
0.81
0.82
0.83
0.84
0.85
0.86
0.87
0.88
0.89
0.9
0.91
0.92
0.93
0.94
0.95
0.96
0.97
0.98
0.99
1
0
4.30114e-09
8.77171e-08
8.95757e-07
6.10884e-06
3.13095e-05
0.000128682
0.000441951
0.00130516
0.00338491
0.00783595
0.0164042
0.0313901
0.0554043
0.09091
0.139637
0.20203
0.276907
0.36146
0.451621
0.542689
0.63007
0.709918
0.779571
0.837694
0.884181
0.919883
0.946253
0.965016
0.977894
0.986431
0.991905
0.995303
0.997347
0.998535
0.999187
0.999463
0.99935
0.998591
0.996565
0.99214
0.983585
0.968605
0.944593
0.909089
0.860362
0.79797
0.723093
0.63854
0.548379
0.457311
0.36993
0.290082
0.220429
0.162306
0.115819
0.0801171
0.0537466
0.034984
0.0221063
0.0135691
0.00809534
0.00469726
0.00265249
0.00145859
0.000781557
0.000408319
0.00020812
0.000103552
5.03253e-05
2.39023e-05
1.11008e-05
5.04386e-06
2.2433e-06
9.77109e-07
4.17004e-07
1.74455e-07
7.15757e-08
2.88125e-08
1.13845e-08
4.41715e-09
1.6836e-09
6.30627e-10
2.32223e-10
8.41001e-11
2.99639e-11
1.05065e-11
3.62679e-12
1.2329e-12
4.1287e-13
1.36241e-13
4.43141e-14
1.42114e-14
4.49486e-15
1.40248e-15
4.31807e-16
1.31223e-16
3.93699e-17
1.16643e-17
3.41343e-18
9.86884e-19
