VARIABLEs = X,u
ZONE I=101
datapacking=block
0
0.01
0.02
0.03
0.04
0.05
0.06
0.07
0.08
0.09
0.1
0.11
0.12
0.13
0.14
0.15
0.16
0.17
0.18
0.19
0.2
0.21
0.22
0.23
0.24
0.25
0.26
0.27
0.28
0.29
0.3
0.31
0.32
0.33
0.34
0.35
0.36
0.37
0.38
0.39
0.4
0.41
0.42
0.43
0.44
0.45
0.46
0.47
0.48
0.49
0.5
0.51
0.52
0.53
0.54
0.55
0.56
0.57
0.58
0.59
0.6
0.61
0.62
0.63
0.64
0.65
0.66
0.67
0.68
0.69
0.7
0.71
0.72
0.73
0.74
0.75
0.76
0.77
0.78
0.79
0.8
0.81
0.82
0.83
0.84
0.85
0.86
0.87
0.88
0.89
0.9
0.91
0.92
0.93
0.94
0.95
0.96
0.97
0.98
0.99
1
0
2.48694e-18
1.03974e-16
2.17369e-15
3.02999e-14
3.16829e-13
2.65091e-12
1.84884e-11
1.10559e-10
5.78707e-10
2.69371e-09
1.129e-08
4.30402e-08
1.50497e-07
4.86079e-07
1.45889e-06
4.09006e-06
1.07596e-05
2.66664e-05
6.24853e-05
0.000138875
0.000293601
0.000591991
0.00114115
0.00210763
0.00373736
0.00637498
0.0104788
0.0166262
0.0255043
0.037882
0.0545609
0.0763079
0.103773
0.137405
0.177373
0.223509
0.275283
0.331808
0.391894
0.454124
0.516963
0.578866
0.638397
0.694314
0.745644
0.791717
0.83217
0.86693
0.896163
0.92022
0.939568
0.954722
0.966184
0.974377
0.979605
0.982008
0.981544
0.97798
0.970904
0.959761
0.943916
0.922722
0.895618
0.862218
0.822397
0.776352
0.724635
0.668144
0.608078
0.54586
0.483028
0.421129
0.3616
0.305684
0.254353
0.208279
0.167819
0.133043
0.103775
0.0796413
0.0601387
0.0446855
0.0326751
0.0235153
0.0166581
0.0116171
0.00797683
0.0053938
0.00359218
0.00235665
0.00152327
0.000970244
0.000609089
0.000376924
0.000229972
0.000138364
8.21048e-05
4.80608e-05
2.77564e-05
1.58183e-05
