VARIABLEs = X,u
ZONE I=101
datapacking=block
0
0.01
0.02
0.03
0.04
0.05
0.06
0.07
0.08
0.09
0.1
0.11
0.12
0.13
0.14
0.15
0.16
0.17
0.18
0.19
0.2
0.21
0.22
0.23
0.24
0.25
0.26
0.27
0.28
0.29
0.3
0.31
0.32
0.33
0.34
0.35
0.36
0.37
0.38
0.39
0.4
0.41
0.42
0.43
0.44
0.45
0.46
0.47
0.48
0.49
0.5
0.51
0.52
0.53
0.54
0.55
0.56
0.57
0.58
0.59
0.6
0.61
0.62
0.63
0.64
0.65
0.66
0.67
0.68
0.69
0.7
0.71
0.72
0.73
0.74
0.75
0.76
0.77
0.78
0.79
0.8
0.81
0.82
0.83
0.84
0.85
0.86
0.87
0.88
0.89
0.9
0.91
0.92
0.93
0.94
0.95
0.96
0.97
0.98
0.99
1
0
0.0120975
0.0658642
0.184803
0.359587
0.551744
0.720505
0.843965
0.921433
0.964036
0.984918
0.994164
0.997902
0.999295
0.999778
0.999934
0.999981
0.999995
0.999999
1
1
1
1
1
1
1
1
1
1
1
1
0.987902
0.934136
0.815197
0.640413
0.448256
0.279495
0.156035
0.0785674
0.0359641
0.0150818
0.0058362
0.00209782
0.000704644
0.000222372
6.6254e-05
1.87187e-05
5.03487e-06
1.29392e-06
3.18744e-07
7.54866e-08
1.72326e-08
3.80142e-09
8.12114e-10
1.68363e-10
3.39348e-11
6.66118e-12
1.27539e-12
2.38535e-13
4.36365e-14
7.81755e-15
1.37312e-15
2.36709e-16
4.00881e-17
6.67578e-18
1.09405e-18
1.76589e-19
2.80927e-20
4.40783e-21
6.82548e-22
1.0437e-22
1.57686e-23
2.35514e-24
3.47899e-25
5.08518e-26
7.35805e-27
1.05439e-27
1.49688e-28
2.10609e-29
2.93781e-30
4.0641e-31
5.57744e-32
7.59554e-33
1.02673e-33
1.37798e-34
1.83665e-35
2.43167e-36
3.19874e-37
4.18158e-38
5.43349e-39
7.01902e-40
9.01601e-41
1.15178e-41
1.46357e-42
1.85019e-43
2.32727e-44
2.91318e-45
3.62943e-46
4.50111e-47
5.55733e-48
6.83177e-49
