VARIABLEs = X,u
ZONE I=101
datapacking=block
0
0.01
0.02
0.03
0.04
0.05
0.06
0.07
0.08
0.09
0.1
0.11
0.12
0.13
0.14
0.15
0.16
0.17
0.18
0.19
0.2
0.21
0.22
0.23
0.24
0.25
0.26
0.27
0.28
0.29
0.3
0.31
0.32
0.33
0.34
0.35
0.36
0.37
0.38
0.39
0.4
0.41
0.42
0.43
0.44
0.45
0.46
0.47
0.48
0.49
0.5
0.51
0.52
0.53
0.54
0.55
0.56
0.57
0.58
0.59
0.6
0.61
0.62
0.63
0.64
0.65
0.66
0.67
0.68
0.69
0.7
0.71
0.72
0.73
0.74
0.75
0.76
0.77
0.78
0.79
0.8
0.81
0.82
0.83
0.84
0.85
0.86
0.87
0.88
0.89
0.9
0.91
0.92
0.93
0.94
0.95
0.96
0.97
0.98
0.99
1
0
1.13755e-14
3.7907e-13
6.31789e-12
7.02264e-11
5.8572e-10
3.91026e-09
2.17678e-08
1.03941e-07
4.34639e-07
1.61704e-06
5.4201e-06
1.65352e-05
4.63012e-05
0.000119851
0.000288542
0.000649513
0.0013734
0.00273923
0.00517235
0.00927739
0.0158551
0.0258906
0.0405019
0.0608463
0.0879875
0.122742
0.165527
0.216239
0.274195
0.338139
0.406333
0.476708
0.547063
0.615265
0.679434
0.738086
0.790208
0.835278
0.873227
0.904363
0.929271
0.948708
0.963502
0.974466
0.982331
0.987688
0.990947
0.992297
0.991677
0.988759
0.982943
0.973386
0.95907
0.938905
0.91187
0.877178
0.834429
0.783737
0.725792
0.661854
0.593664
0.52329
0.452936
0.384735
0.320566
0.261914
0.209791
0.164722
0.126773
0.0956355
0.0707233
0.051275
0.0364515
0.0254139
0.0173804
0.0116621
0.00767938
0.0049638
0.00315029
0.00196357
0.00120231
0.000723393
0.000427792
0.000248717
0.000142202
7.99735e-05
4.42523e-05
2.40982e-05
1.29181e-05
6.81846e-06
3.54445e-06
1.81505e-06
9.15817e-07
4.55412e-07
2.23241e-07
1.07897e-07
5.14287e-08
2.41798e-08
1.1216e-08
5.13397e-09
