VARIABLEs = X,u
ZONE I=101
datapacking=block
0
0.01
0.02
0.03
0.04
0.05
0.06
0.07
0.08
0.09
0.1
0.11
0.12
0.13
0.14
0.15
0.16
0.17
0.18
0.19
0.2
0.21
0.22
0.23
0.24
0.25
0.26
0.27
0.28
0.29
0.3
0.31
0.32
0.33
0.34
0.35
0.36
0.37
0.38
0.39
0.4
0.41
0.42
0.43
0.44
0.45
0.46
0.47
0.48
0.49
0.5
0.51
0.52
0.53
0.54
0.55
0.56
0.57
0.58
0.59
0.6
0.61
0.62
0.63
0.64
0.65
0.66
0.67
0.68
0.69
0.7
0.71
0.72
0.73
0.74
0.75
0.76
0.77
0.78
0.79
0.8
0.81
0.82
0.83
0.84
0.85
0.86
0.87
0.88
0.89
0.9
0.91
0.92
0.93
0.94
0.95
0.96
0.97
0.98
0.99
1
0
2.38698e-26
1.44159e-24
4.35293e-23
8.76218e-22
1.3228e-20
1.59757e-19
1.60787e-18
1.38708e-17
1.04708e-16
7.02639e-16
4.24385e-15
2.33043e-14
1.17321e-13
5.45271e-13
2.3536e-12
9.48351e-12
3.58315e-11
1.27448e-10
4.28239e-10
1.36358e-09
4.12606e-09
1.18945e-08
3.27428e-08
8.62489e-08
2.1782e-07
5.28347e-07
1.2329e-06
2.77197e-06
6.01328e-06
1.2603e-05
2.55511e-05
5.01679e-05
9.5499e-05
0.000176432
0.000316657
0.000552633
0.000938658
0.00155299
0.00250479
0.00394147
0.00605555
0.00909021
0.0133421
0.0191605
0.0269406
0.0371117
0.0501185
0.0663965
0.0863423
0.110282
0.138439
0.170905
0.207617
0.248347
0.292694
0.3401
0.389871
0.441206
0.493238
0.545083
0.595875
0.644815
0.6912
0.734447
0.774109
0.809876
0.841562
0.869093
0.892479
0.911784
0.927094
0.938492
0.946029
0.94971
0.94948
0.945231
0.936809
0.924034
0.906731
0.88476
0.858051
0.826638
0.790681
0.750487
0.706516
0.659369
0.609776
0.558561
0.506606
0.454808
0.404038
0.355096
0.30868
0.265362
0.225565
0.189566
0.157496
0.129352
0.105015
0.0842742
