VARIABLEs = X,u
ZONE I=101
datapacking=block
0
0.01
0.02
0.03
0.04
0.05
0.06
0.07
0.08
0.09
0.1
0.11
0.12
0.13
0.14
0.15
0.16
0.17
0.18
0.19
0.2
0.21
0.22
0.23
0.24
0.25
0.26
0.27
0.28
0.29
0.3
0.31
0.32
0.33
0.34
0.35
0.36
0.37
0.38
0.39
0.4
0.41
0.42
0.43
0.44
0.45
0.46
0.47
0.48
0.49
0.5
0.51
0.52
0.53
0.54
0.55
0.56
0.57
0.58
0.59
0.6
0.61
0.62
0.63
0.64
0.65
0.66
0.67
0.68
0.69
0.7
0.71
0.72
0.73
0.74
0.75
0.76
0.77
0.78
0.79
0.8
0.81
0.82
0.83
0.84
0.85
0.86
0.87
0.88
0.89
0.9
0.91
0.92
0.93
0.94
0.95
0.96
0.97
0.98
0.99
1
0
3.4832e-11
8.79245e-10
1.1106e-08
9.36118e-08
5.92448e-07
3.00349e-06
1.27078e-05
4.61653e-05
0.000147034
0.000417184
0.001068
0.00249258
0.00534962
0.0106363
0.0197164
0.0342663
0.0561162
0.0869891
0.128176
0.180217
0.242674
0.314047
0.391893
0.473098
0.554272
0.632166
0.704039
0.767901
0.822623
0.867901
0.904121
0.932165
0.953205
0.968515
0.979331
0.986754
0.991701
0.99489
0.996828
0.997816
0.997923
0.996943
0.994342
0.989198
0.980197
0.965689
0.943861
0.913
0.871819
0.81978
0.757325
0.685952
0.608107
0.526902
0.445728
0.367834
0.295961
0.232099
0.177377
0.132099
0.0958789
0.0678347
0.0467949
0.0314848
0.0206686
0.0132434
0.00828588
0.00506422
0.00302485
0.00176646
0.00100901
0.000563983
0.000308603
0.000165379
8.68334e-05
4.46882e-05
2.25513e-05
1.11632e-05
5.4227e-06
2.58587e-06
1.21093e-06
5.57068e-07
2.51838e-07
1.11919e-07
4.89097e-08
2.10249e-08
8.89316e-09
3.70245e-09
1.51762e-09
6.12629e-10
2.43622e-10
9.54631e-11
3.68697e-11
1.40388e-11
5.27137e-12
1.95235e-12
7.13406e-13
2.57252e-13
9.15638e-14
3.21756e-14
