VARIABLEs = X,u
ZONE I=101
datapacking=block
0
0.01
0.02
0.03
0.04
0.05
0.06
0.07
0.08
0.09
0.1
0.11
0.12
0.13
0.14
0.15
0.16
0.17
0.18
0.19
0.2
0.21
0.22
0.23
0.24
0.25
0.26
0.27
0.28
0.29
0.3
0.31
0.32
0.33
0.34
0.35
0.36
0.37
0.38
0.39
0.4
0.41
0.42
0.43
0.44
0.45
0.46
0.47
0.48
0.49
0.5
0.51
0.52
0.53
0.54
0.55
0.56
0.57
0.58
0.59
0.6
0.61
0.62
0.63
0.64
0.65
0.66
0.67
0.68
0.69
0.7
0.71
0.72
0.73
0.74
0.75
0.76
0.77
0.78
0.79
0.8
0.81
0.82
0.83
0.84
0.85
0.86
0.87
0.88
0.89
0.9
0.91
0.92
0.93
0.94
0.95
0.96
0.97
0.98
0.99
1
0
6.5583e-05
0.00070154
0.00377854
0.0136851
0.0375665
0.0835559
0.157269
0.258438
0.379836
0.509251
0.633372
0.74158
0.828062
0.891883
0.935639
0.96366
0.980498
0.990032
0.995138
0.997732
0.998986
0.999565
0.999821
0.999929
0.999973
0.99999
0.999996
0.999999
1
1
0.999934
0.999298
0.996221
0.986315
0.962434
0.916444
0.842731
0.741562
0.620164
0.490749
0.366628
0.25842
0.171938
0.108117
0.064361
0.0363403
0.0195021
0.00996784
0.00486226
0.00226808
0.00101367
0.000434864
0.000179384
7.12704e-05
2.73157e-05
1.01144e-05
3.62327e-06
1.25741e-06
4.23262e-07
1.38363e-07
4.39744e-08
1.36023e-08
4.09918e-09
1.20469e-09
3.45574e-10
9.68442e-11
2.65358e-11
7.11472e-12
1.868e-12
4.80615e-13
1.2126e-13
3.00204e-14
7.29735e-15
1.7427e-15
4.09101e-16
9.44554e-17
2.14603e-17
4.80035e-18
1.05766e-18
2.2964e-19
4.91556e-20
1.03777e-20
2.16176e-21
4.44485e-22
9.0243e-23
1.8098e-23
3.58637e-24
7.02477e-25
1.3605e-25
2.60606e-26
4.93878e-27
9.26244e-28
1.71957e-28
3.16095e-29
5.75477e-30
1.0379e-30
1.85484e-31
3.28529e-32
5.7684e-33
1.00425e-33
