VARIABLEs = X,u
ZONE I=101
datapacking=block
0
0.01
0.02
0.03
0.04
0.05
0.06
0.07
0.08
0.09
0.1
0.11
0.12
0.13
0.14
0.15
0.16
0.17
0.18
0.19
0.2
0.21
0.22
0.23
0.24
0.25
0.26
0.27
0.28
0.29
0.3
0.31
0.32
0.33
0.34
0.35
0.36
0.37
0.38
0.39
0.4
0.41
0.42
0.43
0.44
0.45
0.46
0.47
0.48
0.49
0.5
0.51
0.52
0.53
0.54
0.55
0.56
0.57
0.58
0.59
0.6
0.61
0.62
0.63
0.64
0.65
0.66
0.67
0.68
0.69
0.7
0.71
0.72
0.73
0.74
0.75
0.76
0.77
0.78
0.79
0.8
0.81
0.82
0.83
0.84
0.85
0.86
0.87
0.88
0.89
0.9
0.91
0.92
0.93
0.94
0.95
0.96
0.97
0.98
0.99
1
0
3.55539e-07
5.67066e-06
4.53462e-05
0.000242539
0.000976737
0.00316124
0.00857229
0.0200504
0.0413375
0.0764045
0.128362
0.198311
0.284594
0.382805
0.486582
0.588913
0.683503
0.765798
0.833426
0.886086
0.925052
0.952522
0.971017
0.982935
0.990298
0.99467
0.997167
0.998542
0.999273
0.999648
0.999834
0.999919
0.999921
0.999743
0.999017
0.996836
0.991427
0.979949
0.958662
0.923595
0.871638
0.801689
0.715406
0.617195
0.513418
0.411087
0.316497
0.234202
0.166574
0.113914
0.0749485
0.0474778
0.0289828
0.0170654
0.00970165
0.00533033
0.00283316
0.0014582
0.000727465
0.000352093
0.000165479
7.55881e-05
3.35855e-05
1.45275e-05
6.1223e-06
2.51563e-06
1.00856e-06
3.94809e-07
1.51004e-07
5.64662e-08
2.06565e-08
7.39692e-09
2.5943e-09
8.91675e-10
3.00496e-10
9.93437e-11
3.22348e-11
1.02707e-11
3.21487e-12
9.89031e-13
2.99173e-13
8.90189e-14
2.60652e-14
7.51322e-15
2.13275e-15
5.96426e-16
1.64372e-16
4.46584e-17
1.19652e-17
3.16241e-18
8.24762e-19
2.12315e-19
5.39633e-20
1.35457e-20
3.35901e-21
8.23071e-22
1.99338e-22
4.77287e-23
1.13007e-23
2.64651e-24
