VARIABLEs = X,u
ZONE I=101
datapacking=block
0
0.01
0.02
0.03
0.04
0.05
0.06
0.07
0.08
0.09
0.1
0.11
0.12
0.13
0.14
0.15
0.16
0.17
0.18
0.19
0.2
0.21
0.22
0.23
0.24
0.25
0.26
0.27
0.28
0.29
0.3
0.31
0.32
0.33
0.34
0.35
0.36
0.37
0.38
0.39
0.4
0.41
0.42
0.43
0.44
0.45
0.46
0.47
0.48
0.49
0.5
0.51
0.52
0.53
0.54
0.55
0.56
0.57
0.58
0.59
0.6
0.61
0.62
0.63
0.64
0.65
0.66
0.67
0.68
0.69
0.7
0.71
0.72
0.73
0.74
0.75
0.76
0.77
0.78
0.79
0.8
0.81
0.82
0.83
0.84
0.85
0.86
0.87
0.88
0.89
0.9
0.91
0.92
0.93
0.94
0.95
0.96
0.97
0.98
0.99
1
0
0.200816
0.525367
0.784353
0.921478
0.976113
0.993721
0.998535
0.99969
0.99994
0.999989
0.999998
1
1
1
1
1
1
1
1
1
1
1
1
1
1
1
1
1
1
1
0.799184
0.474633
0.215647
0.0785216
0.0238871
0.00627931
0.001465
0.000309799
6.03724e-05
1.09854e-05
1.88607e-06
3.08112e-07
4.82202e-08
7.27004e-09
1.06079e-09
1.50375e-10
2.07762e-11
2.80535e-12
3.71064e-13
4.81747e-14
6.14959e-15
7.73006e-16
9.58077e-17
1.1722e-17
1.41718e-18
1.69461e-19
2.00579e-20
2.35171e-21
2.73306e-22
3.15018e-23
3.60308e-24
4.0914e-25
4.61445e-26
5.1712e-27
5.7603e-28
6.38009e-29
7.02862e-30
7.70368e-31
8.40283e-32
9.12341e-33
9.86258e-34
1.06174e-34
1.13847e-35
1.21613e-36
1.29439e-37
1.37294e-38
1.45144e-39
1.52957e-40
1.60701e-41
1.68344e-42
1.75857e-43
1.83211e-44
1.90378e-45
1.97331e-46
2.04047e-47
2.10503e-48
2.16677e-49
2.22551e-50
2.28108e-51
2.33333e-52
2.38213e-53
2.42736e-54
2.46893e-55
2.50678e-56
2.54085e-57
2.57111e-58
2.59753e-59
2.62012e-60
2.6389e-61
2.6539e-62
