VARIABLEs = X,u
ZONE I=101
datapacking=block
0
0.01
0.02
0.03
0.04
0.05
0.06
0.07
0.08
0.09
0.1
0.11
0.12
0.13
0.14
0.15
0.16
0.17
0.18
0.19
0.2
0.21
0.22
0.23
0.24
0.25
0.26
0.27
0.28
0.29
0.3
0.31
0.32
0.33
0.34
0.35
0.36
0.37
0.38
0.39
0.4
0.41
0.42
0.43
0.44
0.45
0.46
0.47
0.48
0.49
0.5
0.51
0.52
0.53
0.54
0.55
0.56
0.57
0.58
0.59
0.6
0.61
0.62
0.63
0.64
0.65
0.66
0.67
0.68
0.69
0.7
0.71
0.72
0.73
0.74
0.75
0.76
0.77
0.78
0.79
0.8
0.81
0.82
0.83
0.84
0.85
0.86
0.87
0.88
0.89
0.9
0.91
0.92
0.93
0.94
0.95
0.96
0.97
0.98
0.99
1
0
7.16056e-27
4.41134e-25
1.35875e-23
2.78994e-22
4.29636e-21
5.29283e-20
5.43369e-19
4.78146e-18
3.6817e-17
2.52003e-16
1.55251e-15
8.69571e-15
4.46511e-14
2.11666e-13
9.31853e-13
3.82958e-12
1.47573e-11
5.35334e-11
1.83451e-10
5.95725e-10
1.83831e-09
5.40427e-09
1.51705e-08
4.07491e-08
1.04937e-07
2.59536e-07
6.17503e-07
1.4155e-06
3.13059e-06
6.68893e-06
1.38242e-05
2.7668e-05
5.36839e-05
0.000101085
0.000184897
0.000328833
0.000569121
0.000959366
0.00157639
0.00252684
0.00395412
0.00604491
0.00903443
0.0132091
0.0189058
0.0265059
0.036424
0.0490907
0.0649295
0.0843291
0.107613
0.13501
0.166625
0.202416
0.242183
0.285564
0.332039
0.380954
0.431548
0.48299
0.53442
0.584992
0.633912
0.680472
0.724076
0.764254
0.800666
0.833096
0.861437
0.885667
0.905823
0.921974
0.934187
0.942511
0.946951
0.947463
0.943951
0.93628
0.924285
0.907807
0.886716
0.860945
0.830522
0.795592
0.756441
0.713496
0.667325
0.61862
0.568168
0.516819
0.465446
0.414903
0.365986
0.319396
0.27572
0.235405
0.198757
0.16594
0.136984
0.111805
