VARIABLEs = X,u
ZONE I=101
datapacking=block
0
0.01
0.02
0.03
0.04
0.05
0.06
0.07
0.08
0.09
0.1
0.11
0.12
0.13
0.14
0.15
0.16
0.17
0.18
0.19
0.2
0.21
0.22
0.23
0.24
0.25
0.26
0.27
0.28
0.29
0.3
0.31
0.32
0.33
0.34
0.35
0.36
0.37
0.38
0.39
0.4
0.41
0.42
0.43
0.44
0.45
0.46
0.47
0.48
0.49
0.5
0.51
0.52
0.53
0.54
0.55
0.56
0.57
0.58
0.59
0.6
0.61
0.62
0.63
0.64
0.65
0.66
0.67
0.68
0.69
0.7
0.71
0.72
0.73
0.74
0.75
0.76
0.77
0.78
0.79
0.8
0.81
0.82
0.83
0.84
0.85
0.86
0.87
0.88
0.89
0.9
0.91
0.92
0.93
0.94
0.95
0.96
0.97
0.98
0.99
1
0
1.06656e-07
1.83039e-06
1.57422e-05
9.05061e-05
0.00039152
0.00136008
0.00395473
0.00990731
0.0218472
0.0431204
0.0772109
0.126848
0.193067
0.274579
0.367722
0.467035
0.566293
0.659655
0.742591
0.812393
0.868214
0.910737
0.941669
0.963198
0.977565
0.986774
0.992454
0.995829
0.997765
0.998838
0.999413
0.99971
0.999847
0.999846
0.99958
0.998627
0.99604
0.99009
0.978152
0.956879
0.922789
0.873152
0.806933
0.725421
0.632278
0.532965
0.433707
0.340345
0.257409
0.187607
0.131786
0.0892625
0.0583314
0.0368023
0.022435
0.0132256
0.00754592
0.00417057
0.0022348
0.00116201
0.000586783
0.000287999
0.000137499
6.39047e-05
2.89347e-05
1.27723e-05
5.50031e-06
2.3124e-06
9.4968e-07
3.81244e-07
1.49692e-07
5.75202e-08
2.16425e-08
7.97798e-09
2.88274e-09
1.02155e-09
3.55197e-10
1.21236e-10
4.06396e-11
1.33846e-11
4.33296e-12
1.37931e-12
4.31928e-13
1.33105e-13
4.03806e-14
1.20642e-14
3.55079e-15
1.0299e-15
2.94473e-16
8.30266e-17
2.30909e-17
6.3364e-18
1.71612e-18
4.58855e-19
1.21156e-19
3.15984e-20
8.14237e-21
2.07351e-21
5.21958e-22
1.29909e-22
