VARIABLEs = X,u
ZONE I=101
datapacking=block
0
0.01
0.02
0.03
0.04
0.05
0.06
0.07
0.08
0.09
0.1
0.11
0.12
0.13
0.14
0.15
0.16
0.17
0.18
0.19
0.2
0.21
0.22
0.23
0.24
0.25
0.26
0.27
0.28
0.29
0.3
0.31
0.32
0.33
0.34
0.35
0.36
0.37
0.38
0.39
0.4
0.41
0.42
0.43
0.44
0.45
0.46
0.47
0.48
0.49
0.5
0.51
0.52
0.53
0.54
0.55
0.56
0.57
0.58
0.59
0.6
0.61
0.62
0.63
0.64
0.65
0.66
0.67
0.68
0.69
0.7
0.71
0.72
0.73
0.74
0.75
0.76
0.77
0.78
0.79
0.8
0.81
0.82
0.83
0.84
0.85
0.86
0.87
0.88
0.89
0.9
0.91
0.92
0.93
0.94
0.95
0.96
0.97
0.98
0.99
1
0
1.04491e-11
2.76426e-10
3.65889e-09
3.2314e-08
2.14247e-07
1.13769e-06
5.04099e-06
1.91739e-05
6.39219e-05
0.00018979
0.000508253
0.00124038
0.00278251
0.00577957
0.0111859
0.0202845
0.0346351
0.0559309
0.0857687
0.125364
0.17527
0.235163
0.303764
0.378913
0.457797
0.537284
0.614294
0.686142
0.750781
0.806932
0.854088
0.892418
0.922603
0.945659
0.962755
0.975072
0.983699
0.98957
0.993435
0.99584
0.99712
0.997373
0.996423
0.993775
0.988569
0.979584
0.965295
0.944033
0.914213
0.874627
0.824726
0.764835
0.696235
0.621086
0.542203
0.462716
0.385706
0.313858
0.249219
0.193068
0.145912
0.107582
0.0773967
0.0543406
0.0372445
0.0249269
0.0162963
0.0104107
0.00650141
0.00397044
0.00237215
0.00138706
0.000794077
0.000445268
0.000244646
0.000131759
6.95846e-05
3.60494e-05
1.8327e-05
9.14645e-06
4.4826e-06
2.1581e-06
1.021e-06
4.74819e-07
2.17131e-07
9.76647e-08
4.32224e-08
1.88262e-08
8.07275e-09
3.40887e-09
1.4179e-09
5.81088e-10
2.347e-10
9.34476e-11
3.66872e-11
1.42055e-11
5.42619e-12
2.04517e-12
7.60777e-13
2.79366e-13
