VARIABLEs = X,u
ZONE I=101
datapacking=block
0
0.01
0.02
0.03
0.04
0.05
0.06
0.07
0.08
0.09
0.1
0.11
0.12
0.13
0.14
0.15
0.16
0.17
0.18
0.19
0.2
0.21
0.22
0.23
0.24
0.25
0.26
0.27
0.28
0.29
0.3
0.31
0.32
0.33
0.34
0.35
0.36
0.37
0.38
0.39
0.4
0.41
0.42
0.43
0.44
0.45
0.46
0.47
0.48
0.49
0.5
0.51
0.52
0.53
0.54
0.55
0.56
0.57
0.58
0.59
0.6
0.61
0.62
0.63
0.64
0.65
0.66
0.67
0.68
0.69
0.7
0.71
0.72
0.73
0.74
0.75
0.76
0.77
0.78
0.79
0.8
0.81
0.82
0.83
0.84
0.85
0.86
0.87
0.88
0.89
0.9
0.91
0.92
0.93
0.94
0.95
0.96
0.97
0.98
0.99
1
0
2.23801e-19
9.89925e-18
2.18948e-16
3.22871e-15
3.57139e-14
3.1609e-13
2.3318e-12
1.47481e-11
8.16418e-11
4.01868e-10
1.781e-09
7.1786e-09
2.65361e-08
9.05961e-08
2.8738e-07
8.51394e-07
2.36643e-06
6.19549e-06
1.53327e-05
3.5983e-05
8.03079e-05
0.000170895
0.000347567
0.000677074
0.00126589
0.00227576
0.00394083
0.00658399
0.0106292
0.0166056
0.0251395
0.0369304
0.0527102
0.0731855
0.0989692
0.130506
0.168006
0.211386
0.260245
0.31386
0.371221
0.431089
0.492085
0.552784
0.611813
0.667943
0.720155
0.76769
0.810064
0.847058
0.878697
0.905196
0.926906
0.944255
0.957682
0.967582
0.974261
0.977886
0.978471
0.975856
0.969722
0.959618
0.945004
0.925322
0.90007
0.868883
0.831612
0.788378
0.739611
0.686053
0.628728
0.568881
0.507897
0.447206
0.388181
0.332053
0.279841
0.232302
0.189921
0.152906
0.121222
0.094633
0.0727459
0.0550679
0.0410525
0.0301418
0.0217986
0.0155298
0.0109003
0.00753874
0.00513819
0.00345172
0.00228581
0.00149241
0.00096084
0.000610089
0.000382107
0.0002361
0.000143944
8.66054e-05
