VARIABLEs = X,u
ZONE I=101
datapacking=block
0
0.01
0.02
0.03
0.04
0.05
0.06
0.07
0.08
0.09
0.1
0.11
0.12
0.13
0.14
0.15
0.16
0.17
0.18
0.19
0.2
0.21
0.22
0.23
0.24
0.25
0.26
0.27
0.28
0.29
0.3
0.31
0.32
0.33
0.34
0.35
0.36
0.37
0.38
0.39
0.4
0.41
0.42
0.43
0.44
0.45
0.46
0.47
0.48
0.49
0.5
0.51
0.52
0.53
0.54
0.55
0.56
0.57
0.58
0.59
0.6
0.61
0.62
0.63
0.64
0.65
0.66
0.67
0.68
0.69
0.7
0.71
0.72
0.73
0.74
0.75
0.76
0.77
0.78
0.79
0.8
0.81
0.82
0.83
0.84
0.85
0.86
0.87
0.88
0.89
0.9
0.91
0.92
0.93
0.94
0.95
0.96
0.97
0.98
0.99
1
0
0.0403271
0.170677
0.380028
0.60321
0.781235
0.894797
0.955263
0.982955
0.994113
0.998137
0.999455
0.999852
0.999962
0.999991
0.999998
1
1
1
1
1
1
1
1
1
1
1
1
1
1
1
0.959673
0.829323
0.619972
0.39679
0.218765
0.105203
0.0447374
0.0170446
0.00588699
0.00186257
0.000544761
0.000148467
3.79678e-05
9.16665e-06
2.10061e-06
4.5906e-07
9.60714e-08
1.93251e-08
3.74868e-09
7.03284e-10
1.27941e-10
2.2622e-11
3.89587e-12
6.54709e-13
1.07548e-13
1.72956e-14
2.7268e-15
4.21996e-16
6.41807e-17
9.60281e-18
1.41485e-18
2.05461e-19
2.94309e-20
4.16163e-21
5.8131e-22
8.02628e-23
1.09608e-23
1.48125e-24
1.98195e-25
2.62692e-26
3.45047e-27
4.49333e-28
5.80341e-29
7.43671e-30
9.45818e-31
1.19427e-31
1.49759e-32
1.86552e-33
2.30909e-34
2.84069e-35
3.47414e-36
4.22484e-37
5.10979e-38
6.14769e-39
7.35899e-40
8.76595e-41
1.03927e-41
1.22652e-42
1.44113e-43
1.68609e-44
1.96456e-45
2.27989e-46
2.63561e-47
3.03542e-48
3.48318e-49
3.98292e-50
4.53878e-51
5.15506e-52
5.83613e-53
6.5865e-54
