VARIABLEs = X,u
ZONE I=101
datapacking=block
0
0.01
0.02
0.03
0.04
0.05
0.06
0.07
0.08
0.09
0.1
0.11
0.12
0.13
0.14
0.15
0.16
0.17
0.18
0.19
0.2
0.21
0.22
0.23
0.24
0.25
0.26
0.27
0.28
0.29
0.3
0.31
0.32
0.33
0.34
0.35
0.36
0.37
0.38
0.39
0.4
0.41
0.42
0.43
0.44
0.45
0.46
0.47
0.48
0.49
0.5
0.51
0.52
0.53
0.54
0.55
0.56
0.57
0.58
0.59
0.6
0.61
0.62
0.63
0.64
0.65
0.66
0.67
0.68
0.69
0.7
0.71
0.72
0.73
0.74
0.75
0.76
0.77
0.78
0.79
0.8
0.81
0.82
0.83
0.84
0.85
0.86
0.87
0.88
0.89
0.9
0.91
0.92
0.93
0.94
0.95
0.96
0.97
0.98
0.99
1
0
0.448125
0.810246
0.9529
0.990624
0.998393
0.999752
0.999965
0.999995
0.999999
1
1
1
1
1
1
1
1
1
1
1
1
1
1
1
1
1
1
1
1
1
0.551875
0.189754
0.0470997
0.00937643
0.00160665
0.000247877
3.54299e-05
4.78018e-06
6.16589e-07
7.67263e-08
9.27158e-09
1.09339e-09
1.26317e-10
1.43388e-11
1.60312e-12
1.76871e-13
1.92876e-14
2.08164e-15
2.22596e-16
2.36061e-17
2.4847e-18
2.59759e-19
2.69882e-20
2.78813e-21
2.86541e-22
2.93071e-23
2.9842e-24
3.02618e-25
3.057e-26
3.07711e-27
3.08703e-28
3.08731e-29
3.07854e-30
3.06132e-31
3.0363e-32
3.0041e-33
2.96535e-34
2.92067e-35
2.87069e-36
2.81599e-37
2.75714e-38
2.6947e-39
2.62918e-40
2.56109e-41
2.49089e-42
2.41902e-43
2.34589e-44
2.27187e-45
2.19732e-46
2.12256e-47
2.04787e-48
1.97353e-49
1.89978e-50
1.82682e-51
1.75486e-52
1.68405e-53
1.61456e-54
1.5465e-55
1.47998e-56
1.41511e-57
1.35194e-58
1.29056e-59
1.23099e-60
1.17329e-61
1.11747e-62
1.06356e-63
1.01154e-64
9.61423e-66
9.13195e-67
8.6684e-68
