VARIABLEs = X,u
ZONE I=101
datapacking=block
0
0.01
0.02
0.03
0.04
0.05
0.06
0.07
0.08
0.09
0.1
0.11
0.12
0.13
0.14
0.15
0.16
0.17
0.18
0.19
0.2
0.21
0.22
0.23
0.24
0.25
0.26
0.27
0.28
0.29
0.3
0.31
0.32
0.33
0.34
0.35
0.36
0.37
0.38
0.39
0.4
0.41
0.42
0.43
0.44
0.45
0.46
0.47
0.48
0.49
0.5
0.51
0.52
0.53
0.54
0.55
0.56
0.57
0.58
0.59
0.6
0.61
0.62
0.63
0.64
0.65
0.66
0.67
0.68
0.69
0.7
0.71
0.72
0.73
0.74
0.75
0.76
0.77
0.78
0.79
0.8
0.81
0.82
0.83
0.84
0.85
0.86
0.87
0.88
0.89
0.9
0.91
0.92
0.93
0.94
0.95
0.96
0.97
0.98
0.99
1
0
1.00291e-19
4.51714e-18
1.01733e-16
1.52757e-15
1.72051e-14
1.55049e-13
1.16462e-12
7.49984e-12
4.22712e-11
2.11846e-10
9.55858e-10
3.92237e-09
1.47609e-08
5.13021e-08
1.6566e-07
4.99581e-07
1.41339e-06
3.76633e-06
9.48654e-06
2.26573e-05
5.14588e-05
0.000111426
0.00023058
0.000456986
0.000869164
0.00158937
0.00279916
0.00475568
0.00780627
0.0123979
0.0190776
0.0284799
0.0412992
0.0582453
0.0799854
0.107076
0.139892
0.178566
0.222941
0.272548
0.326614
0.384101
0.443768
0.504254
0.564177
0.622222
0.677225
0.728237
0.774561
0.815766
0.851675
0.882337
0.907978
0.928945
0.945647
0.958498
0.967859
0.973992
0.977026
0.976935
0.973528
0.966468
0.955298
0.939494
0.918534
0.891968
0.859499
0.821051
0.776822
0.727307
0.673298
0.615846
0.556201
0.495728
0.435813
0.377772
0.32277
0.271757
0.225428
0.184211
0.148273
0.117551
0.0917916
0.0705985
0.0534838
0.0399126
0.0293423
0.0212528
0.0151678
0.0106676
0.00739439
0.0050523
0.0034032
0.00226026
0.00148037
0.000956279
0.000609353
0.00038308
0.000237636
0.000145481
