VARIABLEs = X,u
ZONE I=101
datapacking=block
0
0.01
0.02
0.03
0.04
0.05
0.06
0.07
0.08
0.09
0.1
0.11
0.12
0.13
0.14
0.15
0.16
0.17
0.18
0.19
0.2
0.21
0.22
0.23
0.24
0.25
0.26
0.27
0.28
0.29
0.3
0.31
0.32
0.33
0.34
0.35
0.36
0.37
0.38
0.39
0.4
0.41
0.42
0.43
0.44
0.45
0.46
0.47
0.48
0.49
0.5
0.51
0.52
0.53
0.54
0.55
0.56
0.57
0.58
0.59
0.6
0.61
0.62
0.63
0.64
0.65
0.66
0.67
0.68
0.69
0.7
0.71
0.72
0.73
0.74
0.75
0.76
0.77
0.78
0.79
0.8
0.81
0.82
0.83
0.84
0.85
0.86
0.87
0.88
0.89
0.9
0.91
0.92
0.93
0.94
0.95
0.96
0.97
0.98
0.99
1
0
4.61245e-09
-2.27689e-08
-9.2978e-09
9.45956e-08
-2.50376e-08
-2.5814e-07
1.70879e-07
5.94342e-07
-6.27768e-07
-1.35089e-06
8.77108e-06
6.6407e-05
0.000308186
0.00122354
0.0044602
0.0152218
0.0494601
0.150688
0.339478
0.573393
0.774227
0.906319
0.968861
0.989973
0.996915
0.999091
0.999744
0.999933
0.999986
0.999999
1
1
1
1
1
1
1
0.999999
1
1
0.999991
0.999933
0.999692
0.998777
0.995541
0.98478
0.950541
0.849312
0.660522
0.426608
0.225772
0.0936819
0.0311399
0.0100259
0.00308554
0.000909849
0.000256013
6.69883e-05
1.44834e-05
1.29248e-06
-6.95457e-07
-1.50126e-07
1.96672e-07
1.15179e-07
-5.08066e-09
-2.46734e-08
-4.6687e-09
4.1414e-09
1.91662e-09
-4.09952e-10
-4.57256e-10
-8.89437e-12
8.49531e-11
1.65363e-11
-1.2753e-11
-4.98828e-12
1.50058e-12
1.08318e-12
-1.0845e-13
-1.96771e-13
-6.45902e-15
3.1449e-14
4.59332e-15
-4.51179e-15
-1.18324e-15
5.83685e-16
2.3508e-16
-6.73789e-17
-4.06957e-17
6.67941e-18
6.42522e-18
-4.99265e-19
-9.46813e-19
9.18163e-21
1.32082e-19
6.20631e-21
-1.73412e-20
-1.88051e-21
1.14226e-21
0
