VARIABLEs = X,u
ZONE I=101
datapacking=block
0
0.01
0.02
0.03
0.04
0.05
0.06
0.07
0.08
0.09
0.1
0.11
0.12
0.13
0.14
0.15
0.16
0.17
0.18
0.19
0.2
0.21
0.22
0.23
0.24
0.25
0.26
0.27
0.28
0.29
0.3
0.31
0.32
0.33
0.34
0.35
0.36
0.37
0.38
0.39
0.4
0.41
0.42
0.43
0.44
0.45
0.46
0.47
0.48
0.49
0.5
0.51
0.52
0.53
0.54
0.55
0.56
0.57
0.58
0.59
0.6
0.61
0.62
0.63
0.64
0.65
0.66
0.67
0.68
0.69
0.7
0.71
0.72
0.73
0.74
0.75
0.76
0.77
0.78
0.79
0.8
0.81
0.82
0.83
0.84
0.85
0.86
0.87
0.88
0.89
0.9
0.91
0.92
0.93
0.94
0.95
0.96
0.97
0.98
0.99
1
0
0.0224323
0.212567
0.586241
0.868033
0.976438
0.996205
0.999479
0.999938
0.999994
1
1
1
1
1
1
1
1
1
1
1
1
1
1
1
1
1
1
1
1
1
0.977568
0.787433
0.413759
0.131967
0.0235618
0.00379453
0.000521138
6.23469e-05
6.31125e-06
1.52484e-07
-1.50843e-07
4.36226e-08
2.28462e-08
-3.12235e-09
-1.60713e-09
3.99921e-10
1.19322e-10
-3.72594e-11
-6.53232e-12
3.23899e-12
2.47497e-13
-2.42754e-13
2.16869e-15
1.57946e-14
-1.43734e-15
-8.5967e-16
1.62458e-16
3.62416e-17
-1.26945e-17
-8.47989e-19
7.79412e-19
-3.05091e-20
-3.79423e-20
5.4074e-21
1.35436e-21
-4.07923e-22
-2.22075e-23
2.16921e-23
-1.33119e-24
-8.40166e-25
1.53264e-25
1.94591e-26
-8.81161e-27
1.98424e-28
3.41803e-28
-4.84924e-29
-7.86316e-30
2.853e-30
-4.45711e-32
-1.02677e-31
1.44379e-32
1.8817e-33
-3.72647e-34
-2.10402e-33
1.10189e-32
-5.38591e-32
2.49622e-31
-1.08994e-30
4.45841e-30
-1.69713e-29
5.96263e-29
-1.91407e-28
5.54245e-28
-1.42653e-27
3.19933e-27
-6.24383e-27
9.55862e-27
-1.16458e-26
-3.79334e-26
0
