VARIABLEs = X,u
ZONE I=101
datapacking=block
0
0.01
0.02
0.03
0.04
0.05
0.06
0.07
0.08
0.09
0.1
0.11
0.12
0.13
0.14
0.15
0.16
0.17
0.18
0.19
0.2
0.21
0.22
0.23
0.24
0.25
0.26
0.27
0.28
0.29
0.3
0.31
0.32
0.33
0.34
0.35
0.36
0.37
0.38
0.39
0.4
0.41
0.42
0.43
0.44
0.45
0.46
0.47
0.48
0.49
0.5
0.51
0.52
0.53
0.54
0.55
0.56
0.57
0.58
0.59
0.6
0.61
0.62
0.63
0.64
0.65
0.66
0.67
0.68
0.69
0.7
0.71
0.72
0.73
0.74
0.75
0.76
0.77
0.78
0.79
0.8
0.81
0.82
0.83
0.84
0.85
0.86
0.87
0.88
0.89
0.9
0.91
0.92
0.93
0.94
0.95
0.96
0.97
0.98
0.99
1
0
-4.09698e-13
5.31659e-13
1.87549e-12
-3.73928e-12
-3.20105e-12
1.35876e-11
-5.19749e-13
-3.57053e-11
2.27321e-11
7.57184e-11
-9.3582e-11
-1.34824e-10
2.74673e-10
2.01227e-10
-6.8765e-10
-2.36436e-10
1.57345e-09
1.58989e-10
-3.42023e-09
1.56266e-10
7.24222e-09
-7.90247e-10
-1.51757e-08
1.356e-09
3.16881e-08
5.21872e-10
-6.57686e-08
-1.4021e-08
1.33845e-07
6.91877e-08
-2.58887e-07
-2.54498e-07
4.44694e-07
8.19663e-07
-5.02717e-07
-2.36072e-06
1.23185e-06
2.59882e-05
0.000114529
0.000385797
0.0011688
0.00335277
0.00927563
0.0249243
0.0666147
0.161265
0.315423
0.507146
0.690771
0.834395
0.926026
0.971247
0.989015
0.995906
0.998517
0.999481
0.999827
0.999947
0.999987
0.999999
1
1
0.999999
0.999999
1
1
0.999999
0.999974
0.999885
0.999614
0.998831
0.996647
0.990724
0.975076
0.933385
0.838737
0.684582
0.492857
0.309228
0.165607
0.0739796
0.0287528
0.0109779
0.00409005
0.00148365
0.000521532
0.000174651
5.28444e-05
1.22022e-05
5.79424e-07
-1.11939e-06
-2.96813e-07
3.12634e-07
2.93587e-07
6.87873e-08
-4.93782e-08
-3.99205e-08
-3.85286e-09
3.22749e-09
0
