VARIABLEs = X,u
ZONE I=101
datapacking=block
0
0.01
0.02
0.03
0.04
0.05
0.06
0.07
0.08
0.09
0.1
0.11
0.12
0.13
0.14
0.15
0.16
0.17
0.18
0.19
0.2
0.21
0.22
0.23
0.24
0.25
0.26
0.27
0.28
0.29
0.3
0.31
0.32
0.33
0.34
0.35
0.36
0.37
0.38
0.39
0.4
0.41
0.42
0.43
0.44
0.45
0.46
0.47
0.48
0.49
0.5
0.51
0.52
0.53
0.54
0.55
0.56
0.57
0.58
0.59
0.6
0.61
0.62
0.63
0.64
0.65
0.66
0.67
0.68
0.69
0.7
0.71
0.72
0.73
0.74
0.75
0.76
0.77
0.78
0.79
0.8
0.81
0.82
0.83
0.84
0.85
0.86
0.87
0.88
0.89
0.9
0.91
0.92
0.93
0.94
0.95
0.96
0.97
0.98
0.99
1
0
4.22007e-14
3.54799e-13
-5.58114e-13
-9.09252e-13
2.59797e-12
7.42544e-13
-7.78249e-12
3.18853e-12
1.79121e-11
-1.82259e-11
-3.35275e-11
5.97468e-11
5.06383e-11
-1.57845e-10
-5.43178e-11
3.70302e-10
7.23126e-12
-8.09819e-10
1.69013e-10
1.70422e-09
-6.18694e-10
-3.5321e-09
1.56546e-09
7.32635e-09
-3.23497e-09
-1.53318e-08
5.40624e-09
3.23379e-08
-5.7148e-09
-6.80209e-08
-5.79856e-09
1.3963e-07
6.23972e-08
-2.68552e-07
-2.60438e-07
4.43681e-07
8.56758e-07
-4.14583e-07
-2.39253e-06
4.94291e-07
2.27459e-05
0.000102961
0.000347269
0.00104586
0.00297562
0.00816284
0.0217574
0.0575306
0.141614
0.284549
0.469874
0.656169
0.807847
0.909812
0.963807
0.986024
0.994696
0.998043
0.9993
0.999759
0.999922
0.999978
0.999997
1
1
0.999999
0.999999
1
1
1
0.999978
0.999897
0.999652
0.998954
0.997024
0.991837
0.978242
0.94247
0.858388
0.715455
0.530127
0.343831
0.192157
0.0901927
0.0361892
0.0139663
0.00530044
0.00195903
0.000703492
0.000242404
7.70989e-05
2.01488e-05
2.53725e-06
-1.11989e-06
-6.26042e-07
2.01938e-07
3.72082e-07
1.05839e-07
-2.12158e-08
0
