VARIABLEs = X,u
ZONE I=101
datapacking=block
0
0.01
0.02
0.03
0.04
0.05
0.06
0.07
0.08
0.09
0.1
0.11
0.12
0.13
0.14
0.15
0.16
0.17
0.18
0.19
0.2
0.21
0.22
0.23
0.24
0.25
0.26
0.27
0.28
0.29
0.3
0.31
0.32
0.33
0.34
0.35
0.36
0.37
0.38
0.39
0.4
0.41
0.42
0.43
0.44
0.45
0.46
0.47
0.48
0.49
0.5
0.51
0.52
0.53
0.54
0.55
0.56
0.57
0.58
0.59
0.6
0.61
0.62
0.63
0.64
0.65
0.66
0.67
0.68
0.69
0.7
0.71
0.72
0.73
0.74
0.75
0.76
0.77
0.78
0.79
0.8
0.81
0.82
0.83
0.84
0.85
0.86
0.87
0.88
0.89
0.9
0.91
0.92
0.93
0.94
0.95
0.96
0.97
0.98
0.99
1
0
-1.08691e-12
5.58145e-12
1.34358e-12
-2.3206e-11
1.3887e-11
5.92652e-11
-7.83649e-11
-1.08576e-10
2.60807e-10
1.32889e-10
-6.89097e-10
-2.04178e-11
1.59757e-09
-4.8617e-10
-3.43399e-09
1.91303e-09
7.11863e-09
-5.24716e-09
-1.46813e-08
1.2156e-08
3.08093e-08
-2.4908e-08
-6.65247e-08
4.45677e-08
1.47617e-07
-6.20403e-08
-3.327e-07
2.32924e-08
7.5232e-07
3.16103e-07
-1.63953e-06
-1.47271e-06
1.15376e-05
6.65037e-05
0.000246284
0.000786876
0.00234587
0.00670333
0.0185313
0.0504178
0.130428
0.273692
0.464302
0.657161
0.81275
0.915106
0.96719
0.987682
0.995476
0.998386
0.999444
0.999818
0.999946
0.999987
0.999999
1
1
1
0.999999
1
1
1
0.999988
0.999933
0.999753
0.999213
0.997654
0.993297
0.981469
0.949582
0.869571
0.726309
0.535703
0.342838
0.187247
0.0848972
0.0328181
0.0123195
0.00451968
0.00161189
0.000556954
0.000183625
5.49625e-05
1.2715e-05
7.31589e-07
-1.06423e-06
-2.85209e-07
2.95296e-07
2.68504e-07
5.52371e-08
-4.68182e-08
-3.49493e-08
-1.70814e-09
8.88715e-09
4.07757e-09
-7.69751e-10
-1.32259e-09
-2.33212e-10
9.72714e-11
0
