VARIABLEs = X,u
ZONE I=101
datapacking=block
0
0.01
0.02
0.03
0.04
0.05
0.06
0.07
0.08
0.09
0.1
0.11
0.12
0.13
0.14
0.15
0.16
0.17
0.18
0.19
0.2
0.21
0.22
0.23
0.24
0.25
0.26
0.27
0.28
0.29
0.3
0.31
0.32
0.33
0.34
0.35
0.36
0.37
0.38
0.39
0.4
0.41
0.42
0.43
0.44
0.45
0.46
0.47
0.48
0.49
0.5
0.51
0.52
0.53
0.54
0.55
0.56
0.57
0.58
0.59
0.6
0.61
0.62
0.63
0.64
0.65
0.66
0.67
0.68
0.69
0.7
0.71
0.72
0.73
0.74
0.75
0.76
0.77
0.78
0.79
0.8
0.81
0.82
0.83
0.84
0.85
0.86
0.87
0.88
0.89
0.9
0.91
0.92
0.93
0.94
0.95
0.96
0.97
0.98
0.99
1
0
-6.98529e-09
-2.34217e-08
5.69859e-08
5.19876e-08
-2.11629e-07
-4.82819e-08
5.79812e-07
-8.29005e-08
-1.5539e-06
3.32027e-06
3.98555e-05
0.000204261
0.000852702
0.0032228
0.0113376
0.0374702
0.120075
0.29286
0.526142
0.739614
0.887277
0.96179
0.987806
0.996252
0.9989
0.999692
0.999919
0.999982
0.999998
1
1
1
1
1
1
1
0.999999
1
1
0.999996
0.99996
0.999796
0.999148
0.996779
0.988664
0.962531
0.879926
0.707139
0.473858
0.260386
0.112722
0.038212
0.0121935
0.00374692
0.00110033
0.000308493
8.09603e-05
1.80742e-05
2.07323e-06
-6.66931e-07
-2.24609e-07
1.80124e-07
1.28439e-07
2.66965e-09
-2.49473e-08
-6.13454e-09
3.83905e-09
2.10419e-09
-3.13472e-10
-4.6591e-10
-2.65457e-11
8.22135e-11
1.86622e-11
-1.17974e-11
-5.08037e-12
1.32014e-12
1.04942e-12
-8.57233e-14
-1.84531e-13
-7.6962e-15
2.88275e-14
4.28265e-15
-4.07511e-15
-1.05107e-15
5.24334e-16
2.0308e-16
-6.10763e-17
-3.44532e-17
6.29473e-18
5.35514e-18
-5.36139e-19
-7.79549e-19
2.83272e-20
1.07723e-19
1.74882e-21
-1.42862e-20
-7.40756e-22
1.34923e-21
-4.6996e-23
0
