VARIABLEs = X,u
ZONE I=101
datapacking=block
0
0.01
0.02
0.03
0.04
0.05
0.06
0.07
0.08
0.09
0.1
0.11
0.12
0.13
0.14
0.15
0.16
0.17
0.18
0.19
0.2
0.21
0.22
0.23
0.24
0.25
0.26
0.27
0.28
0.29
0.3
0.31
0.32
0.33
0.34
0.35
0.36
0.37
0.38
0.39
0.4
0.41
0.42
0.43
0.44
0.45
0.46
0.47
0.48
0.49
0.5
0.51
0.52
0.53
0.54
0.55
0.56
0.57
0.58
0.59
0.6
0.61
0.62
0.63
0.64
0.65
0.66
0.67
0.68
0.69
0.7
0.71
0.72
0.73
0.74
0.75
0.76
0.77
0.78
0.79
0.8
0.81
0.82
0.83
0.84
0.85
0.86
0.87
0.88
0.89
0.9
0.91
0.92
0.93
0.94
0.95
0.96
0.97
0.98
0.99
1
0
-1.56542e-14
-2.46807e-14
1.11805e-13
-2.59052e-15
-3.69112e-13
2.9628e-13
8.14505e-13
-1.3497e-12
-1.20923e-12
4.09041e-12
5.86771e-13
-1.00251e-11
3.65745e-12
2.13198e-11
-1.7497e-11
-4.07731e-11
5.35779e-11
7.17534e-11
-1.37667e-10
-1.18636e-10
3.21532e-10
1.89804e-10
-7.08943e-10
-3.0988e-10
1.50763e-09
5.60923e-10
-3.12903e-09
-1.20716e-09
6.36292e-09
3.04506e-09
-1.26222e-08
-8.32096e-09
2.40552e-08
2.29562e-08
-4.25493e-08
-6.13576e-08
6.41442e-08
1.54709e-07
-5.8539e-08
-3.56856e-07
-8.99224e-08
7.15596e-07
7.36807e-07
-1.02605e-06
-2.64408e-06
2.81715e-06
3.28049e-05
0.000133158
0.00042718
0.00124384
0.00344308
0.00921837
0.0240457
0.0624382
0.148875
0.291366
0.473283
0.655474
0.804666
0.906316
0.961491
0.984876
0.994144
0.997793
0.999189
0.999711
0.999903
0.999972
0.999996
1
1
0.999999
0.999999
1
1
0.999998
0.999968
0.999867
0.999573
0.998756
0.996556
0.990781
0.975954
0.937563
0.851127
0.708633
0.526712
0.344526
0.19534
0.0936773
0.0385078
0.0151096
0.00585137
0.00222318
0.000807738
0.000284946
0.000105289
1.86703e-05
1.11481e-06
0
