VARIABLEs = X,u
ZONE I=101
datapacking=block
0
0.01
0.02
0.03
0.04
0.05
0.06
0.07
0.08
0.09
0.1
0.11
0.12
0.13
0.14
0.15
0.16
0.17
0.18
0.19
0.2
0.21
0.22
0.23
0.24
0.25
0.26
0.27
0.28
0.29
0.3
0.31
0.32
0.33
0.34
0.35
0.36
0.37
0.38
0.39
0.4
0.41
0.42
0.43
0.44
0.45
0.46
0.47
0.48
0.49
0.5
0.51
0.52
0.53
0.54
0.55
0.56
0.57
0.58
0.59
0.6
0.61
0.62
0.63
0.64
0.65
0.66
0.67
0.68
0.69
0.7
0.71
0.72
0.73
0.74
0.75
0.76
0.77
0.78
0.79
0.8
0.81
0.82
0.83
0.84
0.85
0.86
0.87
0.88
0.89
0.9
0.91
0.92
0.93
0.94
0.95
0.96
0.97
0.98
0.99
1
0
-1.34469e-14
7.8158e-14
6.61216e-15
-3.14579e-13
2.3996e-13
7.55525e-13
-1.2217e-12
-1.17193e-12
3.88052e-12
5.65826e-13
-9.71987e-12
3.80184e-12
2.07808e-11
-1.82348e-11
-3.93509e-11
5.60374e-11
6.73108e-11
-1.44179e-10
-1.05305e-10
3.36661e-10
1.53074e-10
-7.41896e-10
-2.16122e-10
1.57892e-09
3.35642e-10
-3.28997e-09
-6.91818e-10
6.75243e-09
1.91869e-09
-1.36264e-08
-5.9853e-09
2.67344e-08
1.84747e-08
-4.9699e-08
-5.39254e-08
8.26426e-08
1.46447e-07
-1.03365e-07
-3.6335e-07
6.4668e-09
7.9862e-07
5.78529e-07
-1.37124e-06
-2.49674e-06
5.25041e-06
4.2236e-05
0.000162572
0.000512464
0.00148241
0.00409281
0.0109442
0.02855
0.0742019
0.171654
0.324353
0.510735
0.688897
0.829643
0.921408
0.968464
0.987654
0.995266
0.998232
0.999358
0.999774
0.999926
0.99998
0.999998
1
1
0.999999
0.999999
1
1
0.999995
0.999958
0.999838
0.999487
0.998517
0.995906
0.989055
0.97145
0.9258
0.828349
0.675646
0.489261
0.311105
0.170362
0.0785906
0.0315198
0.0123444
0.00473102
0.00177582
0.000645108
0.000222472
7.42588e-05
1.79188e-05
1.48746e-06
-2.42837e-07
0
