VARIABLEs = X,u
ZONE I=101
datapacking=block
0
0.01
0.02
0.03
0.04
0.05
0.06
0.07
0.08
0.09
0.1
0.11
0.12
0.13
0.14
0.15
0.16
0.17
0.18
0.19
0.2
0.21
0.22
0.23
0.24
0.25
0.26
0.27
0.28
0.29
0.3
0.31
0.32
0.33
0.34
0.35
0.36
0.37
0.38
0.39
0.4
0.41
0.42
0.43
0.44
0.45
0.46
0.47
0.48
0.49
0.5
0.51
0.52
0.53
0.54
0.55
0.56
0.57
0.58
0.59
0.6
0.61
0.62
0.63
0.64
0.65
0.66
0.67
0.68
0.69
0.7
0.71
0.72
0.73
0.74
0.75
0.76
0.77
0.78
0.79
0.8
0.81
0.82
0.83
0.84
0.85
0.86
0.87
0.88
0.89
0.9
0.91
0.92
0.93
0.94
0.95
0.96
0.97
0.98
0.99
1
0
3.53204e-08
-7.15264e-08
-1.49994e-07
3.6556e-07
2.80704e-07
-1.26054e-06
5.90937e-07
2.51936e-05
0.000154242
0.000722482
0.00299075
0.0113211
0.0396877
0.132812
0.32394
0.569464
0.779453
0.913572
0.973077
0.991802
0.997642
0.999354
0.999832
0.99996
0.999993
1
1
1
1
1
1
1
1
1
1
1
0.999999
0.999975
0.999846
0.999279
0.997011
0.98868
0.960313
0.867188
0.676059
0.430536
0.220546
0.0864286
0.0269227
0.00819837
0.00235795
0.000645995
0.00016758
3.96291e-05
7.02704e-06
-5.36966e-08
-4.82087e-07
6.00985e-08
1.59949e-07
3.69864e-08
-2.1097e-08
-1.09658e-08
2.09764e-09
2.49928e-09
5.77574e-11
-4.38884e-10
-7.66868e-11
6.52344e-11
2.1922e-11
-8.08786e-12
-4.56202e-12
7.8858e-13
8.06108e-13
-4.23249e-14
-1.27425e-13
-4.8335e-15
1.85103e-14
2.13865e-15
-2.51022e-15
-4.73382e-16
3.21226e-16
8.42002e-17
-3.91e-17
-1.32867e-17
4.55705e-18
1.93476e-18
-5.1167e-19
-2.65346e-19
5.57004e-20
3.46978e-20
-5.92153e-21
-4.36127e-21
6.20104e-22
5.29897e-22
-6.4627e-23
-6.25048e-23
7.06345e-24
5.77481e-24
-8.9e-25
0
