VARIABLEs = X,u
ZONE I=101
datapacking=block
0
0.01
0.02
0.03
0.04
0.05
0.06
0.07
0.08
0.09
0.1
0.11
0.12
0.13
0.14
0.15
0.16
0.17
0.18
0.19
0.2
0.21
0.22
0.23
0.24
0.25
0.26
0.27
0.28
0.29
0.3
0.31
0.32
0.33
0.34
0.35
0.36
0.37
0.38
0.39
0.4
0.41
0.42
0.43
0.44
0.45
0.46
0.47
0.48
0.49
0.5
0.51
0.52
0.53
0.54
0.55
0.56
0.57
0.58
0.59
0.6
0.61
0.62
0.63
0.64
0.65
0.66
0.67
0.68
0.69
0.7
0.71
0.72
0.73
0.74
0.75
0.76
0.77
0.78
0.79
0.8
0.81
0.82
0.83
0.84
0.85
0.86
0.87
0.88
0.89
0.9
0.91
0.92
0.93
0.94
0.95
0.96
0.97
0.98
0.99
1
0
3.09836e-10
-2.90154e-10
-1.53945e-09
2.35458e-09
3.42581e-09
-9.08172e-09
-4.48048e-09
2.57161e-08
7.69482e-10
-6.21216e-08
1.54332e-08
1.38727e-07
-5.71746e-08
-3.03256e-07
1.45516e-07
6.93108e-07
-3.06949e-07
-1.82334e-06
3.04903e-06
3.49662e-05
0.000159247
0.000584103
0.00195321
0.00617655
0.0186766
0.0551018
0.151443
0.321946
0.536459
0.732249
0.873441
0.95174
0.983167
0.994223
0.998093
0.999392
0.999815
0.999948
0.999989
1
1
1
1
1
1
0.999999
1
1
0.999997
0.999965
0.999841
0.999416
0.998047
0.993824
0.981325
0.944899
0.848558
0.678056
0.463542
0.26775
0.12656
0.0482623
0.0168299
0.00577516
0.00190828
0.000608562
0.000185208
5.14184e-05
1.10349e-05
4.93459e-07
-8.28239e-07
-1.21716e-07
2.55121e-07
1.56233e-07
1.06108e-09
-3.62015e-08
-1.19196e-08
4.97426e-09
4.41289e-09
1.87351e-10
-9.46582e-10
-3.03441e-10
1.27958e-10
9.88379e-11
-2.84924e-12
-2.14933e-11
-4.35777e-12
3.43113e-12
1.61599e-12
-3.48428e-13
-3.87304e-13
-7.32117e-15
7.28066e-14
1.45465e-14
-1.10663e-14
-4.55597e-15
1.33287e-15
7.63926e-16
-1.07283e-16
0
