VARIABLEs = X,u
ZONE I=101
datapacking=block
0
0.01
0.02
0.03
0.04
0.05
0.06
0.07
0.08
0.09
0.1
0.11
0.12
0.13
0.14
0.15
0.16
0.17
0.18
0.19
0.2
0.21
0.22
0.23
0.24
0.25
0.26
0.27
0.28
0.29
0.3
0.31
0.32
0.33
0.34
0.35
0.36
0.37
0.38
0.39
0.4
0.41
0.42
0.43
0.44
0.45
0.46
0.47
0.48
0.49
0.5
0.51
0.52
0.53
0.54
0.55
0.56
0.57
0.58
0.59
0.6
0.61
0.62
0.63
0.64
0.65
0.66
0.67
0.68
0.69
0.7
0.71
0.72
0.73
0.74
0.75
0.76
0.77
0.78
0.79
0.8
0.81
0.82
0.83
0.84
0.85
0.86
0.87
0.88
0.89
0.9
0.91
0.92
0.93
0.94
0.95
0.96
0.97
0.98
0.99
1
0
-3.58073e-14
-1.58655e-13
3.47019e-13
3.18982e-13
-1.41546e-12
1.33325e-13
3.85852e-12
-2.94956e-12
-8.00904e-12
1.20291e-11
1.27722e-11
-3.5017e-11
-1.31727e-11
8.59598e-11
-4.47769e-12
-1.90262e-10
7.17503e-11
3.95157e-10
-2.55071e-10
-7.93834e-10
6.85913e-10
1.58327e-09
-1.60984e-09
-3.20385e-09
3.44896e-09
6.67133e-09
-6.8162e-09
-1.43382e-08
1.22127e-08
3.15323e-08
-1.84764e-08
-6.96777e-08
1.71389e-08
1.50643e-07
2.5006e-08
-3.05888e-07
-2.11899e-07
5.41489e-07
8.33344e-07
-6.17103e-07
-2.50768e-06
1.19196e-06
2.59544e-05
0.000112784
0.000373565
0.00111159
0.00313199
0.00851827
0.0225316
0.059205
0.144129
0.28693
0.471072
0.655933
0.806746
0.908607
0.963015
0.985633
0.994509
0.997959
0.999263
0.999743
0.999916
0.999976
0.999997
1
1
0.999999
0.999999
1
1
0.999999
0.999974
0.999887
0.999626
0.998888
0.996867
0.991481
0.977468
0.940796
0.855874
0.713073
0.528927
0.344068
0.193259
0.0913963
0.0369776
0.0143567
0.00548857
0.00204433
0.000740164
0.000257481
8.29624e-05
2.21019e-05
3.1906e-06
-1.18639e-06
-6.24405e-07
1.00658e-07
8.77989e-08
0
