VARIABLEs = X,u
ZONE I=101
datapacking=block
0
0.01
0.02
0.03
0.04
0.05
0.06
0.07
0.08
0.09
0.1
0.11
0.12
0.13
0.14
0.15
0.16
0.17
0.18
0.19
0.2
0.21
0.22
0.23
0.24
0.25
0.26
0.27
0.28
0.29
0.3
0.31
0.32
0.33
0.34
0.35
0.36
0.37
0.38
0.39
0.4
0.41
0.42
0.43
0.44
0.45
0.46
0.47
0.48
0.49
0.5
0.51
0.52
0.53
0.54
0.55
0.56
0.57
0.58
0.59
0.6
0.61
0.62
0.63
0.64
0.65
0.66
0.67
0.68
0.69
0.7
0.71
0.72
0.73
0.74
0.75
0.76
0.77
0.78
0.79
0.8
0.81
0.82
0.83
0.84
0.85
0.86
0.87
0.88
0.89
0.9
0.91
0.92
0.93
0.94
0.95
0.96
0.97
0.98
0.99
1
0
-3.26024e-11
3.537e-11
1.56951e-10
-2.69342e-10
-3.17932e-10
1.01742e-09
2.598e-10
-2.81764e-09
7.23918e-10
6.56945e-09
-4.19904e-09
-1.39084e-08
1.33183e-08
2.82811e-08
-3.41113e-08
-5.79285e-08
7.76093e-08
1.241e-07
-1.62619e-07
-2.84691e-07
3.17236e-07
7.19191e-07
-5.40147e-07
-2.02248e-06
3.37802e-06
3.56824e-05
0.000154323
0.000538176
0.00171382
0.00518082
0.0150577
0.042563
0.116936
0.259957
0.456993
0.658235
0.818725
0.921383
0.97097
0.989495
0.996314
0.998744
0.999586
0.999872
0.999965
0.999994
1
1
1
1
1
0.999999
1
1
0.999997
0.999964
0.999845
0.999462
0.998286
0.994819
0.984943
0.957438
0.883066
0.740044
0.543004
0.341766
0.181275
0.0786131
0.029027
0.0105082
0.00368884
0.00125556
0.000412376
0.000128127
3.51584e-05
6.61955e-06
-4.09341e-07
-7.75615e-07
1.82767e-08
2.96376e-07
1.46091e-07
-1.18672e-08
-4.1313e-08
-1.22394e-08
6.20471e-09
5.36077e-09
3.31851e-10
-1.19334e-09
-4.63642e-10
1.38471e-10
1.50198e-10
1.20248e-11
-3.07069e-11
-1.11139e-11
3.8376e-12
3.43564e-12
-5.865e-14
-4.92607e-13
-4.25393e-16
0
