VARIABLEs = X,u
ZONE I=101
datapacking=block
0
0.01
0.02
0.03
0.04
0.05
0.06
0.07
0.08
0.09
0.1
0.11
0.12
0.13
0.14
0.15
0.16
0.17
0.18
0.19
0.2
0.21
0.22
0.23
0.24
0.25
0.26
0.27
0.28
0.29
0.3
0.31
0.32
0.33
0.34
0.35
0.36
0.37
0.38
0.39
0.4
0.41
0.42
0.43
0.44
0.45
0.46
0.47
0.48
0.49
0.5
0.51
0.52
0.53
0.54
0.55
0.56
0.57
0.58
0.59
0.6
0.61
0.62
0.63
0.64
0.65
0.66
0.67
0.68
0.69
0.7
0.71
0.72
0.73
0.74
0.75
0.76
0.77
0.78
0.79
0.8
0.81
0.82
0.83
0.84
0.85
0.86
0.87
0.88
0.89
0.9
0.91
0.92
0.93
0.94
0.95
0.96
0.97
0.98
0.99
1
0
7.23722e-13
-1.33786e-11
7.47821e-12
4.64923e-11
-6.10524e-11
-9.52615e-11
2.3221e-10
1.12776e-10
-6.51325e-10
4.48357e-11
1.54112e-09
-7.16985e-10
-3.29441e-09
2.61765e-09
6.67816e-09
-7.15861e-09
-1.33812e-08
1.69977e-08
2.74623e-08
-3.67991e-08
-5.91068e-08
7.3576e-08
1.34281e-07
-1.33152e-07
-3.19404e-07
1.98475e-07
7.92839e-07
-1.0535e-07
-2.02342e-06
1.99688e-07
2.08507e-05
9.99907e-05
0.000353741
0.00111533
0.0033161
0.00947883
0.0262276
0.0721228
0.176344
0.342935
0.543256
0.726183
0.862175
0.942734
0.978661
0.992111
0.99717
0.999015
0.999671
0.999897
0.999972
0.999995
1
1
1
0.999999
0.999999
1
1
1
0.999979
0.9999
0.999646
0.998884
0.996684
0.990521
0.973773
0.927878
0.823655
0.657065
0.456746
0.273816
0.137822
0.0572696
0.0213479
0.00789062
0.00282652
0.000983387
0.000329729
0.000103723
2.80884e-05
4.6985e-06
-7.6852e-07
-7.23802e-07
9.3469e-08
3.22595e-07
1.46105e-07
-1.77817e-08
-4.60821e-08
-1.39318e-08
6.88484e-09
6.45213e-09
6.83899e-10
-1.39766e-09
-6.73189e-10
1.19647e-10
2.01544e-10
3.16564e-11
-1.49345e-11
0
