VARIABLEs = X,u
ZONE I=101
datapacking=block
0
0.01
0.02
0.03
0.04
0.05
0.06
0.07
0.08
0.09
0.1
0.11
0.12
0.13
0.14
0.15
0.16
0.17
0.18
0.19
0.2
0.21
0.22
0.23
0.24
0.25
0.26
0.27
0.28
0.29
0.3
0.31
0.32
0.33
0.34
0.35
0.36
0.37
0.38
0.39
0.4
0.41
0.42
0.43
0.44
0.45
0.46
0.47
0.48
0.49
0.5
0.51
0.52
0.53
0.54
0.55
0.56
0.57
0.58
0.59
0.6
0.61
0.62
0.63
0.64
0.65
0.66
0.67
0.68
0.69
0.7
0.71
0.72
0.73
0.74
0.75
0.76
0.77
0.78
0.79
0.8
0.81
0.82
0.83
0.84
0.85
0.86
0.87
0.88
0.89
0.9
0.91
0.92
0.93
0.94
0.95
0.96
0.97
0.98
0.99
1
0
3.4228e-11
-2.37537e-10
3.06563e-12
9.34824e-10
-6.92286e-10
-2.32504e-09
3.27018e-09
4.3948e-09
-1.02168e-08
-6.64223e-09
2.63779e-08
7.97558e-09
-6.15238e-08
-7.40169e-09
1.36411e-07
7.64566e-09
-2.98135e-07
-2.92898e-08
6.70043e-07
1.83378e-07
-1.63835e-06
-2.26349e-07
1.81633e-05
9.45041e-05
0.000355232
0.00118422
0.00370824
0.0111109
0.03207
0.0916923
0.220085
0.411313
0.620156
0.793213
0.908188
0.966067
0.987892
0.995802
0.998591
0.999542
0.999859
0.999962
0.999993
1
1
1
1
1
0.999999
1
1
1
0.999982
0.999905
0.999645
0.998816
0.996292
0.98889
0.967931
0.908309
0.779918
0.588687
0.379843
0.206789
0.091812
0.0339271
0.0121056
0.0041999
0.0014102
0.000456898
0.000140444
3.85017e-05
7.5038e-06
-2.23906e-07
-7.78482e-07
-8.6508e-09
2.81108e-07
1.41144e-07
-1.08379e-08
-3.84686e-08
-1.07459e-08
5.96633e-09
4.70165e-09
1.10733e-10
-1.07587e-09
-3.50976e-10
1.44955e-10
1.20565e-10
5.88436e-13
-2.6377e-11
-6.86244e-12
3.95333e-12
2.39612e-12
-2.69244e-13
-5.54419e-13
-6.48765e-14
9.77085e-14
2.59962e-14
-7.13681e-15
0
