VARIABLEs = X,u
ZONE I=101
datapacking=block
0
0.01
0.02
0.03
0.04
0.05
0.06
0.07
0.08
0.09
0.1
0.11
0.12
0.13
0.14
0.15
0.16
0.17
0.18
0.19
0.2
0.21
0.22
0.23
0.24
0.25
0.26
0.27
0.28
0.29
0.3
0.31
0.32
0.33
0.34
0.35
0.36
0.37
0.38
0.39
0.4
0.41
0.42
0.43
0.44
0.45
0.46
0.47
0.48
0.49
0.5
0.51
0.52
0.53
0.54
0.55
0.56
0.57
0.58
0.59
0.6
0.61
0.62
0.63
0.64
0.65
0.66
0.67
0.68
0.69
0.7
0.71
0.72
0.73
0.74
0.75
0.76
0.77
0.78
0.79
0.8
0.81
0.82
0.83
0.84
0.85
0.86
0.87
0.88
0.89
0.9
0.91
0.92
0.93
0.94
0.95
0.96
0.97
0.98
0.99
1
0
1.2601e-10
4.79335e-10
-1.11926e-09
-1.00191e-09
4.40028e-09
2.08944e-10
-1.22185e-08
5.35214e-09
2.82677e-08
-2.28668e-08
-5.96326e-08
6.6242e-08
1.22697e-07
-1.62287e-07
-2.60985e-07
3.68594e-07
6.16415e-07
-8.3078e-07
-1.66247e-06
7.29272e-06
5.34336e-05
0.000223333
0.000789174
0.00257848
0.00800679
0.0238192
0.0698963
0.181974
0.364609
0.579131
0.76489
0.893056
0.960298
0.986073
0.995232
0.998426
0.999498
0.999847
0.999958
0.999992
1
1
1
1
1
1
0.999999
1
1
0.999993
0.999946
0.999776
0.999211
0.997422
0.991994
0.976182
0.930105
0.818027
0.635394
0.420869
0.23511
0.106946
0.0397026
0.0139231
0.00476749
0.00157567
0.00050227
0.000152214
4.14726e-05
8.25594e-06
-5.48042e-08
-7.66552e-07
-2.61114e-08
2.6504e-07
1.32683e-07
-1.11651e-08
-3.52802e-08
-8.8553e-09
5.74598e-09
3.9678e-09
-1.18099e-10
-9.41493e-10
-2.38064e-10
1.44817e-10
9.0112e-11
-8.44696e-12
-2.12015e-11
-3.216e-12
3.64935e-12
1.45611e-12
-4.24868e-13
-3.76e-13
8.68825e-15
7.43917e-14
1.21595e-14
-1.1951e-14
-4.04713e-15
8.81493e-16
2.6561e-16
0
