VARIABLEs = X,u
ZONE I=101
datapacking=block
0
0.01
0.02
0.03
0.04
0.05
0.06
0.07
0.08
0.09
0.1
0.11
0.12
0.13
0.14
0.15
0.16
0.17
0.18
0.19
0.2
0.21
0.22
0.23
0.24
0.25
0.26
0.27
0.28
0.29
0.3
0.31
0.32
0.33
0.34
0.35
0.36
0.37
0.38
0.39
0.4
0.41
0.42
0.43
0.44
0.45
0.46
0.47
0.48
0.49
0.5
0.51
0.52
0.53
0.54
0.55
0.56
0.57
0.58
0.59
0.6
0.61
0.62
0.63
0.64
0.65
0.66
0.67
0.68
0.69
0.7
0.71
0.72
0.73
0.74
0.75
0.76
0.77
0.78
0.79
0.8
0.81
0.82
0.83
0.84
0.85
0.86
0.87
0.88
0.89
0.9
0.91
0.92
0.93
0.94
0.95
0.96
0.97
0.98
0.99
1
0
-1.30558e-08
-7.93315e-09
8.00032e-08
-2.28338e-08
-2.42178e-07
1.78119e-07
5.70496e-07
-6.83786e-07
-1.23789e-06
9.98779e-06
7.37868e-05
0.000346793
0.0014016
0.00519315
0.0179459
0.0593561
0.176869
0.38143
0.61748
0.808387
0.925747
0.976217
0.992493
0.997752
0.999356
0.999825
0.999956
0.999992
1
1
1
1
1
1
1
1
0.999999
1
1
0.99999
0.999926
0.999654
0.998599
0.994808
0.982056
0.940645
0.823131
0.618569
0.38252
0.191613
0.0742523
0.0237845
0.00750617
0.00224756
0.000644032
0.000175306
4.35652e-05
8.23032e-06
9.51926e-08
-5.76209e-07
2.16108e-08
1.88988e-07
6.20774e-08
-2.05632e-08
-1.71104e-08
5.21612e-10
3.63575e-09
6.72038e-10
-5.67163e-10
-2.32522e-10
6.48254e-11
5.35338e-11
-3.09763e-12
-9.92548e-12
-8.88466e-13
1.57523e-12
3.53889e-13
-2.17156e-13
-8.31114e-14
2.56387e-14
1.58593e-14
-2.41155e-15
-2.66875e-15
1.25497e-16
4.10221e-16
1.46225e-17
-5.87047e-17
-6.35102e-18
7.91439e-18
1.40215e-18
-1.01338e-18
-2.50214e-19
1.23975e-19
3.97788e-20
-1.45645e-20
-5.85039e-21
1.66794e-21
6.69669e-22
-1.42067e-22
0
