VARIABLEs = X,u
ZONE I=101
datapacking=block
0
0.01
0.02
0.03
0.04
0.05
0.06
0.07
0.08
0.09
0.1
0.11
0.12
0.13
0.14
0.15
0.16
0.17
0.18
0.19
0.2
0.21
0.22
0.23
0.24
0.25
0.26
0.27
0.28
0.29
0.3
0.31
0.32
0.33
0.34
0.35
0.36
0.37
0.38
0.39
0.4
0.41
0.42
0.43
0.44
0.45
0.46
0.47
0.48
0.49
0.5
0.51
0.52
0.53
0.54
0.55
0.56
0.57
0.58
0.59
0.6
0.61
0.62
0.63
0.64
0.65
0.66
0.67
0.68
0.69
0.7
0.71
0.72
0.73
0.74
0.75
0.76
0.77
0.78
0.79
0.8
0.81
0.82
0.83
0.84
0.85
0.86
0.87
0.88
0.89
0.9
0.91
0.92
0.93
0.94
0.95
0.96
0.97
0.98
0.99
1
0
1.52621e-11
-2.61848e-11
-6.50748e-11
1.57812e-10
9.55307e-11
-5.36643e-10
7.16184e-11
1.37335e-09
-8.83611e-10
-2.96126e-09
3.30281e-09
5.74508e-09
-9.27908e-09
-1.06088e-08
2.26915e-08
1.98477e-08
-5.12113e-08
-4.01431e-08
1.09809e-07
9.14207e-08
-2.26657e-07
-2.338e-07
4.51978e-07
6.67252e-07
-8.31753e-07
-2.02254e-06
5.09545e-06
4.27618e-05
0.000176253
0.000598994
0.00187154
0.00556737
0.0159525
0.0446031
0.120574
0.263732
0.459029
0.65796
0.817106
0.919699
0.969981
0.989027
0.9961
0.998653
0.999551
0.999859
0.999961
0.999992
1
1
1
1
0.999999
0.999999
1
1
0.999995
0.999957
0.999823
0.999401
0.998128
0.994433
0.984048
0.955398
0.879428
0.736267
0.540969
0.342041
0.182893
0.0802973
0.0300207
0.0109789
0.00390164
0.00134541
0.000448197
0.000141608
3.98501e-05
8.00183e-06
-1.90988e-07
-8.66618e-07
-5.02668e-08
3.05806e-07
1.77803e-07
1.28205e-09
-4.4917e-08
-1.76162e-08
5.13574e-09
6.51422e-09
1.07034e-09
-1.24521e-09
-6.8141e-10
7.95235e-11
1.87967e-10
3.8919e-11
-3.21059e-11
-1.82605e-11
2.67943e-12
3.22749e-12
-1.41763e-13
0
