VARIABLEs = X,u
ZONE I=101
datapacking=block
0
0.01
0.02
0.03
0.04
0.05
0.06
0.07
0.08
0.09
0.1
0.11
0.12
0.13
0.14
0.15
0.16
0.17
0.18
0.19
0.2
0.21
0.22
0.23
0.24
0.25
0.26
0.27
0.28
0.29
0.3
0.31
0.32
0.33
0.34
0.35
0.36
0.37
0.38
0.39
0.4
0.41
0.42
0.43
0.44
0.45
0.46
0.47
0.48
0.49
0.5
0.51
0.52
0.53
0.54
0.55
0.56
0.57
0.58
0.59
0.6
0.61
0.62
0.63
0.64
0.65
0.66
0.67
0.68
0.69
0.7
0.71
0.72
0.73
0.74
0.75
0.76
0.77
0.78
0.79
0.8
0.81
0.82
0.83
0.84
0.85
0.86
0.87
0.88
0.89
0.9
0.91
0.92
0.93
0.94
0.95
0.96
0.97
0.98
0.99
1
0
4.03551e-15
-4.1805e-14
1.46501e-14
1.51955e-13
-1.75912e-13
-3.17295e-13
7.25429e-13
3.41258e-13
-2.08013e-12
4.2975e-13
4.79441e-12
-3.61726e-12
-9.35405e-12
1.27287e-11
1.56299e-11
-3.48326e-11
-2.17221e-11
8.37597e-11
2.18006e-11
-1.86561e-10
-2.51554e-12
3.97115e-10
-6.18747e-11
-8.25489e-10
2.12551e-10
1.70139e-09
-4.93462e-10
-3.50824e-09
8.75109e-10
7.2522e-09
-9.70215e-10
-1.49468e-08
-8.55644e-10
3.02867e-08
9.9628e-09
-5.88085e-08
-4.15973e-08
1.04173e-07
1.33857e-07
-1.48734e-07
-3.66289e-07
8.68552e-08
8.61016e-07
4.79751e-07
-1.5778e-06
-2.43319e-06
6.47454e-06
4.67015e-05
0.000175243
0.000545002
0.00156129
0.00427557
0.0113496
0.0294232
0.0759722
0.173996
0.326328
0.511515
0.688465
0.828563
0.920345
0.967809
0.987332
0.995111
0.998161
0.999326
0.999761
0.999921
0.999979
0.999998
1
1
0.999999
0.999999
1
1
0.999994
0.999954
0.999825
0.999455
0.998438
0.995724
0.98865
0.970577
0.92403
0.826006
0.673671
0.488477
0.31154
0.171437
0.0796543
0.0321857
0.0126387
0.0049044
0.00185686
0.00064582
0.000274726
6.06737e-05
4.88646e-06
0
