VARIABLEs = X,u
ZONE I=101
datapacking=block
0
0.01
0.02
0.03
0.04
0.05
0.06
0.07
0.08
0.09
0.1
0.11
0.12
0.13
0.14
0.15
0.16
0.17
0.18
0.19
0.2
0.21
0.22
0.23
0.24
0.25
0.26
0.27
0.28
0.29
0.3
0.31
0.32
0.33
0.34
0.35
0.36
0.37
0.38
0.39
0.4
0.41
0.42
0.43
0.44
0.45
0.46
0.47
0.48
0.49
0.5
0.51
0.52
0.53
0.54
0.55
0.56
0.57
0.58
0.59
0.6
0.61
0.62
0.63
0.64
0.65
0.66
0.67
0.68
0.69
0.7
0.71
0.72
0.73
0.74
0.75
0.76
0.77
0.78
0.79
0.8
0.81
0.82
0.83
0.84
0.85
0.86
0.87
0.88
0.89
0.9
0.91
0.92
0.93
0.94
0.95
0.96
0.97
0.98
0.99
1
0
-4.48228e-09
6.05788e-08
-1.77284e-08
-2.20483e-07
1.75253e-07
5.44618e-07
-7.18642e-07
-1.14129e-06
1.09885e-05
8.06737e-05
0.000386629
0.00159734
0.00603178
0.0211362
0.0712894
0.206227
0.425739
0.660752
0.840073
0.942265
0.981957
0.994464
0.99839
0.999553
0.999883
0.999973
0.999996
1
1
1
1
1
1
1
1
1
1
1
0.999989
0.999919
0.999614
0.998404
0.99397
0.978865
0.928711
0.793773
0.574261
0.339248
0.159928
0.0577338
0.0180433
0.00553618
0.00160998
0.00044693
0.000117096
2.72239e-05
4.15258e-06
-4.71322e-07
-3.6753e-07
1.29686e-07
1.49164e-07
1.96343e-08
-2.39688e-08
-8.8303e-09
3.04376e-09
2.3771e-09
-1.18267e-10
-4.63717e-10
-5.6521e-11
7.4579e-11
2.13732e-11
-9.86374e-12
-4.98724e-12
1.01199e-12
9.46088e-13
-5.49976e-14
-1.57096e-13
-7.5717e-15
2.35927e-14
3.33176e-15
-3.25827e-15
-7.61864e-16
4.17456e-16
1.4038e-16
-4.9786e-17
-2.29364e-17
5.51735e-18
3.45465e-18
-5.63304e-19
-4.8963e-19
5.18575e-20
6.61343e-20
-4.07659e-21
-8.58731e-21
2.26927e-22
1.07985e-21
-5.94109e-24
-1.00949e-22
7.7555e-24
0
