VARIABLEs = X,u
ZONE I=101
datapacking=block
0
0.01
0.02
0.03
0.04
0.05
0.06
0.07
0.08
0.09
0.1
0.11
0.12
0.13
0.14
0.15
0.16
0.17
0.18
0.19
0.2
0.21
0.22
0.23
0.24
0.25
0.26
0.27
0.28
0.29
0.3
0.31
0.32
0.33
0.34
0.35
0.36
0.37
0.38
0.39
0.4
0.41
0.42
0.43
0.44
0.45
0.46
0.47
0.48
0.49
0.5
0.51
0.52
0.53
0.54
0.55
0.56
0.57
0.58
0.59
0.6
0.61
0.62
0.63
0.64
0.65
0.66
0.67
0.68
0.69
0.7
0.71
0.72
0.73
0.74
0.75
0.76
0.77
0.78
0.79
0.8
0.81
0.82
0.83
0.84
0.85
0.86
0.87
0.88
0.89
0.9
0.91
0.92
0.93
0.94
0.95
0.96
0.97
0.98
0.99
1
0
7.47287e-10
1.96795e-09
-5.85734e-09
-3.29671e-09
2.13774e-08
-2.59023e-09
-5.68196e-08
3.02824e-08
1.29094e-07
-1.08071e-07
-2.75471e-07
2.95648e-07
6.05766e-07
-7.70778e-07
-1.47803e-06
8.28365e-06
5.95862e-05
0.00025648
0.000941716
0.00319686
0.0102744
0.0314752
0.0951325
0.235989
0.443593
0.659666
0.828596
0.931368
0.976528
0.992066
0.997429
0.999198
0.999761
0.999934
0.999985
0.999999
1
1
1
1
1
1
0.999999
1
1
0.999992
0.99994
0.999743
0.999058
0.996804
0.989727
0.968527
0.904869
0.764011
0.556407
0.340335
0.171403
0.0686314
0.0234751
0.0079342
0.00256979
0.000802277
0.000239671
6.63448e-05
1.50099e-05
1.37577e-06
-8.01412e-07
-2.16662e-07
2.20914e-07
1.61426e-07
9.72257e-09
-3.28904e-08
-1.18023e-08
4.22199e-09
3.89828e-09
1.36764e-10
-8.06583e-10
-2.28517e-10
1.15e-10
7.35039e-11
-7.20829e-12
-1.62118e-11
-1.86276e-12
2.7834e-12
8.77596e-13
-3.66709e-13
-2.26776e-13
2.94311e-14
4.57831e-14
1.82412e-15
-7.8054e-15
-1.43789e-15
1.14456e-15
3.96916e-16
-1.4148e-16
-8.34656e-17
1.42212e-17
1.13057e-17
-1.34839e-18
0
