VARIABLEs = X,u
ZONE I=101
datapacking=block
0
0.01
0.02
0.03
0.04
0.05
0.06
0.07
0.08
0.09
0.1
0.11
0.12
0.13
0.14
0.15
0.16
0.17
0.18
0.19
0.2
0.21
0.22
0.23
0.24
0.25
0.26
0.27
0.28
0.29
0.3
0.31
0.32
0.33
0.34
0.35
0.36
0.37
0.38
0.39
0.4
0.41
0.42
0.43
0.44
0.45
0.46
0.47
0.48
0.49
0.5
0.51
0.52
0.53
0.54
0.55
0.56
0.57
0.58
0.59
0.6
0.61
0.62
0.63
0.64
0.65
0.66
0.67
0.68
0.69
0.7
0.71
0.72
0.73
0.74
0.75
0.76
0.77
0.78
0.79
0.8
0.81
0.82
0.83
0.84
0.85
0.86
0.87
0.88
0.89
0.9
0.91
0.92
0.93
0.94
0.95
0.96
0.97
0.98
0.99
1
0
3.5963e-14
-1.39827e-13
-8.04283e-14
6.23738e-13
-2.48975e-13
-1.67574e-12
1.90525e-12
3.16465e-12
-6.87812e-12
-3.77219e-12
1.87357e-11
-7.26677e-13
-4.32725e-11
2.07879e-11
8.94146e-11
-7.94553e-11
-1.71054e-10
2.24657e-10
3.12044e-10
-5.53279e-10
-5.6099e-10
1.25814e-09
1.03447e-09
-2.71673e-09
-2.03865e-09
5.64571e-09
4.3973e-09
-1.13196e-08
-1.0295e-08
2.16908e-08
2.53199e-08
-3.86004e-08
-6.29834e-08
5.90909e-08
1.5314e-07
-5.74654e-08
-3.51187e-07
-6.96996e-08
7.2506e-07
6.63845e-07
-1.15838e-06
-2.52135e-06
4.11089e-06
3.79235e-05
0.000150147
0.000480241
0.00140367
0.00390913
0.0105343
0.0276642
0.0723831
0.169217
0.322284
0.509914
0.689343
0.830762
0.922505
0.969135
0.987983
0.995422
0.998303
0.999389
0.999788
0.999931
0.999982
0.999998
1
1
0.999999
0.999999
1
1
0.999996
0.999962
0.99985
0.99952
0.998596
0.99609
0.989465
0.972336
0.927618
0.830786
0.677717
0.490084
0.310659
0.169243
0.0774949
0.0308545
0.0120074
0.00457788
0.00170135
0.000613786
0.000212282
6.66337e-05
1.72049e-05
1.59517e-06
-1.25288e-06
-3.46103e-07
1.11093e-07
0
