VARIABLEs = X,u
ZONE I=101
datapacking=block
0
0.01
0.02
0.03
0.04
0.05
0.06
0.07
0.08
0.09
0.1
0.11
0.12
0.13
0.14
0.15
0.16
0.17
0.18
0.19
0.2
0.21
0.22
0.23
0.24
0.25
0.26
0.27
0.28
0.29
0.3
0.31
0.32
0.33
0.34
0.35
0.36
0.37
0.38
0.39
0.4
0.41
0.42
0.43
0.44
0.45
0.46
0.47
0.48
0.49
0.5
0.51
0.52
0.53
0.54
0.55
0.56
0.57
0.58
0.59
0.6
0.61
0.62
0.63
0.64
0.65
0.66
0.67
0.68
0.69
0.7
0.71
0.72
0.73
0.74
0.75
0.76
0.77
0.78
0.79
0.8
0.81
0.82
0.83
0.84
0.85
0.86
0.87
0.88
0.89
0.9
0.91
0.92
0.93
0.94
0.95
0.96
0.97
0.98
0.99
1
0
-1.62687e-12
2.59582e-13
9.09556e-12
-8.86524e-12
-2.31434e-11
4.34262e-11
3.52141e-11
-1.3687e-10
-1.14033e-11
3.43683e-10
-1.36674e-10
-7.49565e-10
6.05915e-10
1.49511e-09
-1.80428e-09
-2.8453e-09
4.54815e-09
5.39426e-09
-1.0434e-08
-1.06463e-08
2.2483e-08
2.26071e-08
-4.60265e-08
-5.20031e-08
8.89624e-08
1.27153e-07
-1.56695e-07
-3.20741e-07
2.23196e-07
8.20283e-07
-7.97387e-08
-2.06223e-06
-2.04489e-07
1.89611e-05
9.23727e-05
0.000325084
0.00101393
0.00297787
0.00841115
0.0230198
0.0624861
0.155337
0.310192
0.504992
0.691814
0.837087
0.928591
0.972744
0.989743
0.996241
0.998662
0.999541
0.999851
0.999956
0.99999
1
1
1
0.999999
0.999999
1
1
1
0.999981
0.999907
0.999675
0.998986
0.997022
0.991589
0.97698
0.937514
0.844662
0.68981
0.495012
0.308184
0.162911
0.0714146
0.0272634
0.0102556
0.003754
0.0013365
0.000460351
0.000150516
4.39699e-05
9.3688e-06
3.40853e-09
-1.00556e-06
-1.45656e-07
3.28035e-07
2.38079e-07
2.94881e-08
-5.07958e-08
-2.98496e-08
1.4838e-09
8.85271e-09
3.23625e-09
-1.21006e-09
-8.57514e-10
5.33338e-11
0
