VARIABLEs = X,u
ZONE I=101
datapacking=block
0
0.01
0.02
0.03
0.04
0.05
0.06
0.07
0.08
0.09
0.1
0.11
0.12
0.13
0.14
0.15
0.16
0.17
0.18
0.19
0.2
0.21
0.22
0.23
0.24
0.25
0.26
0.27
0.28
0.29
0.3
0.31
0.32
0.33
0.34
0.35
0.36
0.37
0.38
0.39
0.4
0.41
0.42
0.43
0.44
0.45
0.46
0.47
0.48
0.49
0.5
0.51
0.52
0.53
0.54
0.55
0.56
0.57
0.58
0.59
0.6
0.61
0.62
0.63
0.64
0.65
0.66
0.67
0.68
0.69
0.7
0.71
0.72
0.73
0.74
0.75
0.76
0.77
0.78
0.79
0.8
0.81
0.82
0.83
0.84
0.85
0.86
0.87
0.88
0.89
0.9
0.91
0.92
0.93
0.94
0.95
0.96
0.97
0.98
0.99
1
0
-2.26194e-14
7.36762e-15
1.2277e-13
-1.38873e-13
-2.91783e-13
6.4371e-13
3.44326e-13
-1.94861e-12
3.79628e-13
4.60862e-12
-3.55006e-12
-9.04146e-12
1.27867e-11
1.48348e-11
-3.53287e-11
-1.92724e-11
8.51587e-11
1.45047e-11
-1.89257e-10
1.74647e-11
4.00852e-10
-1.12747e-10
-8.285e-10
3.35444e-10
1.70054e-09
-7.79942e-10
-3.50616e-09
1.52649e-09
7.29253e-09
-2.41955e-09
-1.5244e-08
2.28307e-09
3.16392e-08
3.45865e-09
-6.37821e-08
-2.91838e-08
1.20113e-07
1.14039e-07
-1.94138e-07
-3.48823e-07
2.00175e-07
9.04878e-07
2.52263e-07
-1.90127e-06
-1.98164e-06
9.92518e-06
5.90623e-05
0.000212809
0.000652527
0.00185926
0.00508026
0.0134701
0.0349743
0.0898599
0.199062
0.360774
0.548551
0.720395
0.851546
0.933593
0.973642
0.989671
0.996051
0.998529
0.999467
0.999814
0.99994
0.999985
0.999999
1
1
0.999999
0.999999
1
1
0.999991
0.999941
0.999787
0.999347
0.99814
0.994919
0.986529
0.965026
0.910143
0.80094
0.639223
0.451447
0.279608
0.14846
0.0663962
0.026357
0.0103165
0.00395248
0.00148214
0.000529063
0.000186305
6.17886e-05
9.20571e-06
3.35952e-07
0
