VARIABLEs = X,u
ZONE I=101
datapacking=block
0
0.01
0.02
0.03
0.04
0.05
0.06
0.07
0.08
0.09
0.1
0.11
0.12
0.13
0.14
0.15
0.16
0.17
0.18
0.19
0.2
0.21
0.22
0.23
0.24
0.25
0.26
0.27
0.28
0.29
0.3
0.31
0.32
0.33
0.34
0.35
0.36
0.37
0.38
0.39
0.4
0.41
0.42
0.43
0.44
0.45
0.46
0.47
0.48
0.49
0.5
0.51
0.52
0.53
0.54
0.55
0.56
0.57
0.58
0.59
0.6
0.61
0.62
0.63
0.64
0.65
0.66
0.67
0.68
0.69
0.7
0.71
0.72
0.73
0.74
0.75
0.76
0.77
0.78
0.79
0.8
0.81
0.82
0.83
0.84
0.85
0.86
0.87
0.88
0.89
0.9
0.91
0.92
0.93
0.94
0.95
0.96
0.97
0.98
0.99
1
0
-4.87639e-12
5.58018e-10
-4.34312e-10
-1.85429e-09
2.75065e-09
3.75879e-09
-9.6659e-09
-5.08148e-09
2.62948e-08
2.83844e-09
-6.25793e-08
8.42161e-09
1.39485e-07
-3.6454e-08
-3.0589e-07
8.82042e-08
6.99318e-07
-1.40199e-07
-1.81627e-06
1.74566e-06
2.85698e-05
0.000134556
0.000496008
0.0016546
0.00521149
0.0157062
0.0459
0.128889
0.285529
0.494322
0.696261
0.849059
0.93952
0.97867
0.992554
0.9975
0.999189
0.999747
0.999926
0.999983
0.999998
1
1
1
1
1
0.999999
1
1
0.999998
0.999971
0.999865
0.999504
0.998345
0.994789
0.984295
0.954101
0.871112
0.714473
0.505679
0.303739
0.150942
0.0604817
0.0213262
0.00744386
0.00250099
0.000812374
0.000253037
7.31614e-05
1.74712e-05
1.92257e-06
-8.72441e-07
-3.33736e-07
2.18899e-07
2.12795e-07
3.66978e-08
-3.704e-08
-2.12806e-08
2.0972e-09
5.8706e-09
1.36581e-09
-9.45425e-10
-5.84459e-10
4.9857e-11
1.42976e-10
2.62717e-11
-2.41439e-11
-1.14014e-11
2.38258e-12
2.88717e-12
1.45255e-13
-5.48648e-13
-1.40658e-13
7.95379e-14
4.23995e-14
-7.47934e-15
-9.03364e-15
-4.77444e-16
6.37162e-16
0
