VARIABLEs = X,u
ZONE I=101
datapacking=block
0
0.01
0.02
0.03
0.04
0.05
0.06
0.07
0.08
0.09
0.1
0.11
0.12
0.13
0.14
0.15
0.16
0.17
0.18
0.19
0.2
0.21
0.22
0.23
0.24
0.25
0.26
0.27
0.28
0.29
0.3
0.31
0.32
0.33
0.34
0.35
0.36
0.37
0.38
0.39
0.4
0.41
0.42
0.43
0.44
0.45
0.46
0.47
0.48
0.49
0.5
0.51
0.52
0.53
0.54
0.55
0.56
0.57
0.58
0.59
0.6
0.61
0.62
0.63
0.64
0.65
0.66
0.67
0.68
0.69
0.7
0.71
0.72
0.73
0.74
0.75
0.76
0.77
0.78
0.79
0.8
0.81
0.82
0.83
0.84
0.85
0.86
0.87
0.88
0.89
0.9
0.91
0.92
0.93
0.94
0.95
0.96
0.97
0.98
0.99
1
0
4.23065e-14
1.04613e-14
-2.51492e-13
1.82541e-13
6.8369e-13
-1.07606e-12
-1.13053e-12
3.62855e-12
5.78433e-13
-9.35104e-12
3.82656e-12
2.01774e-11
-1.8691e-11
-3.78977e-11
5.79151e-11
6.28841e-11
-1.49487e-10
-9.1932e-11
3.49106e-10
1.15766e-10
-7.68401e-10
-1.19726e-10
1.63419e-09
1.01167e-10
-3.41136e-09
-1.47576e-10
7.04741e-09
7.05293e-10
-1.44158e-08
-3.39369e-09
2.89606e-08
1.32585e-08
-5.60105e-08
-4.44614e-08
1.00007e-07
1.32898e-07
-1.48305e-07
-3.57471e-07
1.11422e-07
8.58415e-07
3.79772e-07
-1.69926e-06
-2.15412e-06
8.33531e-06
5.35942e-05
0.000197574
0.000613714
0.00176564
0.00486437
0.0129936
0.0339415
0.0878838
0.196653
0.358937
0.548027
0.721024
0.852696
0.93461
0.97422
0.989954
0.996184
0.998589
0.999493
0.999825
0.999944
0.999986
1
1
1
0.999999
0.999999
1
1
0.999992
0.999947
0.999803
0.999386
0.998234
0.995135
0.987006
0.966059
0.912118
0.80335
0.641063
0.451971
0.278979
0.147309
0.0653871
0.0257678
0.0100389
0.0038185
0.00141451
0.000509999
0.000173346
5.40419e-05
1.29649e-05
1.28018e-07
-6.36219e-07
-6.89085e-09
0
