VARIABLEs = X,u
ZONE I=101
datapacking=block
0
0.01
0.02
0.03
0.04
0.05
0.06
0.07
0.08
0.09
0.1
0.11
0.12
0.13
0.14
0.15
0.16
0.17
0.18
0.19
0.2
0.21
0.22
0.23
0.24
0.25
0.26
0.27
0.28
0.29
0.3
0.31
0.32
0.33
0.34
0.35
0.36
0.37
0.38
0.39
0.4
0.41
0.42
0.43
0.44
0.45
0.46
0.47
0.48
0.49
0.5
0.51
0.52
0.53
0.54
0.55
0.56
0.57
0.58
0.59
0.6
0.61
0.62
0.63
0.64
0.65
0.66
0.67
0.68
0.69
0.7
0.71
0.72
0.73
0.74
0.75
0.76
0.77
0.78
0.79
0.8
0.81
0.82
0.83
0.84
0.85
0.86
0.87
0.88
0.89
0.9
0.91
0.92
0.93
0.94
0.95
0.96
0.97
0.98
0.99
1
0
-6.2466e-07
1.02698e-06
2.8581e-05
0.000254802
0.00165242
0.00864713
0.0382889
0.152503
0.389663
0.66106
0.859318
0.958555
0.989016
0.997254
0.999361
0.999861
0.999973
0.999996
1
1
1
1
1
1
1
1
1
1
1
1
1
1
0.999973
0.999746
0.998348
0.991352
0.96171
0.847497
0.610337
0.33894
0.140682
0.0414451
0.0109835
0.00274628
0.000639341
0.000138815
2.72071e-05
3.73055e-06
-3.29011e-07
-2.14372e-07
1.09256e-07
7.18657e-08
-4.31729e-09
-1.10714e-08
-2.43821e-10
1.72506e-09
1.95071e-10
-2.33246e-10
-4.29495e-11
2.98615e-11
7.44185e-12
-3.60378e-12
-1.11136e-12
4.19444e-13
1.50971e-13
-4.75291e-14
-1.90431e-14
5.30331e-15
2.26068e-15
-5.86594e-16
-2.54387e-16
6.45458e-17
2.7242e-17
-7.06192e-18
-2.77994e-18
7.65607e-19
2.70068e-19
-8.18162e-20
-2.48922e-20
8.56859e-21
2.1621e-21
-8.746e-22
-1.74821e-22
8.65746e-23
1.28541e-23
-8.27466e-24
-8.15503e-25
7.60466e-25
3.79981e-26
-6.71405e-26
2.58769e-28
5.0151e-27
7.7395e-28
-2.24437e-27
3.10415e-27
-5.27432e-27
8.27558e-27
-1.13121e-26
-3.87717e-26
0
