VARIABLEs = X,u
ZONE I=101
datapacking=block
0
0.01
0.02
0.03
0.04
0.05
0.06
0.07
0.08
0.09
0.1
0.11
0.12
0.13
0.14
0.15
0.16
0.17
0.18
0.19
0.2
0.21
0.22
0.23
0.24
0.25
0.26
0.27
0.28
0.29
0.3
0.31
0.32
0.33
0.34
0.35
0.36
0.37
0.38
0.39
0.4
0.41
0.42
0.43
0.44
0.45
0.46
0.47
0.48
0.49
0.5
0.51
0.52
0.53
0.54
0.55
0.56
0.57
0.58
0.59
0.6
0.61
0.62
0.63
0.64
0.65
0.66
0.67
0.68
0.69
0.7
0.71
0.72
0.73
0.74
0.75
0.76
0.77
0.78
0.79
0.8
0.81
0.82
0.83
0.84
0.85
0.86
0.87
0.88
0.89
0.9
0.91
0.92
0.93
0.94
0.95
0.96
0.97
0.98
0.99
1
0
2.65326e-10
-7.96878e-10
-8.69194e-10
3.81992e-09
2.0443e-10
-1.14156e-08
5.57349e-09
2.70415e-08
-2.46143e-08
-5.67709e-08
7.28711e-08
1.14325e-07
-1.81835e-07
-2.36838e-07
4.22898e-07
5.49744e-07
-1.00405e-06
-1.39664e-06
9.74309e-06
6.40573e-05
0.000263138
0.000929212
0.00304719
0.00950171
0.0283636
0.0837795
0.210416
0.40493
0.619716
0.796706
0.912344
0.96864
0.989086
0.99633
0.998809
0.999628
0.99989
0.999971
0.999995
1
1
1
1
1
1
1
1
1
0.99999
0.999936
0.999737
0.999071
0.996953
0.990499
0.971638
0.916221
0.789585
0.595073
0.380284
0.203294
0.0876588
0.0313611
0.0109106
0.00366901
0.00119174
0.000372401
0.000109715
2.82089e-05
4.6213e-06
-6.09891e-07
-5.61434e-07
1.16663e-07
2.4303e-07
7.72152e-08
-2.83989e-08
-2.74438e-08
-1.85549e-09
6.01118e-09
2.28712e-09
-6.99008e-10
-7.08072e-10
-3.56477e-11
1.45128e-10
4.39506e-11
-2.00655e-11
-1.38012e-11
1.02936e-12
3.01443e-12
4.22778e-13
-5.08329e-13
-1.80891e-13
6.35283e-14
4.5773e-14
-3.85423e-15
-9.11533e-15
-7.75059e-16
1.5083e-15
3.14557e-16
-1.09964e-16
0
