VARIABLEs = X,u
ZONE I=101
datapacking=block
0
0.01
0.02
0.03
0.04
0.05
0.06
0.07
0.08
0.09
0.1
0.11
0.12
0.13
0.14
0.15
0.16
0.17
0.18
0.19
0.2
0.21
0.22
0.23
0.24
0.25
0.26
0.27
0.28
0.29
0.3
0.31
0.32
0.33
0.34
0.35
0.36
0.37
0.38
0.39
0.4
0.41
0.42
0.43
0.44
0.45
0.46
0.47
0.48
0.49
0.5
0.51
0.52
0.53
0.54
0.55
0.56
0.57
0.58
0.59
0.6
0.61
0.62
0.63
0.64
0.65
0.66
0.67
0.68
0.69
0.7
0.71
0.72
0.73
0.74
0.75
0.76
0.77
0.78
0.79
0.8
0.81
0.82
0.83
0.84
0.85
0.86
0.87
0.88
0.89
0.9
0.91
0.92
0.93
0.94
0.95
0.96
0.97
0.98
0.99
1
0
5.84675e-15
-1.7935e-13
1.27255e-13
5.95457e-13
-9.14536e-13
-1.0786e-12
3.33198e-12
6.18688e-13
-8.91148e-12
3.73041e-12
1.95054e-11
-1.885e-11
-3.64351e-11
5.91798e-11
5.85715e-11
-1.53555e-10
-7.87951e-11
3.58847e-10
7.85669e-11
-7.88457e-10
-2.23208e-11
1.67329e-09
-1.3864e-10
-3.49211e-09
4.16357e-10
7.24277e-09
-5.7347e-10
-1.49712e-08
-5.94797e-10
3.0669e-08
7.4071e-09
-6.12817e-08
-3.31279e-08
1.15654e-07
1.14161e-07
-1.9185e-07
-3.38487e-07
2.21769e-07
8.9043e-07
1.44136e-07
-1.99241e-06
-1.5742e-06
1.21868e-05
6.72211e-05
0.000239182
0.000733899
0.00210194
0.00578075
0.0154276
0.0404207
0.103612
0.223847
0.394898
0.584838
0.751662
0.873761
0.946
0.978945
0.991853
0.996935
0.998878
0.999602
0.999865
0.999959
0.999991
1
1
1
0.999999
1
1
1
0.999988
0.999933
0.999761
0.999266
0.997897
0.994219
0.984572
0.95958
0.896391
0.776156
0.605101
0.41516
0.248341
0.126243
0.0539961
0.0210432
0.00814125
0.00306742
0.00112586
0.000399597
0.000134105
3.9423e-05
8.37219e-06
-4.28374e-07
-1.03027e-06
-9.68216e-08
1.1159e-07
0
