VARIABLEs = X,u
ZONE I=101
datapacking=block
0
0.01
0.02
0.03
0.04
0.05
0.06
0.07
0.08
0.09
0.1
0.11
0.12
0.13
0.14
0.15
0.16
0.17
0.18
0.19
0.2
0.21
0.22
0.23
0.24
0.25
0.26
0.27
0.28
0.29
0.3
0.31
0.32
0.33
0.34
0.35
0.36
0.37
0.38
0.39
0.4
0.41
0.42
0.43
0.44
0.45
0.46
0.47
0.48
0.49
0.5
0.51
0.52
0.53
0.54
0.55
0.56
0.57
0.58
0.59
0.6
0.61
0.62
0.63
0.64
0.65
0.66
0.67
0.68
0.69
0.7
0.71
0.72
0.73
0.74
0.75
0.76
0.77
0.78
0.79
0.8
0.81
0.82
0.83
0.84
0.85
0.86
0.87
0.88
0.89
0.9
0.91
0.92
0.93
0.94
0.95
0.96
0.97
0.98
0.99
1
0
2.49185e-14
6.61251e-14
-2.02009e-13
-8.11834e-14
7.38222e-13
-3.29392e-13
-1.8238e-12
2.11849e-12
3.31129e-12
-7.24445e-12
-3.95107e-12
1.92516e-11
-1.79519e-13
-4.40839e-11
1.87349e-11
9.14321e-11
-7.29815e-11
-1.77578e-10
2.07144e-10
3.32525e-10
-5.10305e-10
-6.19131e-10
1.15791e-09
1.18468e-09
-2.48616e-09
-2.39712e-09
5.1088e-09
5.19323e-09
-1.00394e-08
-1.19282e-08
1.85763e-08
2.8315e-08
-3.09825e-08
-6.73718e-08
4.07922e-08
1.55642e-07
-1.57706e-08
-3.35442e-07
-1.54509e-07
6.32515e-07
7.92845e-07
-8.21671e-07
-2.59165e-06
1.96706e-06
2.93097e-05
0.000122854
0.000400212
0.0011776
0.00328782
0.00887009
0.0232941
0.0608405
0.146548
0.289199
0.472207
0.655701
0.805687
0.907442
0.962243
0.98525
0.994325
0.997876
0.999226
0.999727
0.999909
0.999974
0.999996
1
1
0.999999
0.999999
1
1
0.999998
0.999971
0.999877
0.9996
0.998822
0.996711
0.991129
0.976706
0.939161
0.853456
0.710802
0.52779
0.344299
0.194318
0.0925587
0.0377467
0.0147385
0.0056759
0.00212685
0.000778713
0.00027171
8.87992e-05
2.51012e-05
2.86528e-06
-4.21899e-07
-1.19286e-07
0
