VARIABLEs = X,u
ZONE I=101
datapacking=block
0
0.01
0.02
0.03
0.04
0.05
0.06
0.07
0.08
0.09
0.1
0.11
0.12
0.13
0.14
0.15
0.16
0.17
0.18
0.19
0.2
0.21
0.22
0.23
0.24
0.25
0.26
0.27
0.28
0.29
0.3
0.31
0.32
0.33
0.34
0.35
0.36
0.37
0.38
0.39
0.4
0.41
0.42
0.43
0.44
0.45
0.46
0.47
0.48
0.49
0.5
0.51
0.52
0.53
0.54
0.55
0.56
0.57
0.58
0.59
0.6
0.61
0.62
0.63
0.64
0.65
0.66
0.67
0.68
0.69
0.7
0.71
0.72
0.73
0.74
0.75
0.76
0.77
0.78
0.79
0.8
0.81
0.82
0.83
0.84
0.85
0.86
0.87
0.88
0.89
0.9
0.91
0.92
0.93
0.94
0.95
0.96
0.97
0.98
0.99
1
0
-3.26711e-13
-3.09411e-12
4.59251e-12
8.25428e-12
-2.18199e-11
-8.64296e-12
6.66912e-11
-1.89069e-11
-1.58953e-10
1.31005e-10
3.1896e-10
-4.48828e-10
-5.59439e-10
1.21784e-09
8.77509e-10
-2.92938e-09
-1.26629e-09
6.57632e-09
1.81497e-09
-1.41889e-08
-3.11774e-09
2.99165e-08
7.65243e-09
-6.20258e-08
-2.40301e-08
1.25845e-07
7.94328e-08
-2.44736e-07
-2.54181e-07
4.3399e-07
7.85477e-07
-5.63657e-07
-2.29976e-06
1.94581e-06
2.90994e-05
0.000125995
0.000425442
0.00129953
0.00376471
0.0105174
0.0285287
0.0770091
0.182869
0.348182
0.544862
0.724548
0.859165
0.940209
0.977317
0.991461
0.996878
0.998892
0.999622
0.999878
0.999965
0.999993
1
1
1
0.999999
0.999999
1
1
0.999998
0.999971
0.999874
0.999574
0.9987
0.996235
0.989483
0.971472
0.92299
0.817131
0.651822
0.455141
0.27545
0.140835
0.0597975
0.0226869
0.00853482
0.00311818
0.00110797
0.000380208
0.000123057
3.48978e-05
6.67832e-06
-5.09761e-07
-9.00889e-07
-1.87992e-08
3.45112e-07
2.04511e-07
6.91764e-09
-5.23466e-08
-2.44951e-08
4.13325e-09
8.64838e-09
2.07286e-09
-8.22763e-10
-2.23255e-10
0
