VARIABLEs = X,u
ZONE I=101
datapacking=block
0
0.01
0.02
0.03
0.04
0.05
0.06
0.07
0.08
0.09
0.1
0.11
0.12
0.13
0.14
0.15
0.16
0.17
0.18
0.19
0.2
0.21
0.22
0.23
0.24
0.25
0.26
0.27
0.28
0.29
0.3
0.31
0.32
0.33
0.34
0.35
0.36
0.37
0.38
0.39
0.4
0.41
0.42
0.43
0.44
0.45
0.46
0.47
0.48
0.49
0.5
0.51
0.52
0.53
0.54
0.55
0.56
0.57
0.58
0.59
0.6
0.61
0.62
0.63
0.64
0.65
0.66
0.67
0.68
0.69
0.7
0.71
0.72
0.73
0.74
0.75
0.76
0.77
0.78
0.79
0.8
0.81
0.82
0.83
0.84
0.85
0.86
0.87
0.88
0.89
0.9
0.91
0.92
0.93
0.94
0.95
0.96
0.97
0.98
0.99
1
0
-6.43384e-09
-1.4811e-07
1.34922e-07
4.78005e-07
-7.11913e-07
-1.04401e-06
1.18514e-05
9.0766e-05
0.000463733
0.00203402
0.00806108
0.0292376
0.10237
0.274792
0.519241
0.743705
0.895035
0.966893
0.990018
0.997145
0.999224
0.9998
0.999953
0.999991
1
1
1
1
1
1
1
1
1
1
1
1
0.999988
0.99991
0.999537
0.997967
0.99194
0.970763
0.897629
0.725208
0.480758
0.256295
0.104964
0.0331074
0.00998166
0.00285522
0.000776052
0.0001998
4.73235e-05
8.79733e-06
2.47915e-07
-5.21161e-07
2.05529e-08
1.6114e-07
4.51628e-08
-1.90889e-08
-1.17488e-08
1.6145e-09
2.50345e-09
1.30745e-10
-4.19834e-10
-8.23863e-11
6.03461e-11
2.14032e-11
-7.30896e-12
-4.2448e-12
7.08976e-13
7.26563e-13
-4.13656e-14
-1.12281e-13
-2.88954e-15
1.60588e-14
1.52977e-15
-2.15827e-15
-3.41593e-16
2.75594e-16
6.01538e-17
-3.3726e-17
-9.34376e-18
3.98524e-18
1.33578e-18
-4.57891e-19
-1.7954e-19
5.15005e-20
2.29724e-20
-5.70749e-21
-2.82042e-21
6.27088e-22
3.3403e-22
-6.86668e-23
-3.82983e-23
7.54461e-24
4.15743e-24
-5.33168e-25
-2.15115e-25
0
