VARIABLEs = X,u
ZONE I=101
datapacking=block
0
0.01
0.02
0.03
0.04
0.05
0.06
0.07
0.08
0.09
0.1
0.11
0.12
0.13
0.14
0.15
0.16
0.17
0.18
0.19
0.2
0.21
0.22
0.23
0.24
0.25
0.26
0.27
0.28
0.29
0.3
0.31
0.32
0.33
0.34
0.35
0.36
0.37
0.38
0.39
0.4
0.41
0.42
0.43
0.44
0.45
0.46
0.47
0.48
0.49
0.5
0.51
0.52
0.53
0.54
0.55
0.56
0.57
0.58
0.59
0.6
0.61
0.62
0.63
0.64
0.65
0.66
0.67
0.68
0.69
0.7
0.71
0.72
0.73
0.74
0.75
0.76
0.77
0.78
0.79
0.8
0.81
0.82
0.83
0.84
0.85
0.86
0.87
0.88
0.89
0.9
0.91
0.92
0.93
0.94
0.95
0.96
0.97
0.98
0.99
1
0
7.54796e-13
-1.97724e-12
-2.58263e-12
1.00507e-11
5.28802e-13
-3.04505e-11
1.93305e-11
6.84752e-11
-8.92094e-11
-1.2125e-10
2.74436e-10
1.62809e-10
-7.00643e-10
-1.1721e-10
1.60953e-09
-1.85702e-10
-3.48262e-09
1.07256e-09
7.32536e-09
-3.07658e-09
-1.53195e-08
6.82e-09
3.22867e-08
-1.21398e-08
-6.8813e-08
1.44783e-08
1.47296e-07
7.74558e-09
-3.10877e-07
-1.33162e-07
6.27831e-07
6.33026e-07
-1.09582e-06
-2.24031e-06
5.25468e-06
4.26902e-05
0.00016937
0.000552682
0.00165749
0.00474128
0.0131076
0.0353198
0.094117
0.212869
0.387291
0.583551
0.755234
0.879023
0.950114
0.981092
0.992893
0.997407
0.999083
0.999688
0.999901
0.999972
0.999995
1
1
1
0.999999
0.999999
1
1
0.999995
0.999957
0.99983
0.999447
0.998342
0.995258
0.986892
0.96468
0.905882
0.787132
0.612714
0.41645
0.244764
0.120979
0.0498931
0.0189086
0.00710148
0.00259006
0.000918298
0.000313704
0.000100287
2.74276e-05
4.53706e-06
-8.46987e-07
-7.65725e-07
9.19966e-08
3.48203e-07
1.69429e-07
-1.22054e-08
-5.17753e-08
-1.91898e-08
6.44961e-09
7.86569e-09
1.24184e-09
-5.85839e-10
0
