VARIABLEs = X,u
ZONE I=101
datapacking=block
0
0.01
0.02
0.03
0.04
0.05
0.06
0.07
0.08
0.09
0.1
0.11
0.12
0.13
0.14
0.15
0.16
0.17
0.18
0.19
0.2
0.21
0.22
0.23
0.24
0.25
0.26
0.27
0.28
0.29
0.3
0.31
0.32
0.33
0.34
0.35
0.36
0.37
0.38
0.39
0.4
0.41
0.42
0.43
0.44
0.45
0.46
0.47
0.48
0.49
0.5
0.51
0.52
0.53
0.54
0.55
0.56
0.57
0.58
0.59
0.6
0.61
0.62
0.63
0.64
0.65
0.66
0.67
0.68
0.69
0.7
0.71
0.72
0.73
0.74
0.75
0.76
0.77
0.78
0.79
0.8
0.81
0.82
0.83
0.84
0.85
0.86
0.87
0.88
0.89
0.9
0.91
0.92
0.93
0.94
0.95
0.96
0.97
0.98
0.99
1
0
3.47399e-13
-2.98215e-12
6.34135e-13
1.1233e-11
-1.10758e-11
-2.54301e-11
4.81981e-11
3.70405e-11
-1.44302e-10
-1.44515e-11
3.54391e-10
-1.23299e-10
-7.70054e-10
5.55473e-10
1.55257e-09
-1.65173e-09
-3.02155e-09
4.1442e-09
5.89627e-09
-9.43258e-09
-1.19406e-08
2.00493e-08
2.56418e-08
-4.00652e-08
-5.84409e-08
7.40834e-08
1.38972e-07
-1.18992e-07
-3.36013e-07
1.27606e-07
8.10282e-07
1.52397e-07
-1.86856e-06
-1.10928e-06
1.40786e-05
7.51525e-05
0.000270819
0.000850896
0.00250382
0.00707403
0.0193588
0.0522611
0.133411
0.276632
0.465829
0.656905
0.81144
0.913704
0.966311
0.987253
0.995275
0.998299
0.999408
0.999804
0.99994
0.999985
0.999998
1
1
1
0.999999
1
1
1
0.999986
0.999925
0.999729
0.999149
0.997496
0.992926
0.980641
0.947739
0.866588
0.723371
0.534176
0.343094
0.188559
0.0863009
0.0336961
0.012745
0.00471929
0.00169959
0.000593489
0.000198066
6.03043e-05
1.44585e-05
1.12434e-06
-1.10185e-06
-3.69085e-07
2.79536e-07
2.95558e-07
7.70419e-08
-4.41505e-08
-4.05397e-08
-5.16497e-09
9.28769e-09
4.93785e-09
-9.9632e-11
-4.22566e-10
0
