VARIABLEs = X,u
ZONE I=101
datapacking=block
0
0.01
0.02
0.03
0.04
0.05
0.06
0.07
0.08
0.09
0.1
0.11
0.12
0.13
0.14
0.15
0.16
0.17
0.18
0.19
0.2
0.21
0.22
0.23
0.24
0.25
0.26
0.27
0.28
0.29
0.3
0.31
0.32
0.33
0.34
0.35
0.36
0.37
0.38
0.39
0.4
0.41
0.42
0.43
0.44
0.45
0.46
0.47
0.48
0.49
0.5
0.51
0.52
0.53
0.54
0.55
0.56
0.57
0.58
0.59
0.6
0.61
0.62
0.63
0.64
0.65
0.66
0.67
0.68
0.69
0.7
0.71
0.72
0.73
0.74
0.75
0.76
0.77
0.78
0.79
0.8
0.81
0.82
0.83
0.84
0.85
0.86
0.87
0.88
0.89
0.9
0.91
0.92
0.93
0.94
0.95
0.96
0.97
0.98
0.99
1
0
-2.69986e-11
-1.51118e-11
1.67782e-10
-7.92929e-11
-4.96024e-10
5.73525e-10
1.02301e-09
-2.07416e-09
-1.55869e-09
5.75207e-09
1.50705e-09
-1.38712e-08
3.90073e-10
3.10253e-08
-6.20526e-09
-6.70873e-08
1.81815e-08
1.44312e-07
-3.45924e-08
-3.1516e-07
3.19063e-08
7.17057e-07
1.28338e-07
-1.7448e-06
-2.8874e-07
1.79802e-05
9.21253e-05
0.000339472
0.00110809
0.00339992
0.00999987
0.0283809
0.0799846
0.195435
0.374722
0.5812
0.760751
0.887068
0.956085
0.984071
0.994315
0.998035
0.999341
0.999789
0.999939
0.999986
0.999999
1
1
1
1
0.999999
1
1
1
0.999982
0.999908
0.99966
0.998892
0.9966
0.99
0.97162
0.920017
0.804566
0.625276
0.418799
0.23925
0.11293
0.0439108
0.0159318
0.00568837
0.00196533
0.000657353
0.000210405
6.18108e-05
1.44774e-05
1.19002e-06
-9.69111e-07
-2.92276e-07
2.58578e-07
2.32729e-07
4.05323e-08
-4.20709e-08
-2.62289e-08
1.21214e-09
7.21244e-09
2.27593e-09
-9.93693e-10
-8.78853e-10
-4.1993e-11
1.946e-10
6.79877e-11
-2.49557e-11
-2.23858e-11
-5.20688e-13
4.8456e-12
1.20822e-12
-4.36489e-13
-9.58386e-14
0
