VARIABLEs = X,u
ZONE I=101
datapacking=block
0
0.01
0.02
0.03
0.04
0.05
0.06
0.07
0.08
0.09
0.1
0.11
0.12
0.13
0.14
0.15
0.16
0.17
0.18
0.19
0.2
0.21
0.22
0.23
0.24
0.25
0.26
0.27
0.28
0.29
0.3
0.31
0.32
0.33
0.34
0.35
0.36
0.37
0.38
0.39
0.4
0.41
0.42
0.43
0.44
0.45
0.46
0.47
0.48
0.49
0.5
0.51
0.52
0.53
0.54
0.55
0.56
0.57
0.58
0.59
0.6
0.61
0.62
0.63
0.64
0.65
0.66
0.67
0.68
0.69
0.7
0.71
0.72
0.73
0.74
0.75
0.76
0.77
0.78
0.79
0.8
0.81
0.82
0.83
0.84
0.85
0.86
0.87
0.88
0.89
0.9
0.91
0.92
0.93
0.94
0.95
0.96
0.97
0.98
0.99
1
0
-1.59567e-08
1.62181e-08
7.88274e-08
-1.14532e-07
-1.87418e-07
4.12724e-07
3.3316e-07
-1.25818e-06
2.73467e-07
2.2222e-05
0.000131068
0.000581614
0.00229074
0.00833225
0.0282599
0.0935173
0.24821
0.476666
0.701754
0.865262
0.953023
0.985172
0.995446
0.998669
0.999629
0.999902
0.999978
0.999997
1
1
1
1
1
1
1
1
1
1
1
0.999978
0.999869
0.999419
0.997711
0.991669
0.971742
0.906483
0.75179
0.523333
0.298246
0.134738
0.0469767
0.0148288
0.00455307
0.00133086
0.000371437
9.75108e-05
2.22918e-05
3.02122e-06
-5.94301e-07
-2.98063e-07
1.57662e-07
1.39898e-07
1.09805e-08
-2.4711e-08
-7.53489e-09
3.46865e-09
2.25873e-09
-2.1513e-10
-4.67943e-10
-4.25748e-11
7.86987e-11
2.02839e-11
-1.08239e-11
-5.07859e-12
1.15623e-12
1.00318e-12
-6.79291e-14
-1.71213e-13
-8.03121e-15
2.61999e-14
3.85274e-15
-3.65741e-15
-9.08905e-16
4.69187e-16
1.71264e-16
-5.5278e-17
-2.85028e-17
5.91844e-18
4.36169e-18
-5.58825e-19
-6.26832e-19
4.26389e-20
8.5714e-20
-1.70919e-21
-1.12554e-20
-2.14384e-22
1.40502e-21
1.03147e-22
-8.76189e-23
0
