VARIABLEs = X,u
ZONE I=101
datapacking=block
0
0.01
0.02
0.03
0.04
0.05
0.06
0.07
0.08
0.09
0.1
0.11
0.12
0.13
0.14
0.15
0.16
0.17
0.18
0.19
0.2
0.21
0.22
0.23
0.24
0.25
0.26
0.27
0.28
0.29
0.3
0.31
0.32
0.33
0.34
0.35
0.36
0.37
0.38
0.39
0.4
0.41
0.42
0.43
0.44
0.45
0.46
0.47
0.48
0.49
0.5
0.51
0.52
0.53
0.54
0.55
0.56
0.57
0.58
0.59
0.6
0.61
0.62
0.63
0.64
0.65
0.66
0.67
0.68
0.69
0.7
0.71
0.72
0.73
0.74
0.75
0.76
0.77
0.78
0.79
0.8
0.81
0.82
0.83
0.84
0.85
0.86
0.87
0.88
0.89
0.9
0.91
0.92
0.93
0.94
0.95
0.96
0.97
0.98
0.99
1
0
8.3298e-13
-6.00351e-13
-4.24286e-12
6.05527e-12
9.22738e-12
-2.49463e-11
-8.63449e-12
7.15931e-11
-1.99586e-11
-1.6612e-10
1.30357e-10
3.32706e-10
-4.37582e-10
-5.97394e-10
1.17576e-09
9.92853e-10
-2.8153e-09
-1.59664e-09
6.30373e-09
2.68705e-09
-1.35516e-08
-5.26582e-09
2.83541e-08
1.26516e-08
-5.78962e-08
-3.50515e-08
1.14234e-07
1.02064e-07
-2.11068e-07
-2.94727e-07
3.35928e-07
8.31564e-07
-2.87484e-07
-2.23004e-06
4.63115e-07
2.23747e-05
0.000103276
0.000355184
0.00109114
0.00316568
0.00884603
0.0239805
0.0645803
0.15837
0.312882
0.506105
0.691283
0.835711
0.927285
0.971986
0.989375
0.996072
0.998589
0.999511
0.999839
0.999951
0.999988
0.999999
1
1
0.999999
0.999999
1
1
1
0.999978
0.999897
0.999644
0.998908
0.996834
0.991154
0.97602
0.935419
0.84163
0.687122
0.493899
0.308716
0.16429
0.0727215
0.0280176
0.0106206
0.00392316
0.00141027
0.000490882
0.000162499
4.83476e-05
1.07513e-05
2.74282e-07
-1.06812e-06
-2.2e-07
3.22926e-07
2.66639e-07
4.80911e-08
-5.03106e-08
-3.56112e-08
-1.21332e-09
9.65037e-09
3.08274e-09
-6.13571e-10
0
