VARIABLEs = X,u
ZONE I=101
datapacking=block
0
0.01
0.02
0.03
0.04
0.05
0.06
0.07
0.08
0.09
0.1
0.11
0.12
0.13
0.14
0.15
0.16
0.17
0.18
0.19
0.2
0.21
0.22
0.23
0.24
0.25
0.26
0.27
0.28
0.29
0.3
0.31
0.32
0.33
0.34
0.35
0.36
0.37
0.38
0.39
0.4
0.41
0.42
0.43
0.44
0.45
0.46
0.47
0.48
0.49
0.5
0.51
0.52
0.53
0.54
0.55
0.56
0.57
0.58
0.59
0.6
0.61
0.62
0.63
0.64
0.65
0.66
0.67
0.68
0.69
0.7
0.71
0.72
0.73
0.74
0.75
0.76
0.77
0.78
0.79
0.8
0.81
0.82
0.83
0.84
0.85
0.86
0.87
0.88
0.89
0.9
0.91
0.92
0.93
0.94
0.95
0.96
0.97
0.98
0.99
1
0
1.00858e-14
-2.90079e-14
-3.14921e-14
1.42805e-13
-1.51541e-14
-4.15911e-13
3.49154e-13
8.63811e-13
-1.45924e-12
-1.24732e-12
4.2608e-12
6.447e-13
-1.02718e-11
3.39712e-12
2.17942e-11
-1.64945e-11
-4.21366e-11
5.05697e-11
7.61086e-11
-1.29996e-10
-1.31645e-10
3.03779e-10
2.25278e-10
-6.69674e-10
-3.99405e-10
1.42083e-09
7.73266e-10
-2.93056e-09
-1.68487e-09
5.88619e-09
4.06457e-09
-1.14273e-08
-1.03585e-08
2.09985e-08
2.66251e-08
-3.47813e-08
-6.66599e-08
4.51044e-08
1.57758e-07
-1.52447e-08
-3.39099e-07
-1.75113e-07
6.14377e-07
8.52727e-07
-6.79193e-07
-2.63331e-06
9.36467e-07
2.5011e-05
0.000108471
0.000355362
0.0010429
0.00289585
0.00776465
0.020266
0.0524401
0.12831
0.260157
0.436115
0.620969
0.777856
0.889286
0.953126
0.98152
0.99278
0.997254
0.998981
0.999632
0.999874
0.999962
0.999993
1
1
0.999999
0.999999
1
1
0.999999
0.999976
0.999892
0.999645
0.998957
0.997103
0.992234
0.979733
0.947561
0.871692
0.739844
0.563875
0.379033
0.222145
0.110713
0.0468754
0.0184427
0.00721751
0.00279436
0.000969305
0.000428825
0.000100862
8.7317e-06
0
