VARIABLEs = X,u
ZONE I=101
datapacking=block
0
0.01
0.02
0.03
0.04
0.05
0.06
0.07
0.08
0.09
0.1
0.11
0.12
0.13
0.14
0.15
0.16
0.17
0.18
0.19
0.2
0.21
0.22
0.23
0.24
0.25
0.26
0.27
0.28
0.29
0.3
0.31
0.32
0.33
0.34
0.35
0.36
0.37
0.38
0.39
0.4
0.41
0.42
0.43
0.44
0.45
0.46
0.47
0.48
0.49
0.5
0.51
0.52
0.53
0.54
0.55
0.56
0.57
0.58
0.59
0.6
0.61
0.62
0.63
0.64
0.65
0.66
0.67
0.68
0.69
0.7
0.71
0.72
0.73
0.74
0.75
0.76
0.77
0.78
0.79
0.8
0.81
0.82
0.83
0.84
0.85
0.86
0.87
0.88
0.89
0.9
0.91
0.92
0.93
0.94
0.95
0.96
0.97
0.98
0.99
1
0
6.57665e-06
0.000137544
0.00139818
0.00947497
0.0496483
0.20693
0.490174
0.756835
0.919958
0.980514
0.995393
0.999013
0.999805
0.999965
0.999995
1
1
1
1
1
1
1
1
1
1
1
1
1
1
1
0.999994
0.999863
0.998602
0.990525
0.950352
0.79307
0.509826
0.243165
0.0800419
0.0194859
0.00460697
0.000987372
0.000195155
3.50843e-05
4.87061e-06
-1.39954e-07
-2.22831e-07
8.40106e-08
5.97806e-08
-3.52908e-09
-7.89108e-09
2.08598e-10
1.10726e-09
2.69953e-11
-1.3771e-10
-6.66192e-12
1.65127e-11
1.03181e-12
-1.88223e-12
-1.21578e-13
2.06675e-13
1.18386e-14
-2.18392e-14
-9.0753e-16
2.22203e-15
4.19542e-17
-2.17115e-16
2.11394e-18
2.0302e-17
-8.87598e-19
-1.80779e-18
1.5057e-19
1.523e-19
-1.97697e-20
-1.20291e-20
2.24455e-21
8.78295e-22
-2.29189e-22
-5.78253e-23
2.14143e-23
3.25336e-24
-1.84465e-24
-1.32453e-25
1.46721e-25
2.24135e-28
-1.07554e-26
7.56133e-28
6.40987e-28
3.4842e-29
-2.76039e-28
3.91282e-28
-6.09615e-28
1.00332e-27
-1.72143e-27
3.02542e-27
-5.36937e-27
8.35695e-27
-1.12825e-26
-3.87899e-26
0
