VARIABLEs = X,u
ZONE I=101
datapacking=block
0
0.01
0.02
0.03
0.04
0.05
0.06
0.07
0.08
0.09
0.1
0.11
0.12
0.13
0.14
0.15
0.16
0.17
0.18
0.19
0.2
0.21
0.22
0.23
0.24
0.25
0.26
0.27
0.28
0.29
0.3
0.31
0.32
0.33
0.34
0.35
0.36
0.37
0.38
0.39
0.4
0.41
0.42
0.43
0.44
0.45
0.46
0.47
0.48
0.49
0.5
0.51
0.52
0.53
0.54
0.55
0.56
0.57
0.58
0.59
0.6
0.61
0.62
0.63
0.64
0.65
0.66
0.67
0.68
0.69
0.7
0.71
0.72
0.73
0.74
0.75
0.76
0.77
0.78
0.79
0.8
0.81
0.82
0.83
0.84
0.85
0.86
0.87
0.88
0.89
0.9
0.91
0.92
0.93
0.94
0.95
0.96
0.97
0.98
0.99
1
0
0.561771
0.92106
0.992938
0.999516
0.999974
0.999999
1
1
1
1
1
1
1
1
1
1
1
1
1
1
1
1
1
1
1
1
1
1
1
1
0.438229
0.0789399
0.00706181
0.00048394
2.55085e-05
9.7225e-07
-9.69343e-08
3.41251e-09
1.01192e-08
-4.93092e-10
-3.04828e-10
7.05927e-11
3.53803e-12
-2.58017e-12
2.37134e-13
4.42381e-14
-1.11393e-14
1.70611e-16
2.96868e-16
-5.44817e-17
2.84316e-18
5.84646e-19
-1.5449e-19
1.92634e-20
-1.55004e-21
8.39195e-23
-2.86951e-24
5.04091e-26
-4.23186e-29
6.13772e-31
-1.8522e-35
2.42122e-37
-1.34094e-43
1.69785e-45
-3.41095e-48
3.71689e-50
0
0
0
0
0
0
0
0
0
-3.73202e-51
4.0679e-49
-2.39509e-47
9.74165e-46
-3.06262e-44
7.88363e-43
-1.72912e-41
3.31351e-40
-5.65297e-39
8.67831e-38
-1.20883e-36
1.53283e-35
-1.77692e-34
1.88247e-33
-1.82622e-32
1.61104e-31
-1.29225e-30
9.25198e-30
-5.99164e-29
3.3396e-28
-1.65092e-27
5.5634e-27
-1.39123e-26
-2.13507e-26
0
