VARIABLEs = X,u
ZONE I=101
datapacking=block
0
0.01
0.02
0.03
0.04
0.05
0.06
0.07
0.08
0.09
0.1
0.11
0.12
0.13
0.14
0.15
0.16
0.17
0.18
0.19
0.2
0.21
0.22
0.23
0.24
0.25
0.26
0.27
0.28
0.29
0.3
0.31
0.32
0.33
0.34
0.35
0.36
0.37
0.38
0.39
0.4
0.41
0.42
0.43
0.44
0.45
0.46
0.47
0.48
0.49
0.5
0.51
0.52
0.53
0.54
0.55
0.56
0.57
0.58
0.59
0.6
0.61
0.62
0.63
0.64
0.65
0.66
0.67
0.68
0.69
0.7
0.71
0.72
0.73
0.74
0.75
0.76
0.77
0.78
0.79
0.8
0.81
0.82
0.83
0.84
0.85
0.86
0.87
0.88
0.89
0.9
0.91
0.92
0.93
0.94
0.95
0.96
0.97
0.98
0.99
1
0
2.5224e-12
2.78191e-11
-3.84484e-11
-7.75498e-11
1.86969e-10
1.00609e-10
-5.83629e-10
7.24284e-11
1.44109e-09
-8.55299e-10
-3.08583e-09
3.13228e-09
6.07868e-09
-8.68892e-09
-1.16047e-08
2.10417e-08
2.2643e-08
-4.69716e-08
-4.73147e-08
9.90392e-08
1.08359e-07
-1.98343e-07
-2.70488e-07
3.72246e-07
7.34469e-07
-5.86786e-07
-2.12205e-06
3.0855e-06
3.41917e-05
0.000146614
0.000503454
0.00157589
0.00468458
0.0134094
0.0372871
0.102097
0.23217
0.419071
0.620578
0.788735
0.902784
0.962586
0.986243
0.995043
0.998265
0.999412
0.999811
0.999945
0.999987
0.999999
1
1
1
0.999999
0.999999
1
1
0.999997
0.999966
0.999853
0.999496
0.998424
0.995315
0.986591
0.962714
0.897904
0.767829
0.580927
0.379423
0.211263
0.0972125
0.037416
0.0137634
0.0049588
0.00173284
0.000586281
0.00018944
5.57609e-05
1.27772e-05
7.82237e-07
-9.99144e-07
-2.52856e-07
2.81564e-07
2.37783e-07
3.88959e-08
-4.48579e-08
-2.7941e-08
1.06812e-09
7.797e-09
2.65474e-09
-1.01003e-09
-1.01128e-09
-9.18238e-11
2.15315e-10
9.03919e-11
-2.35882e-11
-2.71463e-11
-2.68776e-12
2.04227e-12
0
