VARIABLEs = X,u
ZONE I=101
datapacking=block
0
0.01
0.02
0.03
0.04
0.05
0.06
0.07
0.08
0.09
0.1
0.11
0.12
0.13
0.14
0.15
0.16
0.17
0.18
0.19
0.2
0.21
0.22
0.23
0.24
0.25
0.26
0.27
0.28
0.29
0.3
0.31
0.32
0.33
0.34
0.35
0.36
0.37
0.38
0.39
0.4
0.41
0.42
0.43
0.44
0.45
0.46
0.47
0.48
0.49
0.5
0.51
0.52
0.53
0.54
0.55
0.56
0.57
0.58
0.59
0.6
0.61
0.62
0.63
0.64
0.65
0.66
0.67
0.68
0.69
0.7
0.71
0.72
0.73
0.74
0.75
0.76
0.77
0.78
0.79
0.8
0.81
0.82
0.83
0.84
0.85
0.86
0.87
0.88
0.89
0.9
0.91
0.92
0.93
0.94
0.95
0.96
0.97
0.98
0.99
1
0
-2.67667e-11
8.76316e-11
7.91248e-11
-4.11209e-10
4.49859e-11
1.19404e-09
-8.49602e-10
-2.67519e-09
3.44089e-09
5.05904e-09
-1.00541e-08
-8.55887e-09
2.51448e-08
1.38788e-08
-5.77403e-08
-2.41688e-08
1.26563e-07
5.17178e-08
-2.71515e-07
-1.40549e-07
5.8493e-07
4.62886e-07
-1.28766e-06
-1.439e-06
1.05073e-05
6.46667e-05
0.0002518
0.000844234
0.00263615
0.00786375
0.02259
0.0640969
0.165083
0.33364
0.540314
0.72896
0.867314
0.946921
0.980803
0.993133
0.997626
0.999203
0.999743
0.999924
0.999982
0.999998
1
1
1
1
0.999999
1
1
1
0.999989
0.999935
0.999748
0.999156
0.997364
0.992136
0.977411
0.935905
0.834919
0.666358
0.459684
0.271041
0.132685
0.0530738
0.0191961
0.00687035
0.00237555
0.00079568
0.000255813
7.63236e-05
1.88548e-05
2.2465e-06
-9.31131e-07
-4.23094e-07
2.13722e-07
2.54761e-07
6.37143e-08
-3.76925e-08
-3.02003e-08
-1.32216e-09
7.27374e-09
2.90889e-09
-7.91922e-10
-9.58595e-10
-1.13129e-10
1.90523e-10
8.2419e-11
-1.98825e-11
-2.40267e-11
-2.02729e-12
4.73864e-12
1.63247e-12
-6.47101e-13
-3.54574e-13
4.53287e-14
0
