VARIABLEs = X,u
ZONE I=101
datapacking=block
0
0.01
0.02
0.03
0.04
0.05
0.06
0.07
0.08
0.09
0.1
0.11
0.12
0.13
0.14
0.15
0.16
0.17
0.18
0.19
0.2
0.21
0.22
0.23
0.24
0.25
0.26
0.27
0.28
0.29
0.3
0.31
0.32
0.33
0.34
0.35
0.36
0.37
0.38
0.39
0.4
0.41
0.42
0.43
0.44
0.45
0.46
0.47
0.48
0.49
0.5
0.51
0.52
0.53
0.54
0.55
0.56
0.57
0.58
0.59
0.6
0.61
0.62
0.63
0.64
0.65
0.66
0.67
0.68
0.69
0.7
0.71
0.72
0.73
0.74
0.75
0.76
0.77
0.78
0.79
0.8
0.81
0.82
0.83
0.84
0.85
0.86
0.87
0.88
0.89
0.9
0.91
0.92
0.93
0.94
0.95
0.96
0.97
0.98
0.99
1
0
1.44716e-09
-1.96496e-09
-6.73523e-09
1.27479e-08
1.37165e-08
-4.50186e-08
-1.55809e-08
1.21412e-07
-2.16726e-09
-2.87071e-07
6.61253e-08
6.58117e-07
-2.38633e-07
-1.69488e-06
3.47858e-06
3.8053e-05
0.000178763
0.000683368
0.00238277
0.00782636
0.0244253
0.0749029
0.198971
0.397151
0.619077
0.800763
0.91708
0.971443
0.990373
0.996882
0.999028
0.99971
0.999919
0.999981
0.999998
1
1
1
1
1
1
0.999999
1
1
0.999996
0.999962
0.999821
0.999317
0.997618
0.992175
0.975576
0.925099
0.80103
0.602848
0.380923
0.199237
0.0829179
0.0285584
0.00962865
0.00311669
0.000971781
0.000290374
8.10827e-05
1.91096e-05
2.31905e-06
-7.6093e-07
-3.14919e-07
1.9325e-07
1.78992e-07
2.31686e-08
-3.20961e-08
-1.43665e-08
3.32213e-09
4.17776e-09
3.96037e-10
-7.92797e-10
-2.74827e-10
1.00958e-10
7.86695e-11
-3.45039e-12
-1.62576e-11
-2.52678e-12
2.64108e-12
9.5734e-13
-3.24982e-13
-2.30407e-13
2.17241e-14
4.45662e-14
2.81692e-15
-7.35855e-15
-1.50062e-15
1.05066e-15
3.86107e-16
-1.26737e-16
-7.83077e-17
1.1782e-17
1.34174e-17
1.79301e-19
-8.68598e-19
0
