VARIABLEs = X,u
ZONE I=101
datapacking=block
0
0.01
0.02
0.03
0.04
0.05
0.06
0.07
0.08
0.09
0.1
0.11
0.12
0.13
0.14
0.15
0.16
0.17
0.18
0.19
0.2
0.21
0.22
0.23
0.24
0.25
0.26
0.27
0.28
0.29
0.3
0.31
0.32
0.33
0.34
0.35
0.36
0.37
0.38
0.39
0.4
0.41
0.42
0.43
0.44
0.45
0.46
0.47
0.48
0.49
0.5
0.51
0.52
0.53
0.54
0.55
0.56
0.57
0.58
0.59
0.6
0.61
0.62
0.63
0.64
0.65
0.66
0.67
0.68
0.69
0.7
0.71
0.72
0.73
0.74
0.75
0.76
0.77
0.78
0.79
0.8
0.81
0.82
0.83
0.84
0.85
0.86
0.87
0.88
0.89
0.9
0.91
0.92
0.93
0.94
0.95
0.96
0.97
0.98
0.99
1
0
-8.7622e-08
9.8059e-08
4.25346e-07
-6.60431e-07
-1.04678e-06
1.14526e-05
9.24764e-05
0.000495949
0.00226538
0.00926091
0.0343774
0.121943
0.314003
0.566813
0.782614
0.917888
0.975428
0.992791
0.998016
0.999482
0.999873
0.999972
0.999996
1
1
1
1
1
1
1
1
1
1
1
1
0.999989
0.999908
0.999505
0.997736
0.99074
0.965622
0.878056
0.685996
0.433187
0.217386
0.0821124
0.0245718
0.00720944
0.00198425
0.00051801
0.000127353
2.80718e-05
4.20585e-06
-3.89608e-07
-3.13683e-07
1.20669e-07
1.17723e-07
7.90206e-09
-1.90678e-08
-4.41327e-09
2.83163e-09
1.24509e-09
-3.04345e-10
-2.50181e-10
1.94966e-11
4.30027e-11
1.59446e-12
-6.55174e-12
-8.61968e-13
9.10903e-13
2.0187e-13
-1.17117e-13
-3.70665e-14
1.40637e-14
5.97007e-15
-1.58699e-15
-8.809e-16
1.69077e-16
1.21803e-16
-1.7076e-17
-1.59998e-17
1.64334e-18
2.01497e-18
-1.52072e-19
-2.44848e-19
1.37755e-20
2.88398e-20
-1.2623e-21
-3.30341e-21
1.22742e-22
3.68778e-22
-1.32175e-23
-4.01756e-23
1.58039e-24
4.27761e-24
-2.10349e-25
-4.27902e-25
-2.9185e-27
-1.70736e-26
0
