VARIABLEs = X,u
ZONE I=101
datapacking=block
0
0.01
0.02
0.03
0.04
0.05
0.06
0.07
0.08
0.09
0.1
0.11
0.12
0.13
0.14
0.15
0.16
0.17
0.18
0.19
0.2
0.21
0.22
0.23
0.24
0.25
0.26
0.27
0.28
0.29
0.3
0.31
0.32
0.33
0.34
0.35
0.36
0.37
0.38
0.39
0.4
0.41
0.42
0.43
0.44
0.45
0.46
0.47
0.48
0.49
0.5
0.51
0.52
0.53
0.54
0.55
0.56
0.57
0.58
0.59
0.6
0.61
0.62
0.63
0.64
0.65
0.66
0.67
0.68
0.69
0.7
0.71
0.72
0.73
0.74
0.75
0.76
0.77
0.78
0.79
0.8
0.81
0.82
0.83
0.84
0.85
0.86
0.87
0.88
0.89
0.9
0.91
0.92
0.93
0.94
0.95
0.96
0.97
0.98
0.99
1
0
5.71515e-08
3.43879e-07
-5.6832e-07
-1.0601e-06
1.03581e-05
9.07197e-05
0.000518843
0.00249301
0.0105784
0.0404528
0.144426
0.356433
0.614247
0.819239
0.937453
0.981974
0.994917
0.998659
0.999666
0.999922
0.999984
0.999998
1
1
1
1
1
1
1
1
1
1
1
1
0.99999
0.99991
0.999482
0.997508
0.989422
0.959546
0.855573
0.643566
0.385753
0.180761
0.0625467
0.0180258
0.00508291
0.00134086
0.000334296
7.78028e-05
1.55294e-05
1.52118e-06
-5.38085e-07
-1.00879e-07
1.48642e-07
6.46646e-08
-1.19268e-08
-1.27655e-08
3.64287e-10
2.31482e-09
2.60657e-10
-3.46465e-10
-8.09392e-11
4.63187e-11
1.70947e-11
-5.46616e-12
-2.99602e-12
5.67152e-13
4.6928e-13
-4.92475e-14
-6.77783e-14
3.01406e-15
9.20479e-15
1.44072e-17
-1.19035e-15
-4.45213e-17
1.47939e-16
9.63195e-18
-1.77914e-17
-1.52391e-18
2.08118e-18
2.07077e-19
-2.377e-19
-2.54111e-20
2.65758e-20
2.87359e-21
-2.91293e-21
-3.01586e-22
3.13179e-22
2.93161e-23
-3.30179e-23
-2.60693e-24
3.41144e-24
2.03255e-25
-3.41569e-25
-1.81841e-26
4.18591e-26
-1.00312e-26
-4.05647e-26
0
