VARIABLEs = X,u
ZONE I=101
datapacking=block
0
0.01
0.02
0.03
0.04
0.05
0.06
0.07
0.08
0.09
0.1
0.11
0.12
0.13
0.14
0.15
0.16
0.17
0.18
0.19
0.2
0.21
0.22
0.23
0.24
0.25
0.26
0.27
0.28
0.29
0.3
0.31
0.32
0.33
0.34
0.35
0.36
0.37
0.38
0.39
0.4
0.41
0.42
0.43
0.44
0.45
0.46
0.47
0.48
0.49
0.5
0.51
0.52
0.53
0.54
0.55
0.56
0.57
0.58
0.59
0.6
0.61
0.62
0.63
0.64
0.65
0.66
0.67
0.68
0.69
0.7
0.71
0.72
0.73
0.74
0.75
0.76
0.77
0.78
0.79
0.8
0.81
0.82
0.83
0.84
0.85
0.86
0.87
0.88
0.89
0.9
0.91
0.92
0.93
0.94
0.95
0.96
0.97
0.98
0.99
1
0
9.19681e-15
7.36295e-15
-5.9259e-14
2.41788e-14
1.76472e-13
-2.11382e-13
-3.36976e-13
7.97361e-13
3.38681e-13
-2.19176e-12
4.58112e-13
4.95607e-12
-3.61827e-12
-9.65713e-12
1.25261e-11
1.6464e-11
-3.40525e-11
-2.43043e-11
8.17883e-11
2.93663e-11
-1.82588e-10
-2.29214e-11
3.90247e-10
-1.04998e-11
-8.14478e-10
8.95533e-11
1.68182e-09
-2.09368e-10
-3.45944e-09
2.36906e-10
7.08933e-09
4.25048e-10
-1.4367e-08
-3.79878e-09
2.83207e-08
1.58186e-08
-5.26321e-08
-5.20267e-08
8.6332e-08
1.48126e-07
-1.02049e-07
-3.70041e-07
-1.96974e-08
7.89905e-07
6.66769e-07
-1.22832e-06
-2.66479e-06
3.73979e-06
3.64333e-05
0.00014368
0.000454443
0.00131029
0.00359775
0.00956321
0.0247869
0.0639994
0.151119
0.293439
0.474308
0.655251
0.803682
0.905226
0.960757
0.984509
0.993966
0.99771
0.999152
0.999695
0.999896
0.99997
0.999995
1
1
0.999999
0.999999
1
1
0.999997
0.999964
0.999857
0.999546
0.998689
0.996401
0.990436
0.975213
0.936002
0.848885
0.706557
0.525688
0.344751
0.196317
0.09478
0.0392407
0.0153619
0.00621153
0.00218851
0.00100938
0.000254529
2.40953e-05
0
