VARIABLEs = X,u
ZONE I=101
datapacking=block
0
0.01
0.02
0.03
0.04
0.05
0.06
0.07
0.08
0.09
0.1
0.11
0.12
0.13
0.14
0.15
0.16
0.17
0.18
0.19
0.2
0.21
0.22
0.23
0.24
0.25
0.26
0.27
0.28
0.29
0.3
0.31
0.32
0.33
0.34
0.35
0.36
0.37
0.38
0.39
0.4
0.41
0.42
0.43
0.44
0.45
0.46
0.47
0.48
0.49
0.5
0.51
0.52
0.53
0.54
0.55
0.56
0.57
0.58
0.59
0.6
0.61
0.62
0.63
0.64
0.65
0.66
0.67
0.68
0.69
0.7
0.71
0.72
0.73
0.74
0.75
0.76
0.77
0.78
0.79
0.8
0.81
0.82
0.83
0.84
0.85
0.86
0.87
0.88
0.89
0.9
0.91
0.92
0.93
0.94
0.95
0.96
0.97
0.98
0.99
1
0
-5.47114e-15
-4.16494e-14
6.88689e-14
1.02791e-13
-3.14687e-13
-6.15725e-14
9.24998e-13
-4.75736e-13
-2.05863e-12
2.44217e-12
3.58496e-12
-7.73149e-12
-4.46634e-12
1.98581e-11
1.48372e-12
-4.50665e-11
1.3262e-11
9.44396e-11
-5.71419e-11
-1.88439e-10
1.66047e-10
3.67537e-10
-4.10987e-10
-7.18086e-10
9.26649e-10
1.4357e-09
-1.95354e-09
-2.97807e-09
3.87511e-09
6.42122e-09
-7.14992e-09
-1.42432e-08
1.17705e-08
3.18803e-08
-1.51025e-08
-7.01998e-08
4.99038e-09
1.47017e-07
5.89529e-08
-2.76713e-07
-2.86338e-07
4.0985e-07
9.28707e-07
-1.74441e-07
-2.34783e-06
-8.97464e-07
1.63608e-05
8.07478e-05
0.000276056
0.000826762
0.00232403
0.00628879
0.0165401
0.0428445
0.107886
0.228625
0.398141
0.585354
0.750076
0.871413
0.944121
0.977942
0.991363
0.996707
0.998776
0.999557
0.999846
0.999952
0.999989
1
1
1
0.999999
1
1
1
0.999984
0.99992
0.999724
0.999173
0.997675
0.99371
0.983459
0.957156
0.892117
0.771376
0.601855
0.414642
0.249931
0.128584
0.055878
0.0220463
0.00862148
0.00331255
0.00122748
0.000430181
0.00017254
3.47774e-05
2.51384e-06
0
