VARIABLEs = X,u
ZONE I=101
datapacking=block
0
0.01
0.02
0.03
0.04
0.05
0.06
0.07
0.08
0.09
0.1
0.11
0.12
0.13
0.14
0.15
0.16
0.17
0.18
0.19
0.2
0.21
0.22
0.23
0.24
0.25
0.26
0.27
0.28
0.29
0.3
0.31
0.32
0.33
0.34
0.35
0.36
0.37
0.38
0.39
0.4
0.41
0.42
0.43
0.44
0.45
0.46
0.47
0.48
0.49
0.5
0.51
0.52
0.53
0.54
0.55
0.56
0.57
0.58
0.59
0.6
0.61
0.62
0.63
0.64
0.65
0.66
0.67
0.68
0.69
0.7
0.71
0.72
0.73
0.74
0.75
0.76
0.77
0.78
0.79
0.8
0.81
0.82
0.83
0.84
0.85
0.86
0.87
0.88
0.89
0.9
0.91
0.92
0.93
0.94
0.95
0.96
0.97
0.98
0.99
1
0
0.372411
0.806671
0.974217
0.997309
0.999779
0.999985
0.999999
1
1
1
1
1
1
1
1
1
1
1
1
1
1
1
1
1
1
1
1
1
1
1
0.627589
0.193329
0.0257826
0.00269066
0.000220608
1.46796e-05
6.62754e-07
-1.33937e-07
1.48306e-08
1.34439e-08
-9.7612e-10
-5.15246e-10
1.25268e-10
1.5137e-11
-7.10387e-12
1.4109e-13
2.96511e-13
-3.83114e-14
-7.29747e-15
2.38647e-15
-3.5036e-17
-7.70633e-17
1.08733e-17
1.08659e-18
-4.88132e-19
3.64415e-20
8.48647e-21
-2.18133e-21
1.01104e-22
3.68431e-23
-7.22187e-24
9.62081e-26
1.75784e-25
-3.52181e-26
2.80439e-27
1.81949e-28
-9.04833e-29
1.53665e-29
-1.76157e-30
1.52511e-31
-1.02975e-32
5.4312e-34
-2.19315e-35
6.47075e-37
-1.26567e-38
1.29107e-40
-1.60197e-43
-1.57579e-43
2.27501e-42
-3.05272e-41
3.84967e-40
-4.56723e-39
5.10011e-38
-5.36049e-37
5.29987e-36
-4.92374e-35
4.29031e-34
-3.49803e-33
2.65926e-32
-1.8774e-31
1.22288e-30
-7.30112e-30
3.94246e-29
-1.91239e-28
8.07146e-28
-2.97091e-27
7.86695e-27
-1.49975e-26
-2.80647e-26
0
