VARIABLEs = X,u
ZONE I=101
datapacking=block
0
0.01
0.02
0.03
0.04
0.05
0.06
0.07
0.08
0.09
0.1
0.11
0.12
0.13
0.14
0.15
0.16
0.17
0.18
0.19
0.2
0.21
0.22
0.23
0.24
0.25
0.26
0.27
0.28
0.29
0.3
0.31
0.32
0.33
0.34
0.35
0.36
0.37
0.38
0.39
0.4
0.41
0.42
0.43
0.44
0.45
0.46
0.47
0.48
0.49
0.5
0.51
0.52
0.53
0.54
0.55
0.56
0.57
0.58
0.59
0.6
0.61
0.62
0.63
0.64
0.65
0.66
0.67
0.68
0.69
0.7
0.71
0.72
0.73
0.74
0.75
0.76
0.77
0.78
0.79
0.8
0.81
0.82
0.83
0.84
0.85
0.86
0.87
0.88
0.89
0.9
0.91
0.92
0.93
0.94
0.95
0.96
0.97
0.98
0.99
1
0
1.96356e-11
1.16122e-10
-2.10971e-10
-2.85411e-10
9.09627e-10
2.42071e-10
-2.66327e-09
7.92406e-10
6.33331e-09
-4.57307e-09
-1.33733e-08
1.46739e-08
2.6726e-08
-3.80694e-08
-5.3487e-08
8.80857e-08
1.12566e-07
-1.89747e-07
-2.5762e-07
3.90707e-07
6.6445e-07
-7.62067e-07
-1.91922e-06
5.32822e-06
4.41693e-05
0.000184508
0.000638334
0.00203215
0.00615376
0.0179154
0.0510146
0.137582
0.293889
0.498025
0.694838
0.845129
0.936009
0.976838
0.991704
0.997131
0.999036
0.999688
0.999906
0.999976
0.999997
1
1
1
1
1
0.999999
1
1
0.999995
0.999956
0.999815
0.999361
0.997968
0.993846
0.982085
0.948987
0.86242
0.706111
0.501972
0.305164
0.154872
0.0639866
0.0231586
0.00829888
0.00287182
0.000962952
0.00031064
9.38365e-05
2.41886e-05
3.61073e-06
-8.0908e-07
-5.52944e-07
1.53979e-07
2.71179e-07
8.8659e-08
-3.10957e-08
-3.36993e-08
-4.1973e-09
7.10251e-09
3.5381e-09
-5.39115e-10
-1.02045e-09
-1.89471e-10
1.8101e-10
9.62593e-11
-1.38715e-11
-2.52722e-11
-3.61103e-12
4.571e-12
1.91061e-12
-5.19064e-13
-5.01217e-13
-2.448e-14
3.67739e-14
0
