VARIABLEs = X,u
ZONE I=101
datapacking=block
0
0.01
0.02
0.03
0.04
0.05
0.06
0.07
0.08
0.09
0.1
0.11
0.12
0.13
0.14
0.15
0.16
0.17
0.18
0.19
0.2
0.21
0.22
0.23
0.24
0.25
0.26
0.27
0.28
0.29
0.3
0.31
0.32
0.33
0.34
0.35
0.36
0.37
0.38
0.39
0.4
0.41
0.42
0.43
0.44
0.45
0.46
0.47
0.48
0.49
0.5
0.51
0.52
0.53
0.54
0.55
0.56
0.57
0.58
0.59
0.6
0.61
0.62
0.63
0.64
0.65
0.66
0.67
0.68
0.69
0.7
0.71
0.72
0.73
0.74
0.75
0.76
0.77
0.78
0.79
0.8
0.81
0.82
0.83
0.84
0.85
0.86
0.87
0.88
0.89
0.9
0.91
0.92
0.93
0.94
0.95
0.96
0.97
0.98
0.99
1
0
-6.52733e-14
1.5291e-12
-9.78519e-13
-5.18815e-12
7.43025e-12
9.97893e-12
-2.76303e-11
-8.73545e-12
7.56649e-11
-1.99497e-11
-1.7232e-10
1.26789e-10
3.4587e-10
-4.20122e-10
-6.35534e-10
1.12109e-09
1.10809e-09
-2.674e-09
-1.92065e-09
5.96688e-09
3.5263e-09
-1.27556e-08
-7.29248e-09
2.64016e-08
1.72536e-08
-5.28477e-08
-4.48364e-08
1.00625e-07
1.20935e-07
-1.73744e-07
-3.24139e-07
2.34443e-07
8.46469e-07
-2.65564e-08
-2.07171e-06
-6.58774e-07
1.67997e-05
8.41261e-05
0.000295857
0.00091545
0.00266148
0.0074408
0.0201718
0.05406
0.136263
0.279413
0.467261
0.656655
0.810189
0.912357
0.965454
0.986833
0.995079
0.998213
0.999372
0.999789
0.999934
0.999983
0.999998
1
1
1
0.999999
1
1
1
0.999983
0.999916
0.999704
0.999084
0.997338
0.992559
0.979828
0.94594
0.863737
0.720591
0.532744
0.343345
0.189811
0.0876486
0.0345497
0.013161
0.00491588
0.00178668
0.000630107
0.000212688
6.57805e-05
1.6281e-05
1.55759e-06
-1.12438e-06
-4.53943e-07
2.58193e-07
3.20381e-07
1.00207e-07
-3.95844e-08
-4.6536e-08
-7.13587e-09
5.81819e-09
1.06597e-09
0
