VARIABLEs = X,u
ZONE I=101
datapacking=block
0
0.01
0.02
0.03
0.04
0.05
0.06
0.07
0.08
0.09
0.1
0.11
0.12
0.13
0.14
0.15
0.16
0.17
0.18
0.19
0.2
0.21
0.22
0.23
0.24
0.25
0.26
0.27
0.28
0.29
0.3
0.31
0.32
0.33
0.34
0.35
0.36
0.37
0.38
0.39
0.4
0.41
0.42
0.43
0.44
0.45
0.46
0.47
0.48
0.49
0.5
0.51
0.52
0.53
0.54
0.55
0.56
0.57
0.58
0.59
0.6
0.61
0.62
0.63
0.64
0.65
0.66
0.67
0.68
0.69
0.7
0.71
0.72
0.73
0.74
0.75
0.76
0.77
0.78
0.79
0.8
0.81
0.82
0.83
0.84
0.85
0.86
0.87
0.88
0.89
0.9
0.91
0.92
0.93
0.94
0.95
0.96
0.97
0.98
0.99
1
0
-8.62502e-14
2.37349e-13
2.81678e-13
-1.18653e-12
3.9679e-14
3.52211e-12
-2.62476e-12
-7.60399e-12
1.14468e-11
1.21955e-11
-3.42732e-11
-1.16774e-11
8.51009e-11
-9.44118e-12
-1.88471e-10
8.69881e-11
3.88469e-10
-2.96834e-10
-7.69867e-10
7.91306e-10
1.51054e-09
-1.86313e-09
-3.01284e-09
4.04414e-09
6.22865e-09
-8.20664e-09
-1.34394e-08
1.5462e-08
3.00349e-08
-2.60373e-08
-6.82248e-08
3.43855e-08
1.53434e-07
-1.2358e-08
-3.2961e-07
-1.39887e-07
6.40876e-07
7.33801e-07
-9.41107e-07
-2.50683e-06
3.0591e-06
3.37722e-05
0.000137986
0.000448366
0.00132512
0.00372454
0.0101196
0.0267652
0.0705138
0.166679
0.320113
0.509045
0.689803
0.831925
0.923639
0.969822
0.98832
0.995581
0.998374
0.99942
0.999801
0.999936
0.999983
0.999998
1
1
0.999999
0.999999
1
1
0.999997
0.999966
0.999862
0.999551
0.998674
0.996275
0.98988
0.973235
0.929487
0.833324
0.67989
0.490955
0.310198
0.16808
0.0763633
0.0301702
0.011671
0.00441728
0.00162919
0.000583094
0.000199395
6.21756e-05
1.5288e-05
1.29137e-06
-1.18084e-06
-4.71684e-07
3.26608e-07
2.3265e-07
-1.30007e-10
0
