VARIABLEs = X,u
ZONE I=101
datapacking=block
0
0.01
0.02
0.03
0.04
0.05
0.06
0.07
0.08
0.09
0.1
0.11
0.12
0.13
0.14
0.15
0.16
0.17
0.18
0.19
0.2
0.21
0.22
0.23
0.24
0.25
0.26
0.27
0.28
0.29
0.3
0.31
0.32
0.33
0.34
0.35
0.36
0.37
0.38
0.39
0.4
0.41
0.42
0.43
0.44
0.45
0.46
0.47
0.48
0.49
0.5
0.51
0.52
0.53
0.54
0.55
0.56
0.57
0.58
0.59
0.6
0.61
0.62
0.63
0.64
0.65
0.66
0.67
0.68
0.69
0.7
0.71
0.72
0.73
0.74
0.75
0.76
0.77
0.78
0.79
0.8
0.81
0.82
0.83
0.84
0.85
0.86
0.87
0.88
0.89
0.9
0.91
0.92
0.93
0.94
0.95
0.96
0.97
0.98
0.99
1
0
4.2904e-09
8.17905e-09
-3.07221e-08
-1.01577e-08
1.05336e-07
-2.39057e-08
-2.69974e-07
1.54848e-07
6.16165e-07
-5.529e-07
-1.46564e-06
7.43953e-06
5.89137e-05
0.000271689
0.00106342
0.00382275
0.0129005
0.0413017
0.127558
0.300109
0.528806
0.737876
0.883998
0.959511
0.986788
0.995826
0.998737
0.999633
0.9999
0.999976
0.999997
1
1
1
1
1
1
1
0.999999
1
1
0.999992
0.999941
0.999728
0.998937
0.996178
0.987101
0.9587
0.872442
0.699891
0.471194
0.262124
0.116003
0.0404883
0.0132101
0.00417514
0.00126359
0.000366171
9.98868e-05
2.37047e-05
3.39071e-06
-6.17218e-07
-3.65505e-07
1.55301e-07
1.69249e-07
2.49648e-08
-2.80458e-08
-1.22758e-08
3.0699e-09
3.37283e-09
1.58256e-10
-6.43425e-10
-1.64842e-10
9.28195e-11
4.92358e-11
-8.54959e-12
-1.05903e-11
-1.87751e-13
1.87002e-12
3.14528e-13
-2.80098e-13
-9.2378e-14
3.5207e-14
1.98054e-14
-3.41241e-15
-3.60141e-15
1.52149e-16
5.84637e-16
3.45687e-17
-8.67397e-17
-1.31345e-17
1.18994e-17
2.93311e-18
-1.51641e-18
-5.39449e-19
1.80235e-19
8.53225e-20
-1.15854e-20
-4.48326e-21
0
