VARIABLEs = X,u
ZONE I=101
datapacking=block
0
0.01
0.02
0.03
0.04
0.05
0.06
0.07
0.08
0.09
0.1
0.11
0.12
0.13
0.14
0.15
0.16
0.17
0.18
0.19
0.2
0.21
0.22
0.23
0.24
0.25
0.26
0.27
0.28
0.29
0.3
0.31
0.32
0.33
0.34
0.35
0.36
0.37
0.38
0.39
0.4
0.41
0.42
0.43
0.44
0.45
0.46
0.47
0.48
0.49
0.5
0.51
0.52
0.53
0.54
0.55
0.56
0.57
0.58
0.59
0.6
0.61
0.62
0.63
0.64
0.65
0.66
0.67
0.68
0.69
0.7
0.71
0.72
0.73
0.74
0.75
0.76
0.77
0.78
0.79
0.8
0.81
0.82
0.83
0.84
0.85
0.86
0.87
0.88
0.89
0.9
0.91
0.92
0.93
0.94
0.95
0.96
0.97
0.98
0.99
1
0
1.28857e-10
2.58507e-09
-2.81235e-09
-8.01741e-09
1.45691e-08
1.51124e-08
-4.71776e-08
-1.89286e-08
1.22741e-07
9.89537e-09
-2.86942e-07
2.6849e-08
6.59121e-07
-1.1354e-07
-1.70437e-06
2.32595e-06
3.20538e-05
0.000153605
0.000586096
0.00202971
0.00662023
0.0205537
0.0623288
0.171132
0.356167
0.577295
0.768164
0.897743
0.963451
0.987541
0.99588
0.998689
0.9996
0.999884
0.99997
0.999995
1
1
1
1
1
1
0.999999
1
1
0.999998
0.999968
0.999846
0.999414
0.997971
0.993381
0.979448
0.937673
0.828869
0.643832
0.422706
0.231836
0.102256
0.0365519
0.0124605
0.00411811
0.00131075
0.000401035
0.00011591
2.94666e-05
4.90556e-06
-5.29883e-07
-5.41385e-07
1.09023e-07
2.2521e-07
6.67307e-08
-2.78263e-08
-2.3532e-08
-4.05556e-10
5.33469e-09
1.60653e-09
-7.36387e-10
-5.34335e-10
2.55383e-11
1.17882e-10
2.15061e-11
-1.91872e-11
-8.30636e-12
2.0995e-12
2.01605e-12
-2.50637e-14
-3.84202e-13
-6.1742e-14
6.01584e-14
2.0819e-14
-7.53006e-15
-4.79375e-15
6.24259e-16
9.11593e-16
1.53544e-17
-1.51895e-16
-1.87776e-17
1.5346e-17
6.80946e-19
0
