VARIABLEs = X,u
ZONE I=101
datapacking=block
0
0.01
0.02
0.03
0.04
0.05
0.06
0.07
0.08
0.09
0.1
0.11
0.12
0.13
0.14
0.15
0.16
0.17
0.18
0.19
0.2
0.21
0.22
0.23
0.24
0.25
0.26
0.27
0.28
0.29
0.3
0.31
0.32
0.33
0.34
0.35
0.36
0.37
0.38
0.39
0.4
0.41
0.42
0.43
0.44
0.45
0.46
0.47
0.48
0.49
0.5
0.51
0.52
0.53
0.54
0.55
0.56
0.57
0.58
0.59
0.6
0.61
0.62
0.63
0.64
0.65
0.66
0.67
0.68
0.69
0.7
0.71
0.72
0.73
0.74
0.75
0.76
0.77
0.78
0.79
0.8
0.81
0.82
0.83
0.84
0.85
0.86
0.87
0.88
0.89
0.9
0.91
0.92
0.93
0.94
0.95
0.96
0.97
0.98
0.99
1
0
4.4981e-15
1.85903e-14
-4.25454e-14
-3.51435e-14
1.70848e-13
-2.94141e-14
-4.55937e-13
3.96924e-13
9.06166e-13
-1.55013e-12
-1.2898e-12
4.39412e-12
7.41053e-13
-1.04636e-11
3.02658e-12
2.22003e-11
-1.52458e-11
-4.34095e-11
4.70482e-11
8.02711e-11
-1.21226e-10
-1.44056e-10
2.83509e-10
2.58836e-10
-6.24358e-10
-4.83164e-10
1.31938e-09
9.6913e-10
-2.69747e-09
-2.11689e-09
5.33165e-09
4.95974e-09
-1.00708e-08
-1.20633e-08
1.76482e-08
2.94266e-08
-2.66247e-08
-6.97994e-08
2.61048e-08
1.55827e-07
2.52388e-08
-3.11504e-07
-2.47065e-07
5.00241e-07
9.26056e-07
-3.44013e-07
-2.49754e-06
-4.77219e-07
1.86077e-05
8.77865e-05
0.000294905
0.00087362
0.00243489
0.00653992
0.0170856
0.0440268
0.109921
0.230867
0.39965
0.585587
0.749324
0.870299
0.94322
0.977456
0.991124
0.996594
0.998724
0.999534
0.999837
0.999948
0.999988
1
1
1
0.999999
1
1
1
0.999982
0.999913
0.999705
0.999126
0.997564
0.993459
0.982914
0.955974
0.890083
0.769131
0.600344
0.414415
0.250676
0.129702
0.0568111
0.0223217
0.00916727
0.00327815
0.00153267
0.000393933
3.83196e-05
0
