VARIABLEs = X,u
ZONE I=101
datapacking=block
0
0.01
0.02
0.03
0.04
0.05
0.06
0.07
0.08
0.09
0.1
0.11
0.12
0.13
0.14
0.15
0.16
0.17
0.18
0.19
0.2
0.21
0.22
0.23
0.24
0.25
0.26
0.27
0.28
0.29
0.3
0.31
0.32
0.33
0.34
0.35
0.36
0.37
0.38
0.39
0.4
0.41
0.42
0.43
0.44
0.45
0.46
0.47
0.48
0.49
0.5
0.51
0.52
0.53
0.54
0.55
0.56
0.57
0.58
0.59
0.6
0.61
0.62
0.63
0.64
0.65
0.66
0.67
0.68
0.69
0.7
0.71
0.72
0.73
0.74
0.75
0.76
0.77
0.78
0.79
0.8
0.81
0.82
0.83
0.84
0.85
0.86
0.87
0.88
0.89
0.9
0.91
0.92
0.93
0.94
0.95
0.96
0.97
0.98
0.99
1
0
4.84303e-11
6.24836e-11
-3.30701e-10
2.38103e-11
1.0765e-09
-7.85877e-10
-2.51042e-09
3.39691e-09
4.72203e-09
-1.02177e-08
-7.56868e-09
2.59196e-08
1.08752e-08
-5.99784e-08
-1.57768e-08
1.32361e-07
2.99589e-08
-2.87211e-07
-8.64601e-08
6.34177e-07
3.30793e-07
-1.4806e-06
-9.19884e-07
1.40239e-05
7.84619e-05
0.000299498
0.00100041
0.00312701
0.00934686
0.0268995
0.0767756
0.19126
0.371625
0.580582
0.762046
0.888947
0.957426
0.984715
0.994615
0.998165
0.999394
0.999809
0.999945
0.999988
0.999999
1
1
1
1
0.999999
1
1
1
0.999986
0.999921
0.9997
0.998999
0.996873
0.990653
0.973101
0.923226
0.808743
0.628374
0.419417
0.237956
0.111053
0.0425687
0.015284
0.00538809
0.00183661
0.000605388
0.000190599
5.4759e-05
1.22575e-05
7.06716e-07
-9.22715e-07
-1.98354e-07
2.69548e-07
2.00654e-07
2.022e-08
-4.16718e-08
-2.01411e-08
3.45905e-09
6.30457e-09
1.30672e-09
-1.08847e-09
-6.51475e-10
5.70513e-11
1.67115e-10
3.45578e-11
-2.79393e-11
-1.50686e-11
2.211e-12
3.79454e-12
4.4958e-13
-6.97207e-13
-2.31596e-13
5.14389e-14
1.70494e-14
0
