VARIABLEs = X,u
ZONE I=101
datapacking=block
0
0.01
0.02
0.03
0.04
0.05
0.06
0.07
0.08
0.09
0.1
0.11
0.12
0.13
0.14
0.15
0.16
0.17
0.18
0.19
0.2
0.21
0.22
0.23
0.24
0.25
0.26
0.27
0.28
0.29
0.3
0.31
0.32
0.33
0.34
0.35
0.36
0.37
0.38
0.39
0.4
0.41
0.42
0.43
0.44
0.45
0.46
0.47
0.48
0.49
0.5
0.51
0.52
0.53
0.54
0.55
0.56
0.57
0.58
0.59
0.6
0.61
0.62
0.63
0.64
0.65
0.66
0.67
0.68
0.69
0.7
0.71
0.72
0.73
0.74
0.75
0.76
0.77
0.78
0.79
0.8
0.81
0.82
0.83
0.84
0.85
0.86
0.87
0.88
0.89
0.9
0.91
0.92
0.93
0.94
0.95
0.96
0.97
0.98
0.99
1
0
-2.36447e-12
-1.24357e-11
2.43516e-11
2.84495e-11
-1.02883e-10
-1.17275e-11
2.93871e-10
-1.43978e-10
-6.68085e-10
6.8209e-10
1.29964e-09
-2.10809e-09
-2.2621e-09
5.43792e-09
3.68482e-09
-1.2714e-08
-6.03954e-09
2.80785e-08
1.11769e-08
-5.99276e-08
-2.56575e-08
1.24893e-07
7.10121e-08
-2.53755e-07
-2.14985e-07
4.95791e-07
6.81632e-07
-8.58234e-07
-2.1396e-06
4.57259e-06
4.03134e-05
0.000165374
0.000554853
0.00170774
0.00500499
0.0141473
0.0389474
0.105239
0.235699
0.421294
0.620673
0.787404
0.901163
0.961509
0.985721
0.994797
0.998158
0.999369
0.999795
0.999939
0.999985
0.999998
1
1
1
0.999999
0.999999
1
1
0.999995
0.99996
0.999834
0.999445
0.998292
0.994995
0.985853
0.961053
0.894762
0.7643
0.578707
0.379328
0.212593
0.0988352
0.0384975
0.0142854
0.00520252
0.00183877
0.000629803
0.000206371
6.19218e-05
1.47597e-05
1.22561e-06
-1.03829e-06
-3.42058e-07
2.66979e-07
2.67083e-07
6.03978e-08
-4.34518e-08
-3.38599e-08
-1.87037e-09
8.36764e-09
3.75409e-09
-7.4556e-10
-1.22085e-09
-2.4147e-10
2.23765e-10
1.24636e-10
-3.66689e-12
-1.00671e-11
0
