VARIABLEs = X,u
ZONE I=101
datapacking=block
0
0.01
0.02
0.03
0.04
0.05
0.06
0.07
0.08
0.09
0.1
0.11
0.12
0.13
0.14
0.15
0.16
0.17
0.18
0.19
0.2
0.21
0.22
0.23
0.24
0.25
0.26
0.27
0.28
0.29
0.3
0.31
0.32
0.33
0.34
0.35
0.36
0.37
0.38
0.39
0.4
0.41
0.42
0.43
0.44
0.45
0.46
0.47
0.48
0.49
0.5
0.51
0.52
0.53
0.54
0.55
0.56
0.57
0.58
0.59
0.6
0.61
0.62
0.63
0.64
0.65
0.66
0.67
0.68
0.69
0.7
0.71
0.72
0.73
0.74
0.75
0.76
0.77
0.78
0.79
0.8
0.81
0.82
0.83
0.84
0.85
0.86
0.87
0.88
0.89
0.9
0.91
0.92
0.93
0.94
0.95
0.96
0.97
0.98
0.99
1
0
9.25049e-12
1.87482e-11
-6.91954e-11
-1.59741e-11
2.41558e-10
-1.20679e-10
-5.94531e-10
6.60271e-10
1.16295e-09
-2.16113e-09
-1.88381e-09
5.72876e-09
2.52916e-09
-1.35671e-08
-2.73402e-09
3.02024e-08
2.47679e-09
-6.51968e-08
-4.21419e-09
1.39083e-07
2.06974e-08
-2.9615e-07
-1.02229e-07
6.35335e-07
4.50316e-07
-1.35768e-06
-1.56825e-06
1.00401e-05
6.20475e-05
0.00023845
0.000785947
0.00241114
0.00707362
0.0200228
0.0558159
0.145272
0.301069
0.501137
0.693548
0.841648
0.932839
0.975131
0.990895
0.996767
0.998885
0.999629
0.999885
0.999969
0.999994
1
1
1
1
0.999999
1
1
1
0.99999
0.999938
0.999761
0.999214
0.997589
0.992926
0.979978
0.944186
0.854729
0.698929
0.498862
0.306453
0.158349
0.067158
0.0248737
0.0091101
0.00323221
0.00111314
0.000369772
0.00011577
3.16384e-05
5.66747e-06
-5.95164e-07
-7.57407e-07
5.29329e-08
3.10394e-07
1.47685e-07
-1.42222e-08
-4.38506e-08
-1.33049e-08
6.5029e-09
5.94402e-09
5.27197e-10
-1.2991e-09
-5.71544e-10
1.28083e-10
1.78279e-10
2.5089e-11
-3.45736e-11
-1.4694e-11
1.78398e-12
1.17955e-12
0
