VARIABLEs = X,u
ZONE I=101
datapacking=block
0
0.01
0.02
0.03
0.04
0.05
0.06
0.07
0.08
0.09
0.1
0.11
0.12
0.13
0.14
0.15
0.16
0.17
0.18
0.19
0.2
0.21
0.22
0.23
0.24
0.25
0.26
0.27
0.28
0.29
0.3
0.31
0.32
0.33
0.34
0.35
0.36
0.37
0.38
0.39
0.4
0.41
0.42
0.43
0.44
0.45
0.46
0.47
0.48
0.49
0.5
0.51
0.52
0.53
0.54
0.55
0.56
0.57
0.58
0.59
0.6
0.61
0.62
0.63
0.64
0.65
0.66
0.67
0.68
0.69
0.7
0.71
0.72
0.73
0.74
0.75
0.76
0.77
0.78
0.79
0.8
0.81
0.82
0.83
0.84
0.85
0.86
0.87
0.88
0.89
0.9
0.91
0.92
0.93
0.94
0.95
0.96
0.97
0.98
0.99
1
0
-4.78027e-13
-5.92698e-11
5.34453e-11
1.896e-10
-3.20434e-10
-3.45343e-10
1.10358e-09
2.90572e-10
-2.93632e-09
6.02581e-10
6.75826e-09
-3.70329e-09
-1.43689e-08
1.1721e-08
2.96423e-08
-2.96696e-08
-6.17358e-08
6.60952e-08
1.33579e-07
-1.33183e-07
-3.05238e-07
2.39218e-07
7.52619e-07
-3.16789e-07
-2.03108e-06
1.78426e-06
2.84401e-05
0.000128502
0.000452954
0.00144453
0.00436154
0.0126578
0.035589
0.0988017
0.228411
0.416683
0.620463
0.790142
0.904489
0.963702
0.986778
0.995292
0.998373
0.999455
0.999827
0.999951
0.999989
0.999999
1
1
1
1
0.999999
1
1
0.999998
0.999971
0.999871
0.999547
0.998555
0.995638
0.987343
0.964412
0.9012
0.771589
0.583314
0.379538
0.209859
0.0955072
0.0362959
0.0132269
0.00471058
0.00162607
0.000542914
0.000172784
4.97924e-05
1.09026e-05
3.91751e-07
-9.42036e-07
-1.66461e-07
2.88968e-07
2.06595e-07
1.9605e-08
-4.44064e-08
-2.19759e-08
3.37094e-09
6.94839e-09
1.65772e-09
-1.14432e-09
-7.85137e-10
2.25779e-11
1.93593e-10
5.33577e-11
-2.90281e-11
-2.04392e-11
9.62876e-13
4.72079e-12
8.56687e-13
-3.44642e-13
0
