VARIABLEs = X,u
ZONE I=101
datapacking=block
0
0.01
0.02
0.03
0.04
0.05
0.06
0.07
0.08
0.09
0.1
0.11
0.12
0.13
0.14
0.15
0.16
0.17
0.18
0.19
0.2
0.21
0.22
0.23
0.24
0.25
0.26
0.27
0.28
0.29
0.3
0.31
0.32
0.33
0.34
0.35
0.36
0.37
0.38
0.39
0.4
0.41
0.42
0.43
0.44
0.45
0.46
0.47
0.48
0.49
0.5
0.51
0.52
0.53
0.54
0.55
0.56
0.57
0.58
0.59
0.6
0.61
0.62
0.63
0.64
0.65
0.66
0.67
0.68
0.69
0.7
0.71
0.72
0.73
0.74
0.75
0.76
0.77
0.78
0.79
0.8
0.81
0.82
0.83
0.84
0.85
0.86
0.87
0.88
0.89
0.9
0.91
0.92
0.93
0.94
0.95
0.96
0.97
0.98
0.99
1
0
-1.31575e-10
-1.04366e-11
7.63813e-10
-5.7259e-10
-2.11048e-09
3.05585e-09
4.07626e-09
-1.00381e-08
-5.80615e-09
2.6508e-08
5.26793e-09
-6.23855e-08
7.37465e-10
1.38756e-07
-1.46726e-08
-3.043e-07
2.94416e-08
6.91797e-07
2.4846e-08
-1.75266e-06
6.57512e-07
2.29901e-05
0.000113093
0.000420257
0.00140042
0.0043965
0.0132095
0.0383165
0.109015
0.251532
0.452381
0.658798
0.822271
0.925033
0.973062
0.990472
0.996749
0.998926
0.999658
0.999897
0.999974
0.999996
1
1
1
1
1
0.999999
1
1
0.999999
0.999977
0.999887
0.99958
0.998599
0.995604
0.986791
0.961685
0.890986
0.74847
0.54762
0.341202
0.17773
0.0749682
0.0269332
0.00952588
0.00325245
0.00107472
0.000341743
0.000102153
2.6382e-05
4.1706e-06
-7.06636e-07
-5.65007e-07
1.31987e-07
2.58304e-07
8.4515e-08
-2.94231e-08
-3.08211e-08
-3.1518e-09
6.58573e-09
2.93885e-09
-6.26364e-10
-8.70962e-10
-1.09468e-10
1.66048e-10
6.94338e-11
-1.81926e-11
-1.96001e-11
-9.15982e-13
3.90288e-12
1.0828e-12
-5.59059e-13
-3.38595e-13
4.126e-14
7.54082e-14
4.9851e-15
-8.97915e-15
-2.68e-16
0
