VARIABLEs = X,u
ZONE I=101
datapacking=block
0
0.01
0.02
0.03
0.04
0.05
0.06
0.07
0.08
0.09
0.1
0.11
0.12
0.13
0.14
0.15
0.16
0.17
0.18
0.19
0.2
0.21
0.22
0.23
0.24
0.25
0.26
0.27
0.28
0.29
0.3
0.31
0.32
0.33
0.34
0.35
0.36
0.37
0.38
0.39
0.4
0.41
0.42
0.43
0.44
0.45
0.46
0.47
0.48
0.49
0.5
0.51
0.52
0.53
0.54
0.55
0.56
0.57
0.58
0.59
0.6
0.61
0.62
0.63
0.64
0.65
0.66
0.67
0.68
0.69
0.7
0.71
0.72
0.73
0.74
0.75
0.76
0.77
0.78
0.79
0.8
0.81
0.82
0.83
0.84
0.85
0.86
0.87
0.88
0.89
0.9
0.91
0.92
0.93
0.94
0.95
0.96
0.97
0.98
0.99
1
0
-3.36746e-12
2.61523e-11
-3.26482e-12
-1.00556e-10
8.8223e-11
2.38154e-10
-3.97642e-10
-3.96898e-10
1.21741e-09
3.96789e-10
-3.07853e-09
2.19339e-10
6.98968e-09
-2.40858e-09
-1.49977e-08
7.93993e-09
3.15632e-08
-1.96439e-08
-6.69138e-08
4.07676e-08
1.45198e-07
-6.99215e-08
-3.24496e-07
7.81843e-08
7.53777e-07
1.06788e-07
-1.81768e-06
-4.81535e-07
1.71151e-05
8.7682e-05
0.000318922
0.00102412
0.00309023
0.00894829
0.0250418
0.069546
0.172807
0.340048
0.542355
0.727061
0.863796
0.94407
0.979356
0.992445
0.99732
0.999077
0.999695
0.999907
0.999976
0.999996
1
1
1
1
0.999999
1
1
1
0.999983
0.999912
0.999681
0.998976
0.99691
0.991052
0.974959
0.930455
0.827193
0.65995
0.457646
0.272938
0.1362
0.0559295
0.0206512
0.00755811
0.00267802
0.00092088
0.000304812
9.43564e-05
2.4871e-05
3.809e-06
-8.5295e-07
-6.26881e-07
1.4089e-07
3.043e-07
1.17426e-07
-2.68174e-08
-4.14722e-08
-9.17502e-09
7.48194e-09
5.27205e-09
3.88366e-11
-1.3098e-09
-4.592e-10
1.67725e-10
1.65426e-10
1.15394e-11
-3.55303e-11
-9.91892e-12
2.50172e-12
0
