VARIABLEs = X,u
ZONE I=101
datapacking=block
0
0.01
0.02
0.03
0.04
0.05
0.06
0.07
0.08
0.09
0.1
0.11
0.12
0.13
0.14
0.15
0.16
0.17
0.18
0.19
0.2
0.21
0.22
0.23
0.24
0.25
0.26
0.27
0.28
0.29
0.3
0.31
0.32
0.33
0.34
0.35
0.36
0.37
0.38
0.39
0.4
0.41
0.42
0.43
0.44
0.45
0.46
0.47
0.48
0.49
0.5
0.51
0.52
0.53
0.54
0.55
0.56
0.57
0.58
0.59
0.6
0.61
0.62
0.63
0.64
0.65
0.66
0.67
0.68
0.69
0.7
0.71
0.72
0.73
0.74
0.75
0.76
0.77
0.78
0.79
0.8
0.81
0.82
0.83
0.84
0.85
0.86
0.87
0.88
0.89
0.9
0.91
0.92
0.93
0.94
0.95
0.96
0.97
0.98
0.99
1
0
1.43575e-11
-7.84211e-13
-8.16788e-11
7.15131e-11
2.16091e-10
-3.63302e-10
-3.70925e-10
1.16973e-09
3.36138e-10
-3.02258e-09
4.32609e-10
6.89911e-09
-3.10116e-09
-1.47377e-08
9.91625e-09
3.07531e-08
-2.48192e-08
-6.47702e-08
5.37391e-08
1.40692e-07
-1.02053e-07
-3.18637e-07
1.5879e-07
7.64088e-07
-9.89837e-08
-1.95828e-06
5.09644e-07
2.22951e-05
0.000106459
0.000380491
0.00121676
0.00367152
0.0106419
0.0298278
0.0830534
0.199346
0.377592
0.58176
0.759529
0.885292
0.9548
0.983446
0.994021
0.997906
0.999289
0.999769
0.999932
0.999984
0.999998
1
1
1
1
0.999999
1
1
0.999999
0.999978
0.999893
0.999619
0.998783
0.996328
0.989358
0.970173
0.916948
0.800654
0.622405
0.41824
0.240471
0.114705
0.0451991
0.0165602
0.00598238
0.00209281
0.000709471
0.000230548
6.91029e-05
1.68311e-05
1.73858e-06
-9.9261e-07
-3.88602e-07
2.39323e-07
2.62462e-07
6.33051e-08
-4.03777e-08
-3.22771e-08
-1.7394e-09
7.83136e-09
3.36645e-09
-7.6264e-10
-1.09542e-09
-1.78121e-10
2.06802e-10
1.07163e-10
-1.59253e-11
-2.97581e-11
-3.92707e-12
3.47336e-12
3.77785e-13
0
