VARIABLEs = X,u
ZONE I=101
datapacking=block
0
0.01
0.02
0.03
0.04
0.05
0.06
0.07
0.08
0.09
0.1
0.11
0.12
0.13
0.14
0.15
0.16
0.17
0.18
0.19
0.2
0.21
0.22
0.23
0.24
0.25
0.26
0.27
0.28
0.29
0.3
0.31
0.32
0.33
0.34
0.35
0.36
0.37
0.38
0.39
0.4
0.41
0.42
0.43
0.44
0.45
0.46
0.47
0.48
0.49
0.5
0.51
0.52
0.53
0.54
0.55
0.56
0.57
0.58
0.59
0.6
0.61
0.62
0.63
0.64
0.65
0.66
0.67
0.68
0.69
0.7
0.71
0.72
0.73
0.74
0.75
0.76
0.77
0.78
0.79
0.8
0.81
0.82
0.83
0.84
0.85
0.86
0.87
0.88
0.89
0.9
0.91
0.92
0.93
0.94
0.95
0.96
0.97
0.98
0.99
1
0
0.00240042
0.0298573
0.194339
0.52828
0.81473
0.956402
0.991625
0.998544
0.999775
0.999969
0.999997
1
1
1
1
1
1
1
1
1
1
1
1
1
1
1
1
1
1
1
0.9976
0.970143
0.805661
0.47172
0.18527
0.0435981
0.00837528
0.00145617
0.000224558
3.08318e-05
3.29261e-06
-1.76705e-07
-1.00623e-07
6.46819e-08
2.05119e-08
-5.52891e-09
-1.81571e-09
6.5777e-10
1.74969e-10
-6.61447e-11
-1.35877e-11
6.56031e-12
9.11766e-13
-5.99941e-13
-4.40085e-14
5.09034e-14
4.85918e-16
-3.93708e-15
2.18424e-16
2.73929e-16
-3.48049e-17
-1.66987e-17
3.63764e-18
8.44439e-19
-3.06593e-19
-2.98297e-20
2.19281e-20
3.55384e-24
-1.34157e-21
1.17823e-22
6.86454e-23
-1.30929e-23
-2.70396e-24
9.89097e-25
5.48706e-26
-5.90527e-26
2.85967e-27
2.82544e-27
-4.32636e-28
-1.00279e-28
3.21065e-29
1.62683e-30
-1.72888e-30
5.55072e-32
2.73309e-31
-7.68863e-31
2.66937e-30
-8.86027e-30
2.74285e-29
-7.86462e-29
2.07095e-28
-4.95932e-28
1.06894e-27
-2.05877e-27
3.54811e-27
-5.73574e-27
8.27523e-27
-1.11039e-26
-3.85771e-26
0
