VARIABLEs = X,u
ZONE I=101
datapacking=block
0
0.01
0.02
0.03
0.04
0.05
0.06
0.07
0.08
0.09
0.1
0.11
0.12
0.13
0.14
0.15
0.16
0.17
0.18
0.19
0.2
0.21
0.22
0.23
0.24
0.25
0.26
0.27
0.28
0.29
0.3
0.31
0.32
0.33
0.34
0.35
0.36
0.37
0.38
0.39
0.4
0.41
0.42
0.43
0.44
0.45
0.46
0.47
0.48
0.49
0.5
0.51
0.52
0.53
0.54
0.55
0.56
0.57
0.58
0.59
0.6
0.61
0.62
0.63
0.64
0.65
0.66
0.67
0.68
0.69
0.7
0.71
0.72
0.73
0.74
0.75
0.76
0.77
0.78
0.79
0.8
0.81
0.82
0.83
0.84
0.85
0.86
0.87
0.88
0.89
0.9
0.91
0.92
0.93
0.94
0.95
0.96
0.97
0.98
0.99
1
0
-7.32707e-12
4.57122e-12
3.80589e-11
-5.02579e-11
-8.7298e-11
2.11757e-10
1.05993e-10
-6.21555e-10
6.35463e-11
1.4967e-09
-7.99006e-10
-3.19748e-09
2.90188e-09
6.39318e-09
-7.97814e-09
-1.25389e-08
1.91353e-08
2.52054e-08
-4.21446e-08
-5.3691e-08
8.68873e-08
1.22766e-07
-1.66919e-07
-2.99245e-07
2.86869e-07
7.76434e-07
-3.42007e-07
-2.11665e-06
1.46946e-06
2.69448e-05
0.000121401
0.000422426
0.0013262
0.00394159
0.0112734
0.0312429
0.0859919
0.203022
0.380264
0.58227
0.758371
0.883607
0.953565
0.982837
0.993731
0.997778
0.999237
0.99975
0.999924
0.999981
0.999997
1
1
1
0.999999
0.999999
1
1
0.999999
0.999973
0.999878
0.999577
0.998674
0.996058
0.988727
0.968758
0.914009
0.796977
0.619735
0.417731
0.241627
0.116389
0.0464378
0.0171708
0.00627043
0.00221904
0.000761675
0.000250985
7.66143e-05
1.93105e-05
2.34998e-06
-9.92455e-07
-4.85548e-07
2.12362e-07
2.8926e-07
8.80498e-08
-3.65228e-08
-3.8053e-08
-5.33531e-09
8.09357e-09
4.53163e-09
-3.8706e-10
-1.28198e-09
-3.47897e-10
1.98453e-10
1.50547e-10
-4.84283e-12
-2.38447e-11
-3.78236e-13
0
