VARIABLEs = X,u
ZONE I=101
datapacking=block
0
0.01
0.02
0.03
0.04
0.05
0.06
0.07
0.08
0.09
0.1
0.11
0.12
0.13
0.14
0.15
0.16
0.17
0.18
0.19
0.2
0.21
0.22
0.23
0.24
0.25
0.26
0.27
0.28
0.29
0.3
0.31
0.32
0.33
0.34
0.35
0.36
0.37
0.38
0.39
0.4
0.41
0.42
0.43
0.44
0.45
0.46
0.47
0.48
0.49
0.5
0.51
0.52
0.53
0.54
0.55
0.56
0.57
0.58
0.59
0.6
0.61
0.62
0.63
0.64
0.65
0.66
0.67
0.68
0.69
0.7
0.71
0.72
0.73
0.74
0.75
0.76
0.77
0.78
0.79
0.8
0.81
0.82
0.83
0.84
0.85
0.86
0.87
0.88
0.89
0.9
0.91
0.92
0.93
0.94
0.95
0.96
0.97
0.98
0.99
1
0
-2.40276e-09
-2.35461e-09
1.55913e-08
-2.18611e-09
-4.93862e-08
3.29227e-08
1.17841e-07
-1.27933e-07
-2.47189e-07
3.67196e-07
5.11862e-07
-1.01095e-06
-9.65985e-07
1.27606e-05
8.07427e-05
0.000344324
0.00128064
0.0044201
0.0144132
0.0449694
0.134337
0.306497
0.531102
0.736294
0.881017
0.957384
0.985824
0.995409
0.998573
0.999574
0.99988
0.99997
0.999995
1
1
1
1
1
1
1
1
1
1
0.999987
0.999919
0.999656
0.99872
0.995581
0.985588
0.955032
0.865664
0.693504
0.468897
0.263706
0.118983
0.0426141
0.0141767
0.00459167
0.00142646
0.000425361
0.000119933
2.99101e-05
4.96066e-06
-4.76965e-07
-5.03722e-07
1.09454e-07
2.04339e-07
5.32107e-08
-2.73267e-08
-1.9066e-08
1.04725e-09
4.51201e-09
9.36189e-10
-7.17406e-10
-3.57247e-10
6.72457e-11
8.55244e-11
4.07019e-12
-1.57188e-11
-3.67753e-12
2.29023e-12
1.06674e-12
-2.42294e-13
-2.28784e-13
8.51782e-15
4.10548e-14
4.1937e-15
-6.40463e-15
-1.51397e-15
8.73881e-16
3.49024e-16
-1.0177e-16
-6.65102e-17
9.1677e-18
1.12565e-17
-3.61649e-19
-1.70784e-18
-1.30504e-19
1.13113e-19
0
