VARIABLEs = X,u
ZONE I=101
datapacking=block
0
0.01
0.02
0.03
0.04
0.05
0.06
0.07
0.08
0.09
0.1
0.11
0.12
0.13
0.14
0.15
0.16
0.17
0.18
0.19
0.2
0.21
0.22
0.23
0.24
0.25
0.26
0.27
0.28
0.29
0.3
0.31
0.32
0.33
0.34
0.35
0.36
0.37
0.38
0.39
0.4
0.41
0.42
0.43
0.44
0.45
0.46
0.47
0.48
0.49
0.5
0.51
0.52
0.53
0.54
0.55
0.56
0.57
0.58
0.59
0.6
0.61
0.62
0.63
0.64
0.65
0.66
0.67
0.68
0.69
0.7
0.71
0.72
0.73
0.74
0.75
0.76
0.77
0.78
0.79
0.8
0.81
0.82
0.83
0.84
0.85
0.86
0.87
0.88
0.89
0.9
0.91
0.92
0.93
0.94
0.95
0.96
0.97
0.98
0.99
1
0
-7.16441e-08
2.41311e-07
2.43227e-07
-1.14647e-06
4.25196e-07
2.47167e-05
0.000166768
0.000854408
0.00380361
0.0151973
0.0561799
0.184186
0.411586
0.661118
0.848145
0.949426
0.985204
0.995808
0.998882
0.999718
0.999934
0.999987
0.999999
1
1
1
1
1
1
1
1
1
1
1
0.999999
0.999976
0.999834
0.999147
0.996198
0.984803
0.943819
0.815813
0.588414
0.338882
0.151855
0.0505738
0.0147954
0.00419238
0.00111816
0.000282214
6.6293e-05
1.30484e-05
1.03912e-06
-5.50584e-07
-6.14319e-08
1.5525e-07
5.92325e-08
-1.43874e-08
-1.26552e-08
7.28592e-10
2.40789e-09
2.3395e-10
-3.72809e-10
-8.44637e-11
5.08088e-11
1.89384e-11
-6.00392e-12
-3.45061e-12
6.02441e-13
5.56507e-13
-4.58654e-14
-8.22748e-14
1.22009e-15
1.13891e-14
4.40858e-16
-1.4965e-15
-1.24014e-16
1.88555e-16
2.25914e-17
-2.29605e-17
-3.45259e-18
2.71924e-18
4.749e-19
-3.14799e-19
-6.05596e-20
3.57629e-20
7.26799e-21
-3.99808e-21
-8.27622e-22
4.40563e-22
8.97907e-23
-4.78818e-23
-9.29187e-24
5.12901e-24
9.19333e-25
-5.47561e-25
-7.34854e-26
3.11343e-26
-3.84968e-26
0
