VARIABLEs = X,u
ZONE I=101
datapacking=block
0
0.01
0.02
0.03
0.04
0.05
0.06
0.07
0.08
0.09
0.1
0.11
0.12
0.13
0.14
0.15
0.16
0.17
0.18
0.19
0.2
0.21
0.22
0.23
0.24
0.25
0.26
0.27
0.28
0.29
0.3
0.31
0.32
0.33
0.34
0.35
0.36
0.37
0.38
0.39
0.4
0.41
0.42
0.43
0.44
0.45
0.46
0.47
0.48
0.49
0.5
0.51
0.52
0.53
0.54
0.55
0.56
0.57
0.58
0.59
0.6
0.61
0.62
0.63
0.64
0.65
0.66
0.67
0.68
0.69
0.7
0.71
0.72
0.73
0.74
0.75
0.76
0.77
0.78
0.79
0.8
0.81
0.82
0.83
0.84
0.85
0.86
0.87
0.88
0.89
0.9
0.91
0.92
0.93
0.94
0.95
0.96
0.97
0.98
0.99
1
0
-4.81249e-07
-2.82644e-07
1.39843e-05
0.000137083
0.000923297
0.0049876
0.0226822
0.0943187
0.286631
0.558993
0.790716
0.928651
0.980785
0.994942
0.998771
0.99972
0.999941
0.99999
0.999999
1
1
1
1
1
1
1
1
1
1
1
1
1
0.999987
0.999864
0.999077
0.995012
0.977317
0.905681
0.713369
0.441006
0.209284
0.0713495
0.0192146
0.00505765
0.00122938
0.000279795
5.89079e-05
1.03446e-05
5.8541e-07
-4.32592e-07
1.07484e-08
1.17543e-07
2.44211e-08
-1.42233e-08
-5.12514e-09
1.81559e-09
9.89383e-10
-1.80213e-10
-1.57578e-10
1.49596e-11
2.30187e-11
-7.41135e-13
-3.11307e-12
-3.77977e-14
3.98487e-13
1.77585e-14
-4.87453e-14
-3.26431e-15
5.74792e-15
4.63118e-16
-6.56808e-16
-5.65026e-17
7.29856e-17
6.1277e-18
-7.90005e-18
-5.9305e-19
8.33173e-19
5.01282e-20
-8.55404e-20
-3.42694e-21
8.53439e-21
1.31977e-22
-8.254e-22
1.08683e-23
7.7143e-23
-3.52865e-24
-6.94069e-24
5.73864e-25
5.98378e-25
-7.51077e-26
-4.87385e-26
8.01962e-27
4.84652e-27
-2.69793e-27
2.77455e-27
-5.21898e-27
8.30906e-27
-1.13171e-26
-3.8775e-26
0
