VARIABLEs = X,u
ZONE I=101
datapacking=block
0
0.01
0.02
0.03
0.04
0.05
0.06
0.07
0.08
0.09
0.1
0.11
0.12
0.13
0.14
0.15
0.16
0.17
0.18
0.19
0.2
0.21
0.22
0.23
0.24
0.25
0.26
0.27
0.28
0.29
0.3
0.31
0.32
0.33
0.34
0.35
0.36
0.37
0.38
0.39
0.4
0.41
0.42
0.43
0.44
0.45
0.46
0.47
0.48
0.49
0.5
0.51
0.52
0.53
0.54
0.55
0.56
0.57
0.58
0.59
0.6
0.61
0.62
0.63
0.64
0.65
0.66
0.67
0.68
0.69
0.7
0.71
0.72
0.73
0.74
0.75
0.76
0.77
0.78
0.79
0.8
0.81
0.82
0.83
0.84
0.85
0.86
0.87
0.88
0.89
0.9
0.91
0.92
0.93
0.94
0.95
0.96
0.97
0.98
0.99
1
0
1.02664e-11
-4.90329e-11
-1.68797e-11
2.07732e-10
-1.01676e-10
-5.49281e-10
6.25196e-10
1.09391e-09
-2.13634e-09
-1.71281e-09
5.77531e-09
1.9938e-09
-1.37874e-08
-1.1292e-09
3.07715e-08
-1.91492e-09
-6.65554e-08
6.98497e-09
1.42826e-07
-6.64175e-09
-3.08733e-07
-3.7004e-08
6.84403e-07
2.9885e-07
-1.57081e-06
-1.02902e-06
1.36611e-05
7.58913e-05
0.000284908
0.000933694
0.00286352
0.00840999
0.02383
0.0668726
0.169061
0.336959
0.541377
0.727986
0.865506
0.945464
0.980069
0.992786
0.997472
0.99914
0.999719
0.999915
0.999979
0.999997
1
1
1
1
0.999999
1
1
1
0.999986
0.999924
0.999715
0.999066
0.997136
0.99159
0.976171
0.933129
0.830939
0.663039
0.458621
0.272015
0.134491
0.0545326
0.0199345
0.00721816
0.0025277
0.000858291
0.000280158
8.52154e-05
2.17899e-05
2.99058e-06
-9.07132e-07
-5.26102e-07
1.81281e-07
2.81568e-07
8.97746e-08
-3.34756e-08
-3.61058e-08
-4.93469e-09
7.59708e-09
4.07149e-09
-4.54804e-10
-1.15689e-09
-2.70305e-10
1.91297e-10
1.23168e-10
-7.64274e-12
-3.05841e-11
-6.8608e-12
5.12983e-12
2.0847e-12
-3.54216e-13
0
