VARIABLEs = X,u
ZONE I=101
datapacking=block
0
0.01
0.02
0.03
0.04
0.05
0.06
0.07
0.08
0.09
0.1
0.11
0.12
0.13
0.14
0.15
0.16
0.17
0.18
0.19
0.2
0.21
0.22
0.23
0.24
0.25
0.26
0.27
0.28
0.29
0.3
0.31
0.32
0.33
0.34
0.35
0.36
0.37
0.38
0.39
0.4
0.41
0.42
0.43
0.44
0.45
0.46
0.47
0.48
0.49
0.5
0.51
0.52
0.53
0.54
0.55
0.56
0.57
0.58
0.59
0.6
0.61
0.62
0.63
0.64
0.65
0.66
0.67
0.68
0.69
0.7
0.71
0.72
0.73
0.74
0.75
0.76
0.77
0.78
0.79
0.8
0.81
0.82
0.83
0.84
0.85
0.86
0.87
0.88
0.89
0.9
0.91
0.92
0.93
0.94
0.95
0.96
0.97
0.98
0.99
1
0
-8.17501e-11
-1.85328e-10
6.24134e-10
2.28005e-10
-2.22724e-09
7.63209e-10
5.70771e-09
-4.89812e-09
-1.21374e-08
1.65294e-08
2.32744e-08
-4.4278e-08
-4.33417e-08
1.05314e-07
8.48614e-08
-2.35126e-07
-1.8744e-07
5.16509e-07
4.97577e-07
-1.17249e-06
-1.37889e-06
1.04522e-05
6.55382e-05
0.000260725
0.000893996
0.00285306
0.00868259
0.0253802
0.0734163
0.186786
0.368268
0.579896
0.763422
0.890938
0.958829
0.985381
0.99492
0.998295
0.999446
0.999828
0.999952
0.99999
1
1
1
1
1
0.999999
1
1
1
0.999989
0.999934
0.999739
0.999106
0.997147
0.991318
0.974621
0.926585
0.813216
0.631734
0.420103
0.236579
0.109064
0.0411678
0.0146151
0.00508123
0.00170669
0.00055366
0.000171183
4.79709e-05
1.01805e-05
2.91041e-07
-8.54611e-07
-1.08871e-07
2.71784e-07
1.66994e-07
2.84365e-09
-3.93284e-08
-1.42641e-08
4.96912e-09
5.19103e-09
4.98864e-10
-1.06313e-09
-4.32179e-10
1.18448e-10
1.30253e-10
8.78107e-12
-2.61663e-11
-8.4566e-12
3.5073e-12
2.59641e-12
-1.35448e-13
-5.60029e-13
-9.22136e-14
9.33559e-14
3.42729e-14
-6.37803e-15
-2.39402e-15
0
