VARIABLEs = X,u
ZONE I=101
datapacking=block
0
0.01
0.02
0.03
0.04
0.05
0.06
0.07
0.08
0.09
0.1
0.11
0.12
0.13
0.14
0.15
0.16
0.17
0.18
0.19
0.2
0.21
0.22
0.23
0.24
0.25
0.26
0.27
0.28
0.29
0.3
0.31
0.32
0.33
0.34
0.35
0.36
0.37
0.38
0.39
0.4
0.41
0.42
0.43
0.44
0.45
0.46
0.47
0.48
0.49
0.5
0.51
0.52
0.53
0.54
0.55
0.56
0.57
0.58
0.59
0.6
0.61
0.62
0.63
0.64
0.65
0.66
0.67
0.68
0.69
0.7
0.71
0.72
0.73
0.74
0.75
0.76
0.77
0.78
0.79
0.8
0.81
0.82
0.83
0.84
0.85
0.86
0.87
0.88
0.89
0.9
0.91
0.92
0.93
0.94
0.95
0.96
0.97
0.98
0.99
1
0
0.21591
0.651701
0.924697
0.990481
0.998959
0.999906
0.999993
1
1
1
1
1
1
1
1
1
1
1
1
1
1
1
1
1
1
1
1
1
1
1
0.78409
0.348299
0.0753031
0.00951905
0.00104069
9.41952e-05
7.11337e-06
2.20033e-07
-1.14275e-07
2.96295e-08
1.17676e-08
-1.91107e-09
-4.71998e-10
1.82965e-10
1.44406e-11
-1.12898e-11
3.79054e-13
5.6266e-13
-7.49992e-14
-1.93804e-14
5.64653e-15
2.56491e-16
-2.73935e-16
2.01624e-17
8.94682e-18
-1.86823e-18
-1.17193e-19
8.38315e-20
-6.20043e-21
-2.15088e-21
4.86585e-22
7.83204e-24
-1.67683e-23
2.05157e-24
2.18652e-25
-8.93208e-26
6.16725e-27
1.62238e-27
-4.07451e-28
1.86684e-29
7.46171e-30
-1.60899e-30
7.82299e-32
2.27752e-32
-4.86052e-33
1.76176e-34
9.61249e-35
-2.3382e-35
2.52479e-36
-1.51674e-38
-3.42871e-38
-1.28665e-37
1.20859e-36
-9.95556e-36
7.77271e-35
-5.74582e-34
4.0102e-33
-2.63329e-32
1.61974e-31
-9.28317e-31
4.92273e-30
-2.39519e-29
1.05587e-28
-4.1664e-28
1.43241e-27
-4.25679e-27
9.31732e-27
-1.45008e-26
-3.25858e-26
0
