VARIABLEs = X,u
ZONE I=101
datapacking=block
0
0.01
0.02
0.03
0.04
0.05
0.06
0.07
0.08
0.09
0.1
0.11
0.12
0.13
0.14
0.15
0.16
0.17
0.18
0.19
0.2
0.21
0.22
0.23
0.24
0.25
0.26
0.27
0.28
0.29
0.3
0.31
0.32
0.33
0.34
0.35
0.36
0.37
0.38
0.39
0.4
0.41
0.42
0.43
0.44
0.45
0.46
0.47
0.48
0.49
0.5
0.51
0.52
0.53
0.54
0.55
0.56
0.57
0.58
0.59
0.6
0.61
0.62
0.63
0.64
0.65
0.66
0.67
0.68
0.69
0.7
0.71
0.72
0.73
0.74
0.75
0.76
0.77
0.78
0.79
0.8
0.81
0.82
0.83
0.84
0.85
0.86
0.87
0.88
0.89
0.9
0.91
0.92
0.93
0.94
0.95
0.96
0.97
0.98
0.99
1
0
6.92855e-09
-1.21352e-08
-3.0402e-08
6.8178e-08
5.77814e-08
-2.23771e-07
-6.17541e-08
5.86958e-07
-2.52773e-08
-1.56234e-06
2.66515e-06
3.56444e-05
0.000181891
0.000747403
0.00277942
0.00964652
0.0314923
0.100742
0.256336
0.480666
0.700667
0.8619
0.950354
0.98395
0.994926
0.99847
0.999558
0.999879
0.999971
0.999995
1
1
1
1
1
1
1
0.999999
1
1
0.999997
0.999964
0.999818
0.999253
0.997222
0.990355
0.96851
0.899259
0.743664
0.519335
0.299333
0.1381
0.0496476
0.0160484
0.00507388
0.00153051
0.000442147
0.00012075
2.92593e-05
4.72516e-06
-4.57922e-07
-4.4664e-07
1.17232e-07
1.79452e-07
3.7142e-08
-2.63048e-08
-1.40942e-08
2.2878e-09
3.51751e-09
3.35282e-10
-6.26449e-10
-1.91033e-10
8.39638e-11
5.14765e-11
-6.60334e-12
-1.04842e-11
-4.71555e-13
1.7811e-12
3.38119e-13
-2.58665e-13
-9.08736e-14
3.16772e-14
1.8665e-14
-3.00312e-15
-3.30099e-15
1.32143e-16
5.25545e-16
2.89286e-17
-7.69704e-17
-1.08519e-17
1.04925e-17
2.38801e-18
-1.33949e-18
-4.33038e-19
1.6051e-19
7.02843e-20
-1.83392e-20
-8.50996e-21
1.61226e-21
0
