VARIABLEs = X,u
ZONE I=101
datapacking=block
0
0.01
0.02
0.03
0.04
0.05
0.06
0.07
0.08
0.09
0.1
0.11
0.12
0.13
0.14
0.15
0.16
0.17
0.18
0.19
0.2
0.21
0.22
0.23
0.24
0.25
0.26
0.27
0.28
0.29
0.3
0.31
0.32
0.33
0.34
0.35
0.36
0.37
0.38
0.39
0.4
0.41
0.42
0.43
0.44
0.45
0.46
0.47
0.48
0.49
0.5
0.51
0.52
0.53
0.54
0.55
0.56
0.57
0.58
0.59
0.6
0.61
0.62
0.63
0.64
0.65
0.66
0.67
0.68
0.69
0.7
0.71
0.72
0.73
0.74
0.75
0.76
0.77
0.78
0.79
0.8
0.81
0.82
0.83
0.84
0.85
0.86
0.87
0.88
0.89
0.9
0.91
0.92
0.93
0.94
0.95
0.96
0.97
0.98
0.99
1
0
2.87018e-05
0.000536383
0.00492215
0.0303189
0.150861
0.421623
0.711596
0.900728
0.976324
0.994573
0.998879
0.999788
0.999964
0.999995
1
1
1
1
1
1
1
1
1
1
1
1
1
1
1
1
0.999971
0.999464
0.995078
0.969681
0.849139
0.578377
0.288404
0.0992724
0.0236755
0.00542688
0.00112054
0.000211999
3.64089e-05
4.90546e-06
-1.10877e-07
-2.07526e-07
7.88455e-08
5.22482e-08
-4.18064e-09
-6.50676e-09
4.32306e-10
8.70052e-10
-2.45356e-11
-1.03049e-10
1.93494e-12
1.1737e-11
-2.0515e-13
-1.26207e-12
3.48433e-14
1.29457e-13
-5.94118e-15
-1.26183e-14
9.09404e-16
1.16625e-15
-1.23281e-16
-1.01611e-16
1.50247e-17
8.27602e-18
-1.66696e-18
-6.21607e-19
1.69872e-19
4.2027e-20
-1.59816e-20
-2.42843e-21
1.39081e-21
1.02466e-22
-1.11823e-22
-4.58939e-25
8.2643e-24
-5.26706e-25
-5.55266e-25
7.66056e-26
3.31568e-26
-7.72343e-27
-1.66551e-27
6.34305e-28
8.76696e-29
-1.074e-28
1.22934e-28
-2.28973e-28
4.05541e-28
-6.6801e-28
1.06784e-27
-1.73709e-27
2.95633e-27
-5.27516e-27
8.3588e-27
-1.13464e-26
-3.87814e-26
0
