VARIABLEs = X,u
ZONE I=101
datapacking=block
0
0.01
0.02
0.03
0.04
0.05
0.06
0.07
0.08
0.09
0.1
0.11
0.12
0.13
0.14
0.15
0.16
0.17
0.18
0.19
0.2
0.21
0.22
0.23
0.24
0.25
0.26
0.27
0.28
0.29
0.3
0.31
0.32
0.33
0.34
0.35
0.36
0.37
0.38
0.39
0.4
0.41
0.42
0.43
0.44
0.45
0.46
0.47
0.48
0.49
0.5
0.51
0.52
0.53
0.54
0.55
0.56
0.57
0.58
0.59
0.6
0.61
0.62
0.63
0.64
0.65
0.66
0.67
0.68
0.69
0.7
0.71
0.72
0.73
0.74
0.75
0.76
0.77
0.78
0.79
0.8
0.81
0.82
0.83
0.84
0.85
0.86
0.87
0.88
0.89
0.9
0.91
0.92
0.93
0.94
0.95
0.96
0.97
0.98
0.99
1
0
-8.12482e-07
-2.32625e-06
4.89188e-06
1.7232e-05
-1.20823e-05
-7.78837e-05
-1.21531e-05
0.000251599
0.000255393
-0.000500363
-0.00121772
1.22276e-06
0.00307564
0.0037834
-0.00219173
-0.0114103
-0.0117493
0.00575053
0.0323499
0.0420822
0.0119783
-0.054166
-0.120435
-0.137932
-0.0735928
0.0723373
0.269767
0.476744
0.658267
0.796177
0.888769
0.944414
0.974505
0.989102
0.995634
0.99874
1.0001
0.999624
0.998366
0.999289
1.00302
1.00435
0.997959
0.988825
0.991186
1.01079
1.03043
1.02184
0.977755
0.929643
0.92715
0.994617
1.10443
1.19093
1.19187
1.08408
0.890443
0.660619
0.443842
0.270913
0.150688
0.076581
0.0356352
0.0152076
0.00595898
0.00214546
0.000709962
0.000215907
6.03105e-05
1.54603e-05
3.63219e-06
7.80674e-07
1.53159e-07
2.73509e-08
4.43062e-09
6.48357e-10
8.52755e-11
1.0019e-11
1.04363e-12
9.54855e-14
7.5839e-15
5.15051e-16
2.93166e-17
1.36049e-18
4.94423e-20
1.31982e-21
2.30144e-23
1.96704e-25
0
0
0
0
0
0
0
0
0
0
0
0
