VARIABLEs = X,u
ZONE I=101
datapacking=block
0
0.01
0.02
0.03
0.04
0.05
0.06
0.07
0.08
0.09
0.1
0.11
0.12
0.13
0.14
0.15
0.16
0.17
0.18
0.19
0.2
0.21
0.22
0.23
0.24
0.25
0.26
0.27
0.28
0.29
0.3
0.31
0.32
0.33
0.34
0.35
0.36
0.37
0.38
0.39
0.4
0.41
0.42
0.43
0.44
0.45
0.46
0.47
0.48
0.49
0.5
0.51
0.52
0.53
0.54
0.55
0.56
0.57
0.58
0.59
0.6
0.61
0.62
0.63
0.64
0.65
0.66
0.67
0.68
0.69
0.7
0.71
0.72
0.73
0.74
0.75
0.76
0.77
0.78
0.79
0.8
0.81
0.82
0.83
0.84
0.85
0.86
0.87
0.88
0.89
0.9
0.91
0.92
0.93
0.94
0.95
0.96
0.97
0.98
0.99
1
0
4.04359e-08
1.16957e-07
-2.52094e-07
-8.56229e-07
7.61171e-07
3.9697e-06
-5.95711e-07
-1.42313e-05
-7.73685e-06
3.84548e-05
5.35764e-05
-6.29467e-05
-0.000203275
-3.31548e-05
0.000478904
0.000601397
-0.000442332
-0.00190292
-0.00140214
0.00225525
0.00598094
0.00386358
-0.00611535
-0.016621
-0.0145729
0.00660495
0.0366469
0.0512924
0.0287825
-0.031911
-0.10534
-0.150955
-0.133685
-0.0404638
0.116013
0.305878
0.495958
0.661031
0.788489
0.877147
0.933294
0.966294
0.984682
0.993872
0.996844
0.996836
0.998073
1.00237
1.00582
1.00216
0.991702
0.985254
0.994912
1.01854
1.0355
1.02248
0.97741
0.928471
0.917251
0.967813
1.06605
1.16469
1.20903
1.16498
1.03247
0.840136
0.628585
0.433558
0.276453
0.163395
0.0897264
0.0458702
0.0218673
0.00973421
0.0040505
0.00157677
0.000574545
0.00019603
6.26353e-05
1.87405e-05
5.24919e-06
1.37577e-06
3.37175e-07
7.72037e-08
1.64977e-08
3.28575e-09
6.08963e-10
1.04831e-10
1.67258e-11
2.46716e-12
3.35465e-13
4.19046e-14
4.78977e-15
4.98639e-16
4.70206e-17
3.99001e-18
3.02281e-19
2.02488e-20
1.18494e-21
5.96804e-23
