VARIABLEs = X,u
ZONE I=101
datapacking=block
0
0.01
0.02
0.03
0.04
0.05
0.06
0.07
0.08
0.09
0.1
0.11
0.12
0.13
0.14
0.15
0.16
0.17
0.18
0.19
0.2
0.21
0.22
0.23
0.24
0.25
0.26
0.27
0.28
0.29
0.3
0.31
0.32
0.33
0.34
0.35
0.36
0.37
0.38
0.39
0.4
0.41
0.42
0.43
0.44
0.45
0.46
0.47
0.48
0.49
0.5
0.51
0.52
0.53
0.54
0.55
0.56
0.57
0.58
0.59
0.6
0.61
0.62
0.63
0.64
0.65
0.66
0.67
0.68
0.69
0.7
0.71
0.72
0.73
0.74
0.75
0.76
0.77
0.78
0.79
0.8
0.81
0.82
0.83
0.84
0.85
0.86
0.87
0.88
0.89
0.9
0.91
0.92
0.93
0.94
0.95
0.96
0.97
0.98
0.99
1
0
5.76045e-09
1.67391e-08
-3.64732e-08
-1.21876e-07
1.188e-07
5.6983e-07
-1.6656e-07
-2.1179e-06
-7.08454e-07
6.27892e-06
6.55269e-06
-1.34051e-05
-2.92119e-05
1.1419e-05
8.71214e-05
5.4268e-05
-0.000160652
-0.000299757
4.39395e-05
0.000730729
0.000778498
-0.000602714
-0.00240895
-0.00198611
0.00205634
0.00678689
0.00606487
-0.00339204
-0.0162283
-0.0199239
-0.00466607
0.0257508
0.0520683
0.0503304
0.00859899
-0.0621682
-0.130761
-0.1601
-0.124288
-0.0188082
0.140144
0.324568
0.505737
0.662384
0.784094
0.870468
0.927417
0.962505
0.98189
0.990448
0.993546
0.996736
1.00223
1.00637
1.00316
0.99248
0.984052
0.990236
1.01241
1.03459
1.03346
0.998778
0.94665
0.91295
0.930038
1.00359
1.10582
1.18893
1.20878
1.14429
1.00315
0.814028
0.612508
0.428405
0.279247
0.170045
0.0969437
0.0518405
0.026044
0.0123088
0.0054787
0.00229869
0.000909769
0.000339831
0.000119849
3.99158e-05
1.25552e-05
3.72948e-06
1.04601e-06
2.7691e-07
6.91614e-08
1.62874e-08
3.61394e-09
7.54866e-10
1.48274e-10
2.73555e-11
4.73368e-12
7.67072e-13
1.16186e-13
1.65043e-14
