VARIABLEs = X,u
ZONE I=101
datapacking=block
0
0.01
0.02
0.03
0.04
0.05
0.06
0.07
0.08
0.09
0.1
0.11
0.12
0.13
0.14
0.15
0.16
0.17
0.18
0.19
0.2
0.21
0.22
0.23
0.24
0.25
0.26
0.27
0.28
0.29
0.3
0.31
0.32
0.33
0.34
0.35
0.36
0.37
0.38
0.39
0.4
0.41
0.42
0.43
0.44
0.45
0.46
0.47
0.48
0.49
0.5
0.51
0.52
0.53
0.54
0.55
0.56
0.57
0.58
0.59
0.6
0.61
0.62
0.63
0.64
0.65
0.66
0.67
0.68
0.69
0.7
0.71
0.72
0.73
0.74
0.75
0.76
0.77
0.78
0.79
0.8
0.81
0.82
0.83
0.84
0.85
0.86
0.87
0.88
0.89
0.9
0.91
0.92
0.93
0.94
0.95
0.96
0.97
0.98
0.99
1
0
-1.51994e-08
-4.40719e-08
9.55481e-08
3.21706e-07
-3.00715e-07
-1.49859e-06
3.38266e-07
5.48129e-06
2.36751e-06
-1.56041e-05
-1.87481e-05
2.98903e-05
7.74929e-05
-9.22396e-06
-0.000208747
-0.000189392
0.000302033
0.000782827
0.000230532
-0.00144869
-0.00233856
-6.2465e-05
0.00466938
0.00674086
0.000869753
-0.0113462
-0.0192604
-0.0106188
0.0160452
0.0452427
0.052039
0.0193801
-0.0472781
-0.118926
-0.156413
-0.129399
-0.0294948
0.128513
0.315624
0.501067
0.66179
0.786283
0.873661
0.930102
0.964282
0.983499
0.992465
0.995093
0.99622
0.999792
1.00486
1.0055
0.997703
0.986949
0.986255
1.00313
1.02769
1.03636
1.01164
0.961317
0.918902
0.922145
0.985477
1.0869
1.17812
1.20975
1.15471
1.01734
0.82649
0.620141
0.430851
0.277919
0.166864
0.0934626
0.0489312
0.0239837
0.0110209
0.00475295
0.00192544
0.000733162
0.000262525
8.84215e-05
2.8016e-05
8.35002e-06
2.34046e-06
6.1671e-07
1.52681e-07
3.549e-08
7.73848e-09
1.58113e-09
3.02339e-10
5.40241e-11
9.0054e-12
1.39759e-12
2.01476e-13
2.69089e-14
3.31958e-15
3.76934e-16
3.92356e-17
3.7346e-18
