VARIABLEs = X,u
ZONE I=101
datapacking=block
0
0.01
0.02
0.03
0.04
0.05
0.06
0.07
0.08
0.09
0.1
0.11
0.12
0.13
0.14
0.15
0.16
0.17
0.18
0.19
0.2
0.21
0.22
0.23
0.24
0.25
0.26
0.27
0.28
0.29
0.3
0.31
0.32
0.33
0.34
0.35
0.36
0.37
0.38
0.39
0.4
0.41
0.42
0.43
0.44
0.45
0.46
0.47
0.48
0.49
0.5
0.51
0.52
0.53
0.54
0.55
0.56
0.57
0.58
0.59
0.6
0.61
0.62
0.63
0.64
0.65
0.66
0.67
0.68
0.69
0.7
0.71
0.72
0.73
0.74
0.75
0.76
0.77
0.78
0.79
0.8
0.81
0.82
0.83
0.84
0.85
0.86
0.87
0.88
0.89
0.9
0.91
0.92
0.93
0.94
0.95
0.96
0.97
0.98
0.99
1
0
-1.06889e-06
1.13401e-06
1.19124e-05
1.73533e-06
-5.46709e-05
-4.43107e-05
0.000165448
0.000282674
-0.000261934
-0.00107844
-0.000403393
0.00237473
0.0038456
-0.000788332
-0.00984666
-0.0121865
0.0026605
0.028836
0.0415939
0.0159808
-0.0476958
-0.115418
-0.137186
-0.0770986
0.0668488
0.264939
0.474094
0.657869
0.797216
0.890273
0.945744
0.97547
0.989732
0.995914
0.998715
1.00011
0.999969
0.99866
0.998822
1.0021
1.00448
0.999731
0.990284
0.989726
1.00692
1.02828
1.02488
0.984432
0.934187
0.924933
0.986418
1.09558
1.18679
1.19409
1.0904
0.897146
0.665013
0.445256
0.270154
0.148998
0.0748981
0.034388
0.0144439
0.00555626
0.00195873
0.000632899
0.000187391
5.08062e-05
1.25991e-05
2.8531e-06
5.88751e-07
1.10413e-07
1.87559e-08
2.87423e-09
3.9538e-10
4.85268e-11
5.2745e-12
5.03026e-13
4.16037e-14
2.93944e-15
1.73906e-16
8.38137e-18
3.16071e-19
8.74847e-21
1.58063e-22
1.39879e-24
0
0
0
0
0
0
0
0
0
0
0
0
0
0
