VARIABLEs = X,u
ZONE I=101
datapacking=block
0
0.01
0.02
0.03
0.04
0.05
0.06
0.07
0.08
0.09
0.1
0.11
0.12
0.13
0.14
0.15
0.16
0.17
0.18
0.19
0.2
0.21
0.22
0.23
0.24
0.25
0.26
0.27
0.28
0.29
0.3
0.31
0.32
0.33
0.34
0.35
0.36
0.37
0.38
0.39
0.4
0.41
0.42
0.43
0.44
0.45
0.46
0.47
0.48
0.49
0.5
0.51
0.52
0.53
0.54
0.55
0.56
0.57
0.58
0.59
0.6
0.61
0.62
0.63
0.64
0.65
0.66
0.67
0.68
0.69
0.7
0.71
0.72
0.73
0.74
0.75
0.76
0.77
0.78
0.79
0.8
0.81
0.82
0.83
0.84
0.85
0.86
0.87
0.88
0.89
0.9
0.91
0.92
0.93
0.94
0.95
0.96
0.97
0.98
0.99
1
0
2.21775e-11
2.40476e-09
2.60637e-09
-1.32428e-08
-1.83546e-08
4.86568e-08
9.2954e-08
-1.31005e-07
-3.86016e-07
2.06664e-07
1.33031e-06
2.56581e-07
-3.6766e-06
-3.479e-06
7.24931e-06
1.53002e-05
-5.14332e-06
-4.31548e-05
-2.93293e-05
7.32019e-05
0.000145559
-6.6876e-06
-0.000330872
-0.000375521
0.000244358
0.00108669
0.00091395
-0.000936893
-0.00306378
-0.00254418
0.00201819
0.00764056
0.00803516
-0.000836527
-0.0151156
-0.0232694
-0.0139079
0.0139199
0.0462889
0.0605252
0.0388382
-0.0192617
-0.0937846
-0.152187
-0.163447
-0.11046
0.00486342
0.164597
0.342876
0.514827
0.663023
0.779691
0.864826
0.922362
0.957436
0.976105
0.985738
0.993246
1.00128
1.00649
1.00356
0.992678
0.982997
0.986687
1.00712
1.03201
1.03969
1.01565
0.966652
0.920682
0.911175
0.955976
1.04479
1.1426
1.20595
1.20195
1.12016
0.973267
0.788702
0.597197
0.423496
0.281919
0.17656
0.104234
0.0581072
0.0306338
0.0152927
0.007237
0.00324955
0.00138552
0.000561308
0.000216176
7.91765e-05
2.7586e-05
9.1445e-06
2.88432e-06
8.65627e-07
2.47161e-07
6.71025e-08
1.76676e-08
