VARIABLEs = X,u
ZONE I=101
datapacking=block
0
0.01
0.02
0.03
0.04
0.05
0.06
0.07
0.08
0.09
0.1
0.11
0.12
0.13
0.14
0.15
0.16
0.17
0.18
0.19
0.2
0.21
0.22
0.23
0.24
0.25
0.26
0.27
0.28
0.29
0.3
0.31
0.32
0.33
0.34
0.35
0.36
0.37
0.38
0.39
0.4
0.41
0.42
0.43
0.44
0.45
0.46
0.47
0.48
0.49
0.5
0.51
0.52
0.53
0.54
0.55
0.56
0.57
0.58
0.59
0.6
0.61
0.62
0.63
0.64
0.65
0.66
0.67
0.68
0.69
0.7
0.71
0.72
0.73
0.74
0.75
0.76
0.77
0.78
0.79
0.8
0.81
0.82
0.83
0.84
0.85
0.86
0.87
0.88
0.89
0.9
0.91
0.92
0.93
0.94
0.95
0.96
0.97
0.98
0.99
1
0
-3.5017e-08
-2.23351e-06
-2.54949e-06
1.15506e-05
1.91307e-05
-3.46711e-05
-9.43897e-05
4.44441e-05
0.000334322
0.000172836
-0.000768518
-0.00127233
0.00052752
0.00373635
0.00348915
-0.00375654
-0.0128068
-0.0109261
0.00904319
0.0356393
0.0421096
0.00769168
-0.0605254
-0.125089
-0.138368
-0.0700167
0.07769
0.274405
0.479271
0.658638
0.795178
0.887324
0.943115
0.973533
0.988476
0.995396
0.998769
0.999998
0.999217
0.998197
0.999936
1.00385
1.00387
0.996047
0.987747
0.993166
1.01465
1.03194
1.01819
0.971154
0.925789
0.930008
1.00288
1.11282
1.19455
1.18943
1.07786
0.884
0.656426
0.442493
0.271637
0.152313
0.078213
0.0368588
0.0159676
0.00636644
0.00233806
0.000791199
0.000246714
7.08647e-05
1.87362e-05
4.55487e-06
1.01664e-06
2.07935e-07
3.88795e-08
6.62653e-09
1.02587e-09
1.43645e-10
1.8099e-11
2.03931e-12
2.0393e-13
1.79295e-14
1.36969e-15
8.95481e-17
4.91086e-18
2.19745e-19
7.70597e-21
1.98637e-22
3.34704e-24
2.76615e-26
0
0
0
0
0
0
0
0
0
0
