VARIABLEs = X,u
ZONE I=101
datapacking=block
0
0.01
0.02
0.03
0.04
0.05
0.06
0.07
0.08
0.09
0.1
0.11
0.12
0.13
0.14
0.15
0.16
0.17
0.18
0.19
0.2
0.21
0.22
0.23
0.24
0.25
0.26
0.27
0.28
0.29
0.3
0.31
0.32
0.33
0.34
0.35
0.36
0.37
0.38
0.39
0.4
0.41
0.42
0.43
0.44
0.45
0.46
0.47
0.48
0.49
0.5
0.51
0.52
0.53
0.54
0.55
0.56
0.57
0.58
0.59
0.6
0.61
0.62
0.63
0.64
0.65
0.66
0.67
0.68
0.69
0.7
0.71
0.72
0.73
0.74
0.75
0.76
0.77
0.78
0.79
0.8
0.81
0.82
0.83
0.84
0.85
0.86
0.87
0.88
0.89
0.9
0.91
0.92
0.93
0.94
0.95
0.96
0.97
0.98
0.99
1
0
1.36735e-09
1.13353e-07
1.25742e-07
-6.07406e-07
-9.13907e-07
2.05788e-06
4.60823e-06
-4.39623e-06
-1.80886e-05
6.43315e-07
5.42831e-05
4.36342e-05
-0.000109459
-0.000219133
5.75777e-05
0.00059983
0.000533177
-0.000758094
-0.00211925
-0.00106021
0.00305499
0.0063794
0.00303649
-0.00785204
-0.0177061
-0.0135083
0.00967661
0.0396907
0.0518346
0.0258374
-0.0370653
-0.110067
-0.15299
-0.132366
-0.0367822
0.120284
0.309228
0.497712
0.661296
0.787751
0.875964
0.932178
0.965579
0.984313
0.993482
0.996278
0.99652
0.998524
1.00326
1.00595
1.00083
0.989968
0.985232
0.997449
1.02178
1.03623
1.01917
0.971938
0.924867
0.918496
0.973608
1.07321
1.16948
1.20949
1.16159
1.02732
0.835444
0.625672
0.432624
0.276959
0.164586
0.0910022
0.0469082
0.022579
0.0101626
0.00428173
0.00169008
0.000625353
0.000216991
7.0621e-05
2.15575e-05
6.17093e-06
1.65587e-06
4.16276e-07
9.7969e-08
2.15644e-08
4.43428e-09
8.50643e-10
1.51986e-10
2.52443e-11
3.88932e-12
5.54396e-13
7.28986e-14
8.81206e-15
9.75343e-16
9.83841e-17
8.99456e-18
7.40398e-19
5.44424e-20
3.54478e-21
