VARIABLEs = X,u
ZONE I=101
datapacking=block
0
0.01
0.02
0.03
0.04
0.05
0.06
0.07
0.08
0.09
0.1
0.11
0.12
0.13
0.14
0.15
0.16
0.17
0.18
0.19
0.2
0.21
0.22
0.23
0.24
0.25
0.26
0.27
0.28
0.29
0.3
0.31
0.32
0.33
0.34
0.35
0.36
0.37
0.38
0.39
0.4
0.41
0.42
0.43
0.44
0.45
0.46
0.47
0.48
0.49
0.5
0.51
0.52
0.53
0.54
0.55
0.56
0.57
0.58
0.59
0.6
0.61
0.62
0.63
0.64
0.65
0.66
0.67
0.68
0.69
0.7
0.71
0.72
0.73
0.74
0.75
0.76
0.77
0.78
0.79
0.8
0.81
0.82
0.83
0.84
0.85
0.86
0.87
0.88
0.89
0.9
0.91
0.92
0.93
0.94
0.95
0.96
0.97
0.98
0.99
1
0
-2.00774e-08
2.09002e-08
2.22504e-07
5.46075e-09
-1.06623e-06
-5.67592e-07
3.73081e-06
4.22246e-06
-9.57635e-06
-1.99878e-05
1.33716e-05
6.81779e-05
2.28559e-05
-0.000159577
-0.000215803
0.000170926
0.000704458
0.000409701
-0.00109833
-0.00226879
-0.000611052
0.00386765
0.00663697
0.00203332
-0.00960549
-0.0185901
-0.0121845
0.0128332
0.0425606
0.0520797
0.0226956
-0.0421925
-0.114596
-0.154806
-0.130933
-0.0331244
0.124449
0.312474
0.499415
0.66155
0.787016
0.874799
0.931112
0.964911
0.983924
0.993012
0.995686
0.99631
0.999104
1.0041
1.00584
0.99933
0.98837
0.985569
1.00021
1.02484
1.03652
1.01554
0.966562
0.921679
0.920138
0.979505
1.08016
1.17396
1.20972
1.15816
1.02227
0.830898
0.622859
0.431722
0.277447
0.165742
0.0922472
0.0479284
0.0232844
0.0105916
0.00451595
0.00180634
0.000678238
0.000239156
7.92125e-05
2.46458e-05
7.20234e-06
1.97631e-06
5.08961e-07
1.22937e-07
2.78283e-08
5.89741e-09
1.16863e-09
2.16226e-10
3.72932e-11
5.98407e-12
8.91317e-13
1.22917e-13
1.5647e-14
1.83227e-15
1.96577e-16
1.92316e-17
1.70619e-18
1.3657e-19
