VARIABLEs = X,u
ZONE I=101
datapacking=block
0
0.01
0.02
0.03
0.04
0.05
0.06
0.07
0.08
0.09
0.1
0.11
0.12
0.13
0.14
0.15
0.16
0.17
0.18
0.19
0.2
0.21
0.22
0.23
0.24
0.25
0.26
0.27
0.28
0.29
0.3
0.31
0.32
0.33
0.34
0.35
0.36
0.37
0.38
0.39
0.4
0.41
0.42
0.43
0.44
0.45
0.46
0.47
0.48
0.49
0.5
0.51
0.52
0.53
0.54
0.55
0.56
0.57
0.58
0.59
0.6
0.61
0.62
0.63
0.64
0.65
0.66
0.67
0.68
0.69
0.7
0.71
0.72
0.73
0.74
0.75
0.76
0.77
0.78
0.79
0.8
0.81
0.82
0.83
0.84
0.85
0.86
0.87
0.88
0.89
0.9
0.91
0.92
0.93
0.94
0.95
0.96
0.97
0.98
0.99
1
0
1.703e-10
1.62911e-08
1.7837e-08
-8.86631e-08
-1.27443e-07
3.14932e-07
6.45198e-07
-7.75381e-07
-2.62174e-06
8.08822e-07
8.56086e-06
3.94087e-06
-2.10918e-05
-2.84515e-05
3.0468e-05
0.000101488
2.43627e-05
-0.000220067
-0.000295456
0.000169706
0.000857504
0.000678787
-0.000954219
-0.0026503
-0.00166981
0.00286859
0.00733215
0.00550737
-0.00499936
-0.0176675
-0.0196912
-0.00233216
0.0289331
0.0539183
0.0492771
0.00478935
-0.0669777
-0.134332
-0.160988
-0.122448
-0.0153194
0.143851
0.327396
0.507195
0.662532
0.783381
0.869501
0.926627
0.961903
0.981222
0.989702
0.993177
0.997159
1.00307
1.00654
1.00198
0.990763
0.983609
0.992121
1.01553
1.03628
1.03176
0.994239
0.942188
0.911718
0.933197
1.00962
1.1117
1.19201
1.20815
1.14081
0.99861
0.810109
0.610122
0.42764
0.279662
0.171048
0.0980527
0.0527788
0.0267182
0.0127375
0.00572493
0.00242806
0.000972446
0.000367982
0.000131619
4.45087e-05
1.42319e-05
4.30289e-06
1.22992e-06
3.32278e-07
8.48127e-08
2.04423e-08
4.64972e-09
9.97271e-10
2.01505e-10
3.83154e-11
6.84759e-12
1.14852e-12
1.81734e-13
