VARIABLEs = X,u
ZONE I=101
datapacking=block
0
0.01
0.02
0.03
0.04
0.05
0.06
0.07
0.08
0.09
0.1
0.11
0.12
0.13
0.14
0.15
0.16
0.17
0.18
0.19
0.2
0.21
0.22
0.23
0.24
0.25
0.26
0.27
0.28
0.29
0.3
0.31
0.32
0.33
0.34
0.35
0.36
0.37
0.38
0.39
0.4
0.41
0.42
0.43
0.44
0.45
0.46
0.47
0.48
0.49
0.5
0.51
0.52
0.53
0.54
0.55
0.56
0.57
0.58
0.59
0.6
0.61
0.62
0.63
0.64
0.65
0.66
0.67
0.68
0.69
0.7
0.71
0.72
0.73
0.74
0.75
0.76
0.77
0.78
0.79
0.8
0.81
0.82
0.83
0.84
0.85
0.86
0.87
0.88
0.89
0.9
0.91
0.92
0.93
0.94
0.95
0.96
0.97
0.98
0.99
1
0
-4.79499e-10
-4.28094e-08
-4.71582e-08
2.31316e-07
3.39708e-07
-8.04157e-07
-1.71743e-06
1.86117e-06
6.8734e-06
-1.22959e-06
-2.16261e-05
-1.34031e-05
4.89694e-05
7.96502e-05
-5.19109e-05
-0.000251894
-0.000137488
0.00044435
0.000825964
-1.80823e-06
-0.001794
-0.00231862
0.000574451
0.00543716
0.00668252
-0.000435927
-0.0130465
-0.0197087
-0.00883031
0.0192852
0.0477262
0.051725
0.0159124
-0.0523096
-0.123062
-0.157823
-0.127773
-0.0258972
0.13248
0.318686
0.502672
0.662011
0.785549
0.872554
0.929149
0.963681
0.983024
0.991846
0.994523
0.996261
1.00056
1.00551
1.00494
0.99599
0.985739
0.987277
1.00617
1.03027
1.03579
1.00752
0.956234
0.916529
0.924484
0.991496
1.09342
1.182
1.20959
1.15125
1.01251
0.822213
0.617514
0.430009
0.278376
0.167954
0.0946497
0.0499172
0.0246767
0.0114503
0.00499253
0.00204727
0.000790086
0.000287096
9.82581e-05
3.16782e-05
9.62049e-06
2.75174e-06
7.41063e-07
1.87818e-07
4.47697e-08
1.0029e-08
2.10934e-09
4.16069e-10
7.68673e-11
1.32804e-11
2.14198e-12
3.21863e-13
4.49549e-14
5.82072e-15
6.96533e-16
7.70021e-17
