VARIABLEs = X,u
ZONE I=101
datapacking=block
0
0.01
0.02
0.03
0.04
0.05
0.06
0.07
0.08
0.09
0.1
0.11
0.12
0.13
0.14
0.15
0.16
0.17
0.18
0.19
0.2
0.21
0.22
0.23
0.24
0.25
0.26
0.27
0.28
0.29
0.3
0.31
0.32
0.33
0.34
0.35
0.36
0.37
0.38
0.39
0.4
0.41
0.42
0.43
0.44
0.45
0.46
0.47
0.48
0.49
0.5
0.51
0.52
0.53
0.54
0.55
0.56
0.57
0.58
0.59
0.6
0.61
0.62
0.63
0.64
0.65
0.66
0.67
0.68
0.69
0.7
0.71
0.72
0.73
0.74
0.75
0.76
0.77
0.78
0.79
0.8
0.81
0.82
0.83
0.84
0.85
0.86
0.87
0.88
0.89
0.9
0.91
0.92
0.93
0.94
0.95
0.96
0.97
0.98
0.99
1
0
3.15544e-30
1.26218e-29
4.73317e-29
1.76705e-28
6.59488e-28
2.46125e-27
9.1855e-27
3.42807e-26
1.27937e-25
4.77469e-25
1.78194e-24
6.65029e-24
2.48192e-23
9.26265e-23
3.45687e-22
1.29012e-21
4.8148e-21
1.79691e-20
6.70615e-20
2.50277e-19
9.34046e-19
3.48591e-18
1.30096e-17
4.85524e-17
1.812e-16
6.76248e-16
2.52379e-15
9.41887e-15
3.51514e-14
1.31184e-13
4.89557e-13
1.82681e-12
6.81578e-12
2.54215e-11
9.47611e-11
3.52854e-10
1.31152e-09
4.8605e-09
1.79325e-08
6.57283e-08
2.38725e-07
8.56544e-07
3.02556e-06
1.04821e-05
3.54794e-05
0.00011686
0.000373069
0.00114981
0.00340776
0.00967354
0.0261936
0.0673598
0.163722
0.374016
0.797652
1.57433
2.8414
4.60565
6.50214
7.50504
5.8551
-0.304391
-11.1433
-22.5889
-25.1215
-7.59972
31.7393
72.3181
71.8874
-2.93359
-124.655
-183.558
-62.2753
208.01
370.953
142.431
-390.103
-642.517
-106.112
810.846
900.212
-328.18
-1472.84
-675.072
1432.85
1778.19
-730.368
-2563.28
-384.29
2828.41
1537
-2670.01
-2492.22
2285.12
3157.09
-1828.06
-3432.07
1523.41
3328.41
-1586.67
