VARIABLEs = X,u
ZONE I=101
datapacking=block
0
0.01
0.02
0.03
0.04
0.05
0.06
0.07
0.08
0.09
0.1
0.11
0.12
0.13
0.14
0.15
0.16
0.17
0.18
0.19
0.2
0.21
0.22
0.23
0.24
0.25
0.26
0.27
0.28
0.29
0.3
0.31
0.32
0.33
0.34
0.35
0.36
0.37
0.38
0.39
0.4
0.41
0.42
0.43
0.44
0.45
0.46
0.47
0.48
0.49
0.5
0.51
0.52
0.53
0.54
0.55
0.56
0.57
0.58
0.59
0.6
0.61
0.62
0.63
0.64
0.65
0.66
0.67
0.68
0.69
0.7
0.71
0.72
0.73
0.74
0.75
0.76
0.77
0.78
0.79
0.8
0.81
0.82
0.83
0.84
0.85
0.86
0.87
0.88
0.89
0.9
0.91
0.92
0.93
0.94
0.95
0.96
0.97
0.98
0.99
1
0
1.35525e-20
5.42101e-20
2.03288e-19
7.58942e-19
2.83248e-18
1.0571e-17
3.94514e-17
1.47235e-16
5.49487e-16
2.05071e-15
7.65337e-15
2.85628e-14
1.06598e-13
3.97828e-13
1.48471e-12
5.54102e-12
2.06792e-11
7.71743e-11
2.88e-10
1.07464e-09
4.0088e-09
1.49449e-08
5.56424e-08
2.06647e-07
7.64031e-07
2.80405e-06
1.01747e-05
3.63183e-05
0.000126774
0.000429924
0.00140671
0.00440963
0.0131487
0.0370256
0.0977208
0.239764
0.541742
1.11413
2.05277
3.30849
4.47295
4.6173
2.5274
-2.28177
-7.96186
-9.65291
-2.19323
13.2973
24.4709
14.5441
-17.0965
-40.6838
-18.9329
39.2524
63.5584
2.70139
-78.5216
-54.8993
64.7405
100.766
-27.7954
-122.016
-5.68084
130.01
30.8642
-125.134
-35.3116
119.885
25.1167
-111.807
-6.37868
89.4135
-26.8524
-66.0565
51.0201
44.3493
-37.597
-4.8855
6.12738
-44.4935
-0.566071
62.4721
32.126
-27.1333
-70.0274
-38.3709
76.4354
97.3694
-41.052
-133.261
-14.0929
146.995
60.5918
-144.639
-86.7461
136.895
91.5778
-132.446
-75.1179
129.208
