VARIABLEs = X,u
ZONE I=101
datapacking=block
0
0.01
0.02
0.03
0.04
0.05
0.06
0.07
0.08
0.09
0.1
0.11
0.12
0.13
0.14
0.15
0.16
0.17
0.18
0.19
0.2
0.21
0.22
0.23
0.24
0.25
0.26
0.27
0.28
0.29
0.3
0.31
0.32
0.33
0.34
0.35
0.36
0.37
0.38
0.39
0.4
0.41
0.42
0.43
0.44
0.45
0.46
0.47
0.48
0.49
0.5
0.51
0.52
0.53
0.54
0.55
0.56
0.57
0.58
0.59
0.6
0.61
0.62
0.63
0.64
0.65
0.66
0.67
0.68
0.69
0.7
0.71
0.72
0.73
0.74
0.75
0.76
0.77
0.78
0.79
0.8
0.81
0.82
0.83
0.84
0.85
0.86
0.87
0.88
0.89
0.9
0.91
0.92
0.93
0.94
0.95
0.96
0.97
0.98
0.99
1
0
3.38813e-21
1.35525e-20
5.0822e-20
1.89735e-19
7.0812e-19
2.64274e-18
9.86285e-18
3.68087e-17
1.37372e-16
5.12679e-16
1.91334e-15
7.14069e-15
2.66494e-14
9.9457e-14
3.71178e-13
1.38526e-12
5.16983e-12
1.92939e-11
7.20038e-11
2.68699e-10
1.00258e-09
3.73959e-09
1.39385e-08
5.18762e-08
1.92541e-07
7.11198e-07
2.60662e-06
9.44166e-06
3.36311e-05
0.000117124
0.000396286
0.00129403
0.00405045
0.0120704
0.0340085
0.0899442
0.221555
0.503751
1.04561
1.95215
3.20677
4.46323
4.8545
3.13153
-1.45612
-7.55591
-10.6313
-4.87351
10.5878
25.2729
20.8298
-9.76932
-42.2272
-33.1542
26.3057
73.2176
31.2472
-69.6542
-89.488
30.0608
127.836
30.8447
-132.021
-81.2835
121.234
116.584
-103.128
-126.962
95.111
120.305
-96.4744
-100.497
94.9202
56.8835
-98.4407
-10.503
95.8174
-9.93681
-53.9431
17.5784
-16.8277
-38.6794
55.3783
66.5325
-21.1045
-73.312
-60.1077
44.0466
127.809
15.7276
-147.339
-87.851
129.018
148.594
-99.1019
-182.485
74.3749
191.627
-64.6563
-182.607
