VARIABLEs = X,u
ZONE I=101
datapacking=block
0
0.01
0.02
0.03
0.04
0.05
0.06
0.07
0.08
0.09
0.1
0.11
0.12
0.13
0.14
0.15
0.16
0.17
0.18
0.19
0.2
0.21
0.22
0.23
0.24
0.25
0.26
0.27
0.28
0.29
0.3
0.31
0.32
0.33
0.34
0.35
0.36
0.37
0.38
0.39
0.4
0.41
0.42
0.43
0.44
0.45
0.46
0.47
0.48
0.49
0.5
0.51
0.52
0.53
0.54
0.55
0.56
0.57
0.58
0.59
0.6
0.61
0.62
0.63
0.64
0.65
0.66
0.67
0.68
0.69
0.7
0.71
0.72
0.73
0.74
0.75
0.76
0.77
0.78
0.79
0.8
0.81
0.82
0.83
0.84
0.85
0.86
0.87
0.88
0.89
0.9
0.91
0.92
0.93
0.94
0.95
0.96
0.97
0.98
0.99
1
0
2.38419e-07
9.53674e-07
3.57626e-06
1.33507e-05
4.98098e-05
0.00018557
0.000687973
0.00251676
0.00894384
0.0301691
0.0938742
0.261108
0.627743
1.25503
1.98
2.24945
1.44692
-0.0781641
-0.563699
1.09651
2.72136
1.46201
-0.525789
0.643237
2.27357
0.842409
0.216733
1.56038
1.04534
0.673322
1.28067
0.852453
1.05629
0.983444
1.00386
0.999277
1.00009
0.999836
0.998921
0.993687
0.969823
0.882336
0.629167
0.0722675
-0.781087
-1.45065
-1.02235
0.724509
1.99922
0.590277
-1.91221
-1.18823
1.67339
0.949409
-1.55308
-0.144136
1.13057
-0.616287
-0.187986
0.481579
-0.371776
0.185124
-0.0680453
0.0194417
-0.00442296
0.000809769
-0.000119559
1.41655e-05
-1.33048e-06
9.6965e-08
-5.29354e-09
2.03897e-10
-4.94538e-12
5.68434e-14
0
0
0
0
0
0
0
0
0
0
0
0
0
0
0
0
0
0
0
0
0
0
0
0
0
0
