VARIABLEs = X,u
ZONE I=101
datapacking=block
0
0.01
0.02
0.03
0.04
0.05
0.06
0.07
0.08
0.09
0.1
0.11
0.12
0.13
0.14
0.15
0.16
0.17
0.18
0.19
0.2
0.21
0.22
0.23
0.24
0.25
0.26
0.27
0.28
0.29
0.3
0.31
0.32
0.33
0.34
0.35
0.36
0.37
0.38
0.39
0.4
0.41
0.42
0.43
0.44
0.45
0.46
0.47
0.48
0.49
0.5
0.51
0.52
0.53
0.54
0.55
0.56
0.57
0.58
0.59
0.6
0.61
0.62
0.63
0.64
0.65
0.66
0.67
0.68
0.69
0.7
0.71
0.72
0.73
0.74
0.75
0.76
0.77
0.78
0.79
0.8
0.81
0.82
0.83
0.84
0.85
0.86
0.87
0.88
0.89
0.9
0.91
0.92
0.93
0.94
0.95
0.96
0.97
0.98
0.99
1
0
2.11758e-22
8.47033e-22
3.17637e-21
1.18585e-20
4.42575e-20
1.65171e-19
6.16428e-19
2.30054e-18
8.58574e-18
3.20424e-17
1.19584e-16
4.46293e-16
1.66559e-15
6.21606e-15
2.31987e-14
8.65786e-14
3.23115e-13
1.20588e-12
4.50039e-12
1.67954e-11
6.26781e-11
2.33886e-10
8.72576e-10
3.25389e-09
1.21225e-08
4.508e-08
1.67092e-07
6.15964e-07
2.25136e-06
8.12625e-06
2.88267e-05
9.99469e-05
0.000336695
0.00109526
0.00341897
0.0101775
0.0287073
0.0762209
0.189138
0.435078
0.918586
1.75695
2.98721
4.37688
5.19688
4.20223
0.24284
-6.25882
-11.6874
-9.67244
4.03832
23.642
30.7452
7.83612
-35.8529
-55.4882
-10.4474
69.8969
85.6631
-15.7859
-125.96
-73.6911
110.658
160.612
-44.144
-207.754
-33.0389
221.712
100.419
-210.468
-136.625
197.168
142.456
-191.455
-126.786
179.072
76.3494
-168.993
-8.05012
162.206
-30.2543
-116.683
34.0637
15.1828
-44.7238
80.0456
80.8691
-86.661
-115.49
-7.55975
113.73
136.059
-63.0999
-222.885
-26.2363
244.849
127.227
-227.201
-206.367
200.158
