VARIABLEs = X,u
ZONE I=101
datapacking=block
0
0.01
0.02
0.03
0.04
0.05
0.06
0.07
0.08
0.09
0.1
0.11
0.12
0.13
0.14
0.15
0.16
0.17
0.18
0.19
0.2
0.21
0.22
0.23
0.24
0.25
0.26
0.27
0.28
0.29
0.3
0.31
0.32
0.33
0.34
0.35
0.36
0.37
0.38
0.39
0.4
0.41
0.42
0.43
0.44
0.45
0.46
0.47
0.48
0.49
0.5
0.51
0.52
0.53
0.54
0.55
0.56
0.57
0.58
0.59
0.6
0.61
0.62
0.63
0.64
0.65
0.66
0.67
0.68
0.69
0.7
0.71
0.72
0.73
0.74
0.75
0.76
0.77
0.78
0.79
0.8
0.81
0.82
0.83
0.84
0.85
0.86
0.87
0.88
0.89
0.9
0.91
0.92
0.93
0.94
0.95
0.96
0.97
0.98
0.99
1
0
3.63798e-12
1.45519e-11
5.45697e-11
2.03727e-10
7.60338e-10
2.83762e-09
1.05901e-08
3.95225e-08
1.47492e-07
5.50327e-07
2.05228e-06
7.64166e-06
2.83477e-05
0.000104329
0.00037831
0.00133837
0.00456242
0.0147754
0.0447748
0.124987
0.316119
0.711137
1.39052
2.28679
2.98782
2.71462
0.875679
-1.79749
-2.76212
0.260164
5.32566
6.08778
-0.312541
-6.00962
-1.32497
7.72291
5.51031
-4.85599
-3.84088
6.3965
4.62443
-4.19556
-0.356922
5.40451
-0.0318975
-1.43871
3.14096
1.03759
-0.28656
1.95792
0.619845
0.277316
0.391463
-1.20518
-1.80659
-2.38233
-0.944371
2.10478
4.54294
2.68753
-3.42215
-6.92009
-1.19725
7.73457
5.58259
-6.37457
-7.84963
5.08125
7.9951
-4.93579
-6.41085
5.5463
3.39431
-5.53751
0.185308
3.68314
-2.42707
-0.574007
1.85508
-1.22456
0.125235
0.485238
-0.549661
0.374004
-0.192336
0.0804179
-0.0282921
0.00853766
-0.00223586
0.000511857
-0.000102888
1.82004e-05
-2.83501e-06
3.88486e-07
-4.67205e-08
4.91184e-09
-4.48885e-10
3.53858e-11
-2.3814e-12
1.34931e-13
