VARIABLEs = X,u
ZONE I=101
datapacking=block
0
0.01
0.02
0.03
0.04
0.05
0.06
0.07
0.08
0.09
0.1
0.11
0.12
0.13
0.14
0.15
0.16
0.17
0.18
0.19
0.2
0.21
0.22
0.23
0.24
0.25
0.26
0.27
0.28
0.29
0.3
0.31
0.32
0.33
0.34
0.35
0.36
0.37
0.38
0.39
0.4
0.41
0.42
0.43
0.44
0.45
0.46
0.47
0.48
0.49
0.5
0.51
0.52
0.53
0.54
0.55
0.56
0.57
0.58
0.59
0.6
0.61
0.62
0.63
0.64
0.65
0.66
0.67
0.68
0.69
0.7
0.71
0.72
0.73
0.74
0.75
0.76
0.77
0.78
0.79
0.8
0.81
0.82
0.83
0.84
0.85
0.86
0.87
0.88
0.89
0.9
0.91
0.92
0.93
0.94
0.95
0.96
0.97
0.98
0.99
1
0
2.06795e-25
8.27181e-25
3.10193e-24
1.15805e-23
4.32202e-23
1.613e-22
6.01981e-22
2.24662e-21
8.38451e-21
3.12914e-20
1.16781e-19
4.35833e-19
1.62655e-18
6.07037e-18
2.26549e-17
8.45494e-17
3.15543e-16
1.17762e-15
4.39494e-15
1.64021e-14
6.12136e-14
2.28452e-13
8.52585e-13
3.18182e-12
1.18739e-11
4.43071e-11
1.65295e-10
6.16382e-10
2.29646e-09
8.54204e-09
3.16842e-08
1.16986e-07
4.28915e-07
1.5566e-06
5.57028e-06
1.95682e-05
6.71592e-05
0.000224048
0.000722803
0.00224333
0.00666362
0.0188451
0.0504665
0.127231
0.300003
0.656472
1.32001
2.40622
3.89617
5.41035
5.97714
4.09581
-1.4456
-9.8
-16.2355
-12.7629
6.04719
33.321
45.5438
16.9583
-47.4231
-91.2325
-44.3405
84.974
164.29
54.355
-176.756
-237.287
37.4395
344.653
201.843
-301.073
-426.365
137.734
569.409
78.7019
-612.206
-271.774
589.055
396.256
-554.963
-457.913
517.559
439.087
-489.725
-325.315
507.596
183.639
-525.995
-84.6168
425.235
-4.38071
-177.113
152.044
-78.8073
-331.936
158.737
429.881
0.602054
-366.27
