VARIABLEs = X,u
ZONE I=101
datapacking=block
0
0.01
0.02
0.03
0.04
0.05
0.06
0.07
0.08
0.09
0.1
0.11
0.12
0.13
0.14
0.15
0.16
0.17
0.18
0.19
0.2
0.21
0.22
0.23
0.24
0.25
0.26
0.27
0.28
0.29
0.3
0.31
0.32
0.33
0.34
0.35
0.36
0.37
0.38
0.39
0.4
0.41
0.42
0.43
0.44
0.45
0.46
0.47
0.48
0.49
0.5
0.51
0.52
0.53
0.54
0.55
0.56
0.57
0.58
0.59
0.6
0.61
0.62
0.63
0.64
0.65
0.66
0.67
0.68
0.69
0.7
0.71
0.72
0.73
0.74
0.75
0.76
0.77
0.78
0.79
0.8
0.81
0.82
0.83
0.84
0.85
0.86
0.87
0.88
0.89
0.9
0.91
0.92
0.93
0.94
0.95
0.96
0.97
0.98
0.99
1
0
1.45519e-11
5.82077e-11
2.18279e-10
8.14907e-10
3.04135e-09
1.13505e-08
4.23603e-08
1.58086e-07
5.89901e-07
2.20035e-06
8.19742e-06
3.04435e-05
0.000112264
0.000408311
0.00145012
0.00496431
0.0161367
0.0490047
0.13671
0.344175
0.766476
1.47261
2.35352
2.93158
2.41755
0.406878
-1.99068
-2.12194
1.4886
5.6287
4.35569
-2.21208
-4.74265
1.97323
7.35935
1.33727
-5.03558
0.768539
6.23454
0.086255
-2.79882
3.16172
2.63449
-1.34455
1.45579
2.07221
-0.0943361
1.33598
1.16985
0.437371
0.822837
-0.246023
-0.959014
-2.02114
-2.10108
-0.438635
2.60418
4.19637
1.24962
-4.47363
-5.49326
1.65604
7.4626
1.39545
-7.57715
-2.86749
7.12688
2.41723
-6.55537
-0.488226
5.31834
-1.83095
-2.85058
2.87266
-0.0742013
-1.66696
1.37329
-0.299169
-0.412887
0.551803
-0.39689
0.209756
-0.0888502
0.0313614
-0.00942135
0.00243937
-0.000548565
0.000107623
-1.846e-05
2.76879e-06
-3.62591e-07
4.13238e-08
-4.07773e-09
3.45869e-10
-2.49657e-11
1.51291e-12
-7.55448e-14
3.0272e-15
-9.36012e-17
2.09662e-18
