VARIABLEs = X,u
ZONE I=101
datapacking=block
0
0.01
0.02
0.03
0.04
0.05
0.06
0.07
0.08
0.09
0.1
0.11
0.12
0.13
0.14
0.15
0.16
0.17
0.18
0.19
0.2
0.21
0.22
0.23
0.24
0.25
0.26
0.27
0.28
0.29
0.3
0.31
0.32
0.33
0.34
0.35
0.36
0.37
0.38
0.39
0.4
0.41
0.42
0.43
0.44
0.45
0.46
0.47
0.48
0.49
0.5
0.51
0.52
0.53
0.54
0.55
0.56
0.57
0.58
0.59
0.6
0.61
0.62
0.63
0.64
0.65
0.66
0.67
0.68
0.69
0.7
0.71
0.72
0.73
0.74
0.75
0.76
0.77
0.78
0.79
0.8
0.81
0.82
0.83
0.84
0.85
0.86
0.87
0.88
0.89
0.9
0.91
0.92
0.93
0.94
0.95
0.96
0.97
0.98
0.99
1
0
3.30872e-24
1.32349e-23
4.96308e-23
1.85288e-22
6.91523e-22
2.5808e-21
9.63169e-21
3.5946e-20
1.34152e-19
5.00663e-19
1.8685e-18
6.97333e-18
2.60248e-17
9.7126e-17
3.62479e-16
1.35279e-15
5.04868e-15
1.88419e-14
7.0319e-14
2.62434e-13
9.79412e-13
3.65516e-12
1.36407e-11
5.09025e-11
1.89922e-10
7.08377e-10
2.64029e-09
9.82786e-09
3.64939e-08
1.34965e-07
4.95939e-07
1.805e-06
6.48126e-06
2.28551e-05
7.8748e-05
0.000263686
0.000853343
0.00265418
0.0078901
0.0222909
0.0595007
0.149117
0.348375
0.752257
1.48494
2.6388
4.12182
5.41997
5.42293
2.67588
-3.51462
-11.2111
-14.6545
-6.53185
14.6514
36.2366
33.634
-7.61677
-62.3188
-68.109
12.1123
115.255
105.929
-56.3775
-194.875
-85.5738
191.003
243.527
-83.6139
-341.791
-69.5606
367.728
218.985
-335.469
-323.169
286.52
373.156
-255.806
-384.691
237.941
342.002
-244.751
-247.114
287.225
154.717
-301.824
-85.4719
211.551
-7.72442
-47.7369
144.355
-63.3401
-256.042
27.9221
255.996
132.514
-131.583
-310.036
-56.4617
399.777
