VARIABLEs = X,u
ZONE I=101
datapacking=block
0
0.01
0.02
0.03
0.04
0.05
0.06
0.07
0.08
0.09
0.1
0.11
0.12
0.13
0.14
0.15
0.16
0.17
0.18
0.19
0.2
0.21
0.22
0.23
0.24
0.25
0.26
0.27
0.28
0.29
0.3
0.31
0.32
0.33
0.34
0.35
0.36
0.37
0.38
0.39
0.4
0.41
0.42
0.43
0.44
0.45
0.46
0.47
0.48
0.49
0.5
0.51
0.52
0.53
0.54
0.55
0.56
0.57
0.58
0.59
0.6
0.61
0.62
0.63
0.64
0.65
0.66
0.67
0.68
0.69
0.7
0.71
0.72
0.73
0.74
0.75
0.76
0.77
0.78
0.79
0.8
0.81
0.82
0.83
0.84
0.85
0.86
0.87
0.88
0.89
0.9
0.91
0.92
0.93
0.94
0.95
0.96
0.97
0.98
0.99
1
0
1.20371e-35
4.81482e-35
1.80556e-34
6.74075e-34
2.51575e-33
9.38891e-33
3.50399e-32
1.30771e-31
4.88043e-31
1.8214e-30
6.79756e-30
2.53688e-29
9.46778e-29
3.53342e-28
1.31869e-27
4.92142e-27
1.8367e-26
6.85466e-26
2.55819e-25
9.54731e-25
3.5631e-24
1.32977e-23
4.96276e-23
1.85213e-22
6.91224e-22
2.57968e-21
9.6275e-21
3.59303e-20
1.34094e-19
5.00445e-19
1.86769e-18
6.9703e-18
2.60135e-17
9.70835e-17
3.62319e-16
1.35218e-15
5.04628e-15
1.88319e-14
7.02732e-14
2.62198e-13
9.78056e-13
3.64675e-12
1.35867e-11
5.05558e-11
1.87737e-10
6.95016e-10
2.56154e-09
9.38211e-09
3.4077e-08
1.22436e-07
4.33965e-07
1.51292e-06
5.17208e-06
1.72844e-05
5.62904e-05
0.000178103
0.000545816
0.00161528
0.00460204
0.0125834
0.0329117
0.0820443
0.194146
0.434033
0.911373
1.78393
3.22172
5.28665
7.68566
9.42258
8.55273
2.51603
-10.3173
-27.6745
-40.2695
-32.1926
10.4009
81.394
138.083
109.524
-49.3736
-275.647
-368.988
-116.463
440.443
837.029
461.801
-712.005
-1636.98
-909.903
1418.62
2942.62
1045.33
-3192.05
-4540.76
341.504
6531.42
4814.63
-5027.6
-9889.19
