VARIABLEs = X,u
ZONE I=101
datapacking=block
0
0.01
0.02
0.03
0.04
0.05
0.06
0.07
0.08
0.09
0.1
0.11
0.12
0.13
0.14
0.15
0.16
0.17
0.18
0.19
0.2
0.21
0.22
0.23
0.24
0.25
0.26
0.27
0.28
0.29
0.3
0.31
0.32
0.33
0.34
0.35
0.36
0.37
0.38
0.39
0.4
0.41
0.42
0.43
0.44
0.45
0.46
0.47
0.48
0.49
0.5
0.51
0.52
0.53
0.54
0.55
0.56
0.57
0.58
0.59
0.6
0.61
0.62
0.63
0.64
0.65
0.66
0.67
0.68
0.69
0.7
0.71
0.72
0.73
0.74
0.75
0.76
0.77
0.78
0.79
0.8
0.81
0.82
0.83
0.84
0.85
0.86
0.87
0.88
0.89
0.9
0.91
0.92
0.93
0.94
0.95
0.96
0.97
0.98
0.99
1
0
1.92593e-34
7.70372e-34
2.88889e-33
1.07852e-32
4.02519e-32
1.50223e-31
5.60638e-31
2.09233e-30
7.80868e-30
2.91424e-29
1.08761e-28
4.05901e-28
1.51484e-27
5.65348e-27
2.10991e-26
7.87428e-26
2.93872e-25
1.09675e-24
4.09311e-24
1.52757e-23
5.70096e-23
2.12763e-22
7.94042e-22
2.9634e-21
1.10596e-20
4.12749e-20
1.5404e-19
5.74885e-19
2.1455e-18
8.00712e-18
2.9883e-17
1.11525e-16
4.16214e-16
1.55332e-15
5.79698e-15
2.16338e-14
8.07313e-14
3.01237e-13
1.1238e-12
4.19098e-12
1.56192e-11
5.81464e-11
2.16077e-10
8.00731e-10
2.9551e-09
1.0842e-08
3.94606e-08
1.42118e-07
5.05054e-07
1.76564e-06
6.0528e-06
2.02805e-05
6.61991e-05
0.000209828
0.000643754
0.0019056
0.00542505
0.0148045
0.0385902
0.0957187
0.22494
0.498271
1.0338
1.99248
3.52632
5.63132
7.87433
9.0572
7.09107
-0.385096
-14.078
-29.9571
-36.9781
-19.7425
29.9847
95.3105
124.839
55.7755
-121.434
-297.111
-266.83
89.2029
570.711
658.414
-22.1921
-1056.83
-1257.65
133.196
2018.68
1933.25
-968.081
-3645.22
-1910.84
3368.13
5230.44
-563.519
-7180.95
-3934.46
6627.76
8513.79
