VARIABLEs = X,u
ZONE I=101
datapacking=block
0
0.01
0.02
0.03
0.04
0.05
0.06
0.07
0.08
0.09
0.1
0.11
0.12
0.13
0.14
0.15
0.16
0.17
0.18
0.19
0.2
0.21
0.22
0.23
0.24
0.25
0.26
0.27
0.28
0.29
0.3
0.31
0.32
0.33
0.34
0.35
0.36
0.37
0.38
0.39
0.4
0.41
0.42
0.43
0.44
0.45
0.46
0.47
0.48
0.49
0.5
0.51
0.52
0.53
0.54
0.55
0.56
0.57
0.58
0.59
0.6
0.61
0.62
0.63
0.64
0.65
0.66
0.67
0.68
0.69
0.7
0.71
0.72
0.73
0.74
0.75
0.76
0.77
0.78
0.79
0.8
0.81
0.82
0.83
0.84
0.85
0.86
0.87
0.88
0.89
0.9
0.91
0.92
0.93
0.94
0.95
0.96
0.97
0.98
0.99
1
0
4.81482e-35
1.92593e-34
7.22224e-34
2.6963e-33
1.0063e-32
3.75556e-32
1.4016e-31
5.23083e-31
1.95217e-30
7.2856e-30
2.71902e-29
1.01475e-28
3.78711e-28
1.41337e-27
5.27476e-27
1.96857e-26
7.3468e-26
2.74186e-25
1.02328e-24
3.81892e-24
1.42524e-23
5.31907e-23
1.9851e-22
7.40851e-22
2.76489e-21
1.03187e-20
3.851e-20
1.43721e-19
5.36375e-19
2.00178e-18
7.47074e-18
2.78812e-17
1.04054e-16
3.88333e-16
1.44927e-15
5.40862e-15
2.01843e-14
7.53211e-14
2.81042e-13
1.04841e-12
3.90944e-12
1.45678e-11
5.42195e-11
2.01415e-10
7.4603e-10
2.75141e-09
1.00861e-08
3.66719e-08
1.31917e-07
4.68181e-07
1.63445e-06
5.59523e-06
1.87227e-05
6.10432e-05
0.000193311
0.000592745
0.00175437
0.00499644
0.0136485
0.035638
0.0886215
0.208996
0.465123
0.970931
1.88614
3.37277
5.46171
7.79202
9.26657
7.86131
1.09581
-12.2278
-28.9722
-38.9205
-26.2544
20.2913
89.2544
133.076
83.7508
-86.9455
-291.573
-323.609
-12.2399
519.405
765.914
219.184
-919.972
-1492.98
-380.652
1809.49
2527.27
-21.2898
-3629.57
-3329.61
2101.09
6254.71
2042.57
-6734.17
-7227.66
3958.59
