VARIABLEs = X,u
ZONE I=101
datapacking=block
0
0.01
0.02
0.03
0.04
0.05
0.06
0.07
0.08
0.09
0.1
0.11
0.12
0.13
0.14
0.15
0.16
0.17
0.18
0.19
0.2
0.21
0.22
0.23
0.24
0.25
0.26
0.27
0.28
0.29
0.3
0.31
0.32
0.33
0.34
0.35
0.36
0.37
0.38
0.39
0.4
0.41
0.42
0.43
0.44
0.45
0.46
0.47
0.48
0.49
0.5
0.51
0.52
0.53
0.54
0.55
0.56
0.57
0.58
0.59
0.6
0.61
0.62
0.63
0.64
0.65
0.66
0.67
0.68
0.69
0.7
0.71
0.72
0.73
0.74
0.75
0.76
0.77
0.78
0.79
0.8
0.81
0.82
0.83
0.84
0.85
0.86
0.87
0.88
0.89
0.9
0.91
0.92
0.93
0.94
0.95
0.96
0.97
0.98
0.99
1
0
-2.28128e-19
-4.04612e-18
-7.16546e-18
7.43751e-17
1.57918e-16
-8.5943e-16
-2.26669e-15
7.66737e-15
2.65801e-14
-5.29392e-14
-2.65478e-13
2.43195e-13
2.27043e-12
1.38995e-14
-1.63619e-11
-1.47945e-11
9.51919e-11
1.88666e-10
-3.95783e-10
-1.54825e-09
5.65934e-10
9.25419e-09
7.93416e-09
-3.82253e-08
-8.79031e-08
7.04438e-08
5.03946e-07
3.73927e-07
-1.66403e-06
-3.96747e-06
8.79082e-07
1.68225e-05
2.26636e-05
-2.5352e-05
-0.000120172
-0.000111917
0.000203016
0.000696996
0.000601632
-0.000953016
-0.00339623
-0.00368615
0.00185174
0.0126454
0.0201045
0.0108044
-0.0223411
-0.068367
-0.0970485
-0.0725104
0.0262519
0.192307
0.394057
0.591458
0.753595
0.867603
0.936901
0.973465
0.990219
0.996877
0.999156
0.999789
0.99988
0.999905
1.00013
1.00047
1.00036
0.99921
0.997706
0.998304
1.00303
1.00942
1.00928
0.995083
0.970831
0.95661
0.977301
1.04014
1.1194
1.16421
1.12705
0.992383
0.785013
0.554259
0.347919
0.193538
0.0950666
0.0410489
0.0154884
0.00506669
0.00142209
0.000337727
6.65874e-05
1.06125e-05
1.31432e-06
1.18725e-07
6.9611e-09
1.98889e-10
0
0
