VARIABLEs = X,u
ZONE I=101
datapacking=block
0
0.01
0.02
0.03
0.04
0.05
0.06
0.07
0.08
0.09
0.1
0.11
0.12
0.13
0.14
0.15
0.16
0.17
0.18
0.19
0.2
0.21
0.22
0.23
0.24
0.25
0.26
0.27
0.28
0.29
0.3
0.31
0.32
0.33
0.34
0.35
0.36
0.37
0.38
0.39
0.4
0.41
0.42
0.43
0.44
0.45
0.46
0.47
0.48
0.49
0.5
0.51
0.52
0.53
0.54
0.55
0.56
0.57
0.58
0.59
0.6
0.61
0.62
0.63
0.64
0.65
0.66
0.67
0.68
0.69
0.7
0.71
0.72
0.73
0.74
0.75
0.76
0.77
0.78
0.79
0.8
0.81
0.82
0.83
0.84
0.85
0.86
0.87
0.88
0.89
0.9
0.91
0.92
0.93
0.94
0.95
0.96
0.97
0.98
0.99
1
0
4.44957e-12
4.54049e-11
1.79924e-10
-4.35454e-10
-2.54666e-09
3.79259e-09
3.08973e-08
-3.87666e-09
-2.55798e-07
-2.19599e-07
1.61285e-06
3.4024e-06
-5.65481e-06
-2.68185e-05
-5.51514e-06
0.000129719
0.000223496
-0.000226257
-0.00129657
-0.00127354
0.00261864
0.00926573
0.0090399
-0.010367
-0.0457874
-0.0650705
-0.0197227
0.119214
0.333797
0.567833
0.763501
0.892583
0.960284
0.988355
0.997395
0.999582
0.999957
0.999997
1
1
1
0.999982
0.999972
1.00006
1.0002
1
0.999207
0.998881
1.00126
1.00571
1.00491
0.990767
0.970666
0.973512
1.02495
1.10703
1.15005
1.07973
0.879885
0.607971
0.350631
0.166344
0.0637779
0.0192797
0.00442636
0.000725883
7.57992e-05
3.78996e-06
0
0
0
0
0
0
0
0
0
0
0
0
0
0
0
0
0
0
0
0
0
0
0
0
0
0
0
0
0
0
0
0
