VARIABLEs = X,u
ZONE I=101
datapacking=block
0
0.01
0.02
0.03
0.04
0.05
0.06
0.07
0.08
0.09
0.1
0.11
0.12
0.13
0.14
0.15
0.16
0.17
0.18
0.19
0.2
0.21
0.22
0.23
0.24
0.25
0.26
0.27
0.28
0.29
0.3
0.31
0.32
0.33
0.34
0.35
0.36
0.37
0.38
0.39
0.4
0.41
0.42
0.43
0.44
0.45
0.46
0.47
0.48
0.49
0.5
0.51
0.52
0.53
0.54
0.55
0.56
0.57
0.58
0.59
0.6
0.61
0.62
0.63
0.64
0.65
0.66
0.67
0.68
0.69
0.7
0.71
0.72
0.73
0.74
0.75
0.76
0.77
0.78
0.79
0.8
0.81
0.82
0.83
0.84
0.85
0.86
0.87
0.88
0.89
0.9
0.91
0.92
0.93
0.94
0.95
0.96
0.97
0.98
0.99
1
0
-1.03706e-15
1.12058e-14
1.01779e-13
-9.19357e-14
-1.54453e-12
1.5334e-13
1.7063e-11
1.06641e-11
-1.47686e-10
-2.07705e-10
1.00814e-09
2.48542e-09
-4.81609e-09
-2.17252e-08
7.9426e-09
1.42417e-07
1.20447e-07
-6.47486e-07
-1.46392e-06
1.36141e-06
8.97375e-06
6.40189e-06
-3.03327e-05
-7.27404e-05
9.42146e-06
0.000295066
0.000450245
-0.000272498
-0.00197054
-0.00262394
0.00120127
0.00980503
0.0154241
0.00460802
-0.0288868
-0.0696595
-0.0804335
-0.0219999
0.11996
0.322981
0.540362
0.727077
0.859402
0.937704
0.97651
0.992565
0.99806
0.999594
0.99994
1
0.999987
0.999944
0.999974
1.00017
1.00034
0.999901
0.998719
0.998327
1.00119
1.00673
1.00801
0.996267
0.973759
0.961732
0.988076
1.05804
1.13477
1.15415
1.06725
0.875181
0.627823
0.390696
0.209468
0.0960325
0.0372898
0.0121066
0.00322785
0.000688775
0.000113172
1.345e-05
1.02956e-06
3.8132e-08
0
0
0
0
0
0
0
0
0
0
0
0
0
0
0
0
0
0
