VARIABLEs = X,u
ZONE I=101
datapacking=block
0
0.01
0.02
0.03
0.04
0.05
0.06
0.07
0.08
0.09
0.1
0.11
0.12
0.13
0.14
0.15
0.16
0.17
0.18
0.19
0.2
0.21
0.22
0.23
0.24
0.25
0.26
0.27
0.28
0.29
0.3
0.31
0.32
0.33
0.34
0.35
0.36
0.37
0.38
0.39
0.4
0.41
0.42
0.43
0.44
0.45
0.46
0.47
0.48
0.49
0.5
0.51
0.52
0.53
0.54
0.55
0.56
0.57
0.58
0.59
0.6
0.61
0.62
0.63
0.64
0.65
0.66
0.67
0.68
0.69
0.7
0.71
0.72
0.73
0.74
0.75
0.76
0.77
0.78
0.79
0.8
0.81
0.82
0.83
0.84
0.85
0.86
0.87
0.88
0.89
0.9
0.91
0.92
0.93
0.94
0.95
0.96
0.97
0.98
0.99
1
0
1.98432e-19
6.59645e-19
-5.59228e-18
-1.93375e-17
7.21119e-17
2.87677e-16
-6.67832e-16
-3.37999e-15
4.5327e-15
3.38396e-14
-1.69647e-14
-2.92253e-13
-8.43743e-14
2.15102e-12
2.40997e-12
-1.29634e-11
-2.81809e-11
5.72831e-11
2.34254e-10
-1.03035e-10
-1.4819e-09
-1.07762e-09
6.8442e-09
1.38741e-08
-1.7801e-08
-9.10047e-08
-3.39821e-08
3.73604e-07
6.65279e-07
-6.68894e-07
-3.73064e-06
-2.82645e-06
1.0194e-05
2.63101e-05
4.62152e-06
-8.42842e-05
-0.000153688
1.65095e-05
0.000508388
0.000831517
-6.88986e-06
-0.00233346
-0.00424454
-0.00185773
0.00703949
0.0179824
0.0190183
-0.00183915
-0.044076
-0.0870769
-0.0960762
-0.0401235
0.0897302
0.274633
0.477765
0.662034
0.804186
0.898816
0.953567
0.981176
0.99331
0.997947
0.999458
0.999823
0.999865
0.999997
1.00035
1.00054
0.999862
0.998262
0.997492
1.00026
1.00668
1.01103
1.0042
0.983269
0.960511
0.960491
1.00212
1.0777
1.14791
1.16041
1.08032
0.910582
0.688749
0.465263
0.279795
0.149344
0.0705026
0.0293021
0.0106572
0.00336488
0.000912647
0.000209674
4.00326e-05
6.18419e-06
7.4298e-07
6.51587e-08
3.71174e-09
1.03104e-10
