VARIABLEs = X,u
ZONE I=101
datapacking=block
0
0.01
0.02
0.03
0.04
0.05
0.06
0.07
0.08
0.09
0.1
0.11
0.12
0.13
0.14
0.15
0.16
0.17
0.18
0.19
0.2
0.21
0.22
0.23
0.24
0.25
0.26
0.27
0.28
0.29
0.3
0.31
0.32
0.33
0.34
0.35
0.36
0.37
0.38
0.39
0.4
0.41
0.42
0.43
0.44
0.45
0.46
0.47
0.48
0.49
0.5
0.51
0.52
0.53
0.54
0.55
0.56
0.57
0.58
0.59
0.6
0.61
0.62
0.63
0.64
0.65
0.66
0.67
0.68
0.69
0.7
0.71
0.72
0.73
0.74
0.75
0.76
0.77
0.78
0.79
0.8
0.81
0.82
0.83
0.84
0.85
0.86
0.87
0.88
0.89
0.9
0.91
0.92
0.93
0.94
0.95
0.96
0.97
0.98
0.99
1
0
8.09159e-08
2.73927e-07
5.93722e-07
-8.08671e-07
-2.87157e-06
1.64803e-05
6.75046e-05
2.17925e-07
-0.000384765
-0.000398515
0.00188011
0.00588405
0.00323673
-0.0156684
-0.0378198
-0.0139591
0.109936
0.335282
0.595301
0.806619
0.930575
0.982434
0.99721
0.999791
1
1
1
1
1
1
1
1
0.999994
0.999992
1.00004
1.00008
0.999815
0.99936
1.00026
1.00336
1.00322
0.991109
0.974943
0.98964
1.05821
1.13167
1.10135
0.902978
0.593632
0.30155
0.113634
0.0298838
0.00489692
0.000376686
0
0
0
0
0
0
0
0
0
0
0
0
0
0
0
0
0
0
0
0
0
0
0
0
0
0
0
0
0
0
0
0
0
0
0
0
0
0
0
0
0
0
0
0
0
0
