VARIABLEs = X,u
ZONE I=101
datapacking=block
0
0.01
0.02
0.03
0.04
0.05
0.06
0.07
0.08
0.09
0.1
0.11
0.12
0.13
0.14
0.15
0.16
0.17
0.18
0.19
0.2
0.21
0.22
0.23
0.24
0.25
0.26
0.27
0.28
0.29
0.3
0.31
0.32
0.33
0.34
0.35
0.36
0.37
0.38
0.39
0.4
0.41
0.42
0.43
0.44
0.45
0.46
0.47
0.48
0.49
0.5
0.51
0.52
0.53
0.54
0.55
0.56
0.57
0.58
0.59
0.6
0.61
0.62
0.63
0.64
0.65
0.66
0.67
0.68
0.69
0.7
0.71
0.72
0.73
0.74
0.75
0.76
0.77
0.78
0.79
0.8
0.81
0.82
0.83
0.84
0.85
0.86
0.87
0.88
0.89
0.9
0.91
0.92
0.93
0.94
0.95
0.96
0.97
0.98
0.99
1
0
6.66767e-13
-1.09193e-12
-2.20723e-11
8.43894e-12
3.50262e-10
2.18695e-10
-3.39887e-09
-4.68068e-09
2.56333e-08
6.26077e-08
-1.25113e-07
-5.65651e-07
1.78092e-07
3.69715e-06
3.69284e-06
-1.5121e-05
-3.97468e-05
1.61153e-05
0.000206702
0.000254608
-0.000427229
-0.0016864
-0.0013479
0.00340056
0.0106665
0.00999603
-0.0107989
-0.048151
-0.0709821
-0.032988
0.0947748
0.298674
0.528443
0.728657
0.868101
0.946622
0.98235
0.995354
0.999063
0.999864
0.999987
1
1.00001
0.999997
0.999968
0.999978
1.00011
1.00024
0.999865
0.998912
0.998899
1.00201
1.00665
1.00466
0.988897
0.96856
0.972468
1.02419
1.10593
1.15263
1.09425
0.911425
0.65198
0.395176
0.200632
0.0842149
0.0287211
0.00776257
0.00160101
0.000236888
2.24072e-05
1.01851e-06
0
0
0
0
0
0
0
0
0
0
0
0
0
0
0
0
0
0
0
0
0
0
0
0
0
0
0
0
