VARIABLEs = X,u
ZONE I=101
datapacking=block
0
0.01
0.02
0.03
0.04
0.05
0.06
0.07
0.08
0.09
0.1
0.11
0.12
0.13
0.14
0.15
0.16
0.17
0.18
0.19
0.2
0.21
0.22
0.23
0.24
0.25
0.26
0.27
0.28
0.29
0.3
0.31
0.32
0.33
0.34
0.35
0.36
0.37
0.38
0.39
0.4
0.41
0.42
0.43
0.44
0.45
0.46
0.47
0.48
0.49
0.5
0.51
0.52
0.53
0.54
0.55
0.56
0.57
0.58
0.59
0.6
0.61
0.62
0.63
0.64
0.65
0.66
0.67
0.68
0.69
0.7
0.71
0.72
0.73
0.74
0.75
0.76
0.77
0.78
0.79
0.8
0.81
0.82
0.83
0.84
0.85
0.86
0.87
0.88
0.89
0.9
0.91
0.92
0.93
0.94
0.95
0.96
0.97
0.98
0.99
1
0
9.9452e-15
4.74184e-14
-1.74635e-13
-1.09108e-12
1.82964e-12
1.48613e-11
-9.17489e-12
-1.51876e-10
-3.21095e-11
1.25841e-09
1.36715e-09
-8.07817e-09
-1.75885e-08
3.55568e-08
1.50665e-07
-3.95804e-08
-9.09624e-07
-9.28941e-07
3.50821e-06
9.37984e-06
-3.28906e-06
-4.69069e-05
-5.65453e-05
0.000103575
0.000385789
0.000253011
-0.000928202
-0.00245748
-0.00142098
0.0048531
0.013219
0.0122152
-0.0101096
-0.0502751
-0.0798879
-0.0564171
0.049602
0.232263
0.451741
0.657606
0.814672
0.913844
0.965967
0.988733
0.996931
0.999329
0.999888
0.999994
1
0.999973
0.999944
1.00003
1.00026
1.00025
0.999468
0.998376
0.999159
1.00354
1.0082
1.00415
0.986003
0.965225
0.969703
1.02028
1.10106
1.15541
1.11971
0.968888
0.734634
0.482827
0.27291
0.131631
0.0536609
0.0182538
0.00508985
0.00113397
0.000194234
2.40307e-05
1.91249e-06
7.35571e-08
0
0
0
0
0
0
0
0
0
0
0
0
0
0
0
0
0
0
0
0
