VARIABLEs = X,u
ZONE I=101
datapacking=block
0
0.01
0.02
0.03
0.04
0.05
0.06
0.07
0.08
0.09
0.1
0.11
0.12
0.13
0.14
0.15
0.16
0.17
0.18
0.19
0.2
0.21
0.22
0.23
0.24
0.25
0.26
0.27
0.28
0.29
0.3
0.31
0.32
0.33
0.34
0.35
0.36
0.37
0.38
0.39
0.4
0.41
0.42
0.43
0.44
0.45
0.46
0.47
0.48
0.49
0.5
0.51
0.52
0.53
0.54
0.55
0.56
0.57
0.58
0.59
0.6
0.61
0.62
0.63
0.64
0.65
0.66
0.67
0.68
0.69
0.7
0.71
0.72
0.73
0.74
0.75
0.76
0.77
0.78
0.79
0.8
0.81
0.82
0.83
0.84
0.85
0.86
0.87
0.88
0.89
0.9
0.91
0.92
0.93
0.94
0.95
0.96
0.97
0.98
0.99
1
0
-1.03478e-20
3.5644e-19
1.93965e-18
-5.14805e-18
-3.27295e-17
4.8336e-17
4.00595e-16
-2.90255e-16
-4.09085e-15
1.91604e-16
3.59417e-14
2.3166e-14
-2.69989e-13
-3.86049e-13
1.67239e-12
4.16758e-12
-7.677e-12
-3.46568e-11
1.49105e-11
2.2811e-10
1.52559e-10
-1.14258e-09
-2.14137e-09
3.63209e-09
1.55084e-08
1.00223e-09
-7.41561e-08
-1.02014e-07
2.00292e-07
7.25721e-07
1.72451e-07
-2.74021e-06
-4.73829e-06
3.39259e-06
2.28615e-05
2.37794e-05
-4.12075e-05
-0.000147088
-0.000111732
0.000269543
0.000801749
0.000626481
-0.0011223
-0.00372717
-0.00397612
0.00183794
0.0130691
0.0211362
0.0126717
-0.0197791
-0.0664878
-0.0989352
-0.082075
0.0063886
0.16278
0.359008
0.556783
0.724385
0.846409
0.923577
0.966189
0.986774
0.995469
0.99866
0.999628
0.999822
0.999902
1.00018
1.00054
1.00033
0.999019
0.997489
0.998325
1.00341
1.00995
1.00967
0.995223
0.970662
0.955549
0.974241
1.03478
1.11407
1.16415
1.13801
1.01699
0.820632
0.594118
0.384515
0.221861
0.113798
0.0517043
0.0207121
0.00727036
0.00221822
0.000582036
0.000129495
2.39657e-05
3.59177e-06
4.18987e-07
3.57099e-08
