VARIABLEs = X,u
ZONE I=101
datapacking=block
0
0.01
0.02
0.03
0.04
0.05
0.06
0.07
0.08
0.09
0.1
0.11
0.12
0.13
0.14
0.15
0.16
0.17
0.18
0.19
0.2
0.21
0.22
0.23
0.24
0.25
0.26
0.27
0.28
0.29
0.3
0.31
0.32
0.33
0.34
0.35
0.36
0.37
0.38
0.39
0.4
0.41
0.42
0.43
0.44
0.45
0.46
0.47
0.48
0.49
0.5
0.51
0.52
0.53
0.54
0.55
0.56
0.57
0.58
0.59
0.6
0.61
0.62
0.63
0.64
0.65
0.66
0.67
0.68
0.69
0.7
0.71
0.72
0.73
0.74
0.75
0.76
0.77
0.78
0.79
0.8
0.81
0.82
0.83
0.84
0.85
0.86
0.87
0.88
0.89
0.9
0.91
0.92
0.93
0.94
0.95
0.96
0.97
0.98
0.99
1
0
2.19493e-13
1.80892e-12
1.21735e-12
-3.06622e-11
-3.63734e-11
3.54918e-10
6.79664e-10
-2.7918e-09
-8.22624e-09
1.53497e-08
7.76638e-08
-2.71442e-08
-5.44849e-07
-4.57154e-07
2.67869e-06
6.00578e-06
-6.10204e-06
-3.84879e-05
-2.66737e-05
0.00013299
0.000321501
-1.43684e-05
-0.00124272
-0.00207443
0.000572813
0.00775015
0.0128752
0.00276788
-0.0290751
-0.0657811
-0.0663549
0.0105563
0.175158
0.395326
0.615943
0.791177
0.90396
0.963165
0.988436
0.997105
0.999444
0.999922
0.999994
1.00001
1
0.999976
0.999959
1.00005
1.00024
1.00011
0.999277
0.998541
1.00023
1.00499
1.00734
0.997948
0.976834
0.964653
0.991605
1.06366
1.13827
1.14288
1.02765
0.805142
0.541068
0.308475
0.147641
0.0585671
0.0189227
0.00485621
0.000953031
0.000134433
1.21439e-05
5.27995e-07
0
0
0
0
0
0
0
0
0
0
0
0
0
0
0
0
0
0
0
0
0
0
0
0
0
0
