VARIABLEs = X,u
ZONE I=101
datapacking=block
0
0.01
0.02
0.03
0.04
0.05
0.06
0.07
0.08
0.09
0.1
0.11
0.12
0.13
0.14
0.15
0.16
0.17
0.18
0.19
0.2
0.21
0.22
0.23
0.24
0.25
0.26
0.27
0.28
0.29
0.3
0.31
0.32
0.33
0.34
0.35
0.36
0.37
0.38
0.39
0.4
0.41
0.42
0.43
0.44
0.45
0.46
0.47
0.48
0.49
0.5
0.51
0.52
0.53
0.54
0.55
0.56
0.57
0.58
0.59
0.6
0.61
0.62
0.63
0.64
0.65
0.66
0.67
0.68
0.69
0.7
0.71
0.72
0.73
0.74
0.75
0.76
0.77
0.78
0.79
0.8
0.81
0.82
0.83
0.84
0.85
0.86
0.87
0.88
0.89
0.9
0.91
0.92
0.93
0.94
0.95
0.96
0.97
0.98
0.99
1
0
1.172e-15
-1.56163e-13
-5.50308e-13
2.6706e-12
1.05412e-11
-2.43962e-11
-1.29145e-10
1.44514e-10
1.27988e-09
-1.00029e-10
-1.00419e-08
-8.90214e-09
6.05239e-08
1.2403e-07
-2.33637e-07
-1.00741e-06
5.15516e-08
5.42433e-06
7.09862e-06
-1.604e-05
-5.57199e-05
-1.41491e-05
0.000208361
0.000390426
-0.000130792
-0.00160319
-0.00235663
0.000900123
0.00882481
0.0141624
0.00355472
-0.0292951
-0.0681487
-0.0738875
-0.00631356
0.146883
0.358599
0.578024
0.759553
0.882481
0.951271
0.983093
0.995182
0.998901
0.999806
0.999978
1.00001
0.999997
0.999961
0.999961
1.00011
1.0003
1.00002
0.998999
0.998409
1.0007
1.0059
1.0077
0.997022
0.975141
0.963165
0.990063
1.06122
1.1369
1.14902
1.04825
0.84113
0.58509
0.349489
0.177767
0.076256
0.0272376
0.00795904
0.00185485
0.000331792
4.28043e-05
3.54732e-06
1.41893e-07
0
0
0
0
0
0
0
0
0
0
0
0
0
0
0
0
0
0
0
0
0
0
