VARIABLEs = X,u
ZONE I=101
datapacking=block
0
0.01
0.02
0.03
0.04
0.05
0.06
0.07
0.08
0.09
0.1
0.11
0.12
0.13
0.14
0.15
0.16
0.17
0.18
0.19
0.2
0.21
0.22
0.23
0.24
0.25
0.26
0.27
0.28
0.29
0.3
0.31
0.32
0.33
0.34
0.35
0.36
0.37
0.38
0.39
0.4
0.41
0.42
0.43
0.44
0.45
0.46
0.47
0.48
0.49
0.5
0.51
0.52
0.53
0.54
0.55
0.56
0.57
0.58
0.59
0.6
0.61
0.62
0.63
0.64
0.65
0.66
0.67
0.68
0.69
0.7
0.71
0.72
0.73
0.74
0.75
0.76
0.77
0.78
0.79
0.8
0.81
0.82
0.83
0.84
0.85
0.86
0.87
0.88
0.89
0.9
0.91
0.92
0.93
0.94
0.95
0.96
0.97
0.98
0.99
1
0
3.60176e-11
8.69678e-11
-4.52286e-10
-1.3858e-09
6.69683e-09
2.49406e-08
-3.96339e-08
-2.50422e-07
1.00449e-07
2.05192e-06
1.76748e-06
-1.08741e-05
-2.4179e-05
2.91091e-05
0.000170459
0.00011755
-0.00058666
-0.00144095
-5.61054e-05
0.00538244
0.0102145
0.00209134
-0.0264311
-0.0581673
-0.0483244
0.0476334
0.235623
0.472005
0.692205
0.851245
0.941583
0.981845
0.995704
0.999273
0.999922
0.999996
1
1
1
0.999998
0.999977
0.999988
1.0001
1.00017
0.999769
0.998973
0.999485
1.00302
1.00632
1.00019
0.981298
0.967903
0.992988
1.06573
1.13853
1.1279
0.981806
0.727183
0.449245
0.227773
0.093068
0.0298967
0.00727433
0.00126113
0.000138907
7.31088e-06
0
0
0
0
0
0
0
0
0
0
0
0
0
0
0
0
0
0
0
0
0
0
0
0
0
0
0
0
0
0
0
0
0
0
