VARIABLEs = X,u
ZONE I=101
datapacking=block
0
0.01
0.02
0.03
0.04
0.05
0.06
0.07
0.08
0.09
0.1
0.11
0.12
0.13
0.14
0.15
0.16
0.17
0.18
0.19
0.2
0.21
0.22
0.23
0.24
0.25
0.26
0.27
0.28
0.29
0.3
0.31
0.32
0.33
0.34
0.35
0.36
0.37
0.38
0.39
0.4
0.41
0.42
0.43
0.44
0.45
0.46
0.47
0.48
0.49
0.5
0.51
0.52
0.53
0.54
0.55
0.56
0.57
0.58
0.59
0.6
0.61
0.62
0.63
0.64
0.65
0.66
0.67
0.68
0.69
0.7
0.71
0.72
0.73
0.74
0.75
0.76
0.77
0.78
0.79
0.8
0.81
0.82
0.83
0.84
0.85
0.86
0.87
0.88
0.89
0.9
0.91
0.92
0.93
0.94
0.95
0.96
0.97
0.98
0.99
1
0
4.17911e-07
1.20474e-06
3.56524e-06
6.67807e-06
1.60166e-05
2.63339e-05
5.72861e-05
8.75472e-05
0.000178331
0.000258768
0.000500078
0.00069625
0.00128476
0.00172681
0.00305294
0.0039771
0.00674958
0.00854662
0.0139377
0.0171923
0.0269558
0.0324487
0.0489274
0.0575675
0.0834874
0.0961474
0.134127
0.151393
0.203188
0.225078
0.290742
0.316501
0.393759
0.421835
0.506021
0.534302
0.619031
0.645283
0.723759
0.74614
0.812642
0.830098
0.881075
0.893474
0.92782
0.935797
0.954229
0.958846
0.962725
0.965111
0.955271
0.956361
0.932434
0.932869
0.893378
0.893527
0.836687
0.83673
0.761669
0.761679
0.66964
0.669642
0.564687
0.564687
0.453554
0.453554
0.344556
0.344556
0.245842
0.245842
0.16358
0.16358
0.100761
0.100761
0.0570128
0.0570128
0.0293822
0.0293822
0.0136613
0.0136613
0.00566766
0.00566766
0.00207051
0.00207051
0.000655238
0.000655238
0.000175872
0.000175872
3.89103e-05
3.89103e-05
6.80991e-06
6.80991e-06
8.83684e-07
8.83684e-07
7.55619e-08
7.55619e-08
3.19276e-09
3.19276e-09
0
-6.32543e-99
