VARIABLEs = X,u
ZONE I=101
datapacking=block
0
0.01
0.02
0.03
0.04
0.05
0.06
0.07
0.08
0.09
0.1
0.11
0.12
0.13
0.14
0.15
0.16
0.17
0.18
0.19
0.2
0.21
0.22
0.23
0.24
0.25
0.26
0.27
0.28
0.29
0.3
0.31
0.32
0.33
0.34
0.35
0.36
0.37
0.38
0.39
0.4
0.41
0.42
0.43
0.44
0.45
0.46
0.47
0.48
0.49
0.5
0.51
0.52
0.53
0.54
0.55
0.56
0.57
0.58
0.59
0.6
0.61
0.62
0.63
0.64
0.65
0.66
0.67
0.68
0.69
0.7
0.71
0.72
0.73
0.74
0.75
0.76
0.77
0.78
0.79
0.8
0.81
0.82
0.83
0.84
0.85
0.86
0.87
0.88
0.89
0.9
0.91
0.92
0.93
0.94
0.95
0.96
0.97
0.98
0.99
1
0
0.000425708
0.00117027
0.00340394
0.00591103
0.0134323
0.0199604
0.0395449
0.0533983
0.0949587
0.119375
0.192622
0.228546
0.336319
0.380325
0.512346
0.556827
0.690272
0.726799
0.836379
0.860164
0.931516
0.943344
0.978817
0.983039
0.995654
0.996618
0.999287
0.999392
0.998881
0.998881
0.996219
0.996219
0.988763
0.988763
0.970589
0.970589
0.932103
0.932103
0.861546
0.861546
0.750141
0.750141
0.599743
0.599743
0.42786
0.42786
0.26379
0.26379
0.135387
0.135387
0.0551356
0.0551356
0.0166147
0.0166147
0.00328062
0.00328062
0.000317479
0.000317479
0
0
0
0
0
0
0
0
0
0
0
0
0
0
0
0
0
0
0
0
0
0
0
0
0
0
0
0
0
0
0
0
0
0
0
0
0
0
0
0
0
-6.32543e-99
