VARIABLEs = X,u
ZONE I=101
datapacking=block
0
0.01
0.02
0.03
0.04
0.05
0.06
0.07
0.08
0.09
0.1
0.11
0.12
0.13
0.14
0.15
0.16
0.17
0.18
0.19
0.2
0.21
0.22
0.23
0.24
0.25
0.26
0.27
0.28
0.29
0.3
0.31
0.32
0.33
0.34
0.35
0.36
0.37
0.38
0.39
0.4
0.41
0.42
0.43
0.44
0.45
0.46
0.47
0.48
0.49
0.5
0.51
0.52
0.53
0.54
0.55
0.56
0.57
0.58
0.59
0.6
0.61
0.62
0.63
0.64
0.65
0.66
0.67
0.68
0.69
0.7
0.71
0.72
0.73
0.74
0.75
0.76
0.77
0.78
0.79
0.8
0.81
0.82
0.83
0.84
0.85
0.86
0.87
0.88
0.89
0.9
0.91
0.92
0.93
0.94
0.95
0.96
0.97
0.98
0.99
1
0
6.01167e-06
1.71411e-05
5.05293e-05
9.29831e-05
0.000220344
0.000353673
0.000753661
0.00111781
0.00221025
0.00309568
0.00575198
0.0076913
0.0135093
0.0173593
0.0289094
0.0358593
0.0567092
0.0681322
0.102401
0.119495
0.170777
0.194044
0.263843
0.29259
0.378829
0.410981
0.507428
0.539857
0.637124
0.666484
0.754501
0.77822
0.849195
0.866167
0.916604
0.927263
0.958047
0.963855
0.978531
0.981235
0.983501
0.984555
0.976208
0.976543
0.95662
0.956703
0.921867
0.921882
0.867793
0.867795
0.79111
0.791111
0.691621
0.691621
0.573804
0.573804
0.446924
0.446924
0.323217
0.323217
0.214595
0.214595
0.12925
0.12925
0.0697063
0.0697063
0.0331684
0.0331684
0.0136815
0.0136815
0.00478528
0.00478528
0.00137822
0.00137822
0.000313518
0.000313518
5.27741e-05
5.27741e-05
5.84019e-06
5.84019e-06
3.18556e-07
3.18556e-07
0
0
0
0
0
0
0
0
0
0
0
0
0
0
0
0
0
-6.32543e-99
