VARIABLEs = X,u
ZONE I=101
datapacking=block
0
0.01
0.02
0.03
0.04
0.05
0.06
0.07
0.08
0.09
0.1
0.11
0.12
0.13
0.14
0.15
0.16
0.17
0.18
0.19
0.2
0.21
0.22
0.23
0.24
0.25
0.26
0.27
0.28
0.29
0.3
0.31
0.32
0.33
0.34
0.35
0.36
0.37
0.38
0.39
0.4
0.41
0.42
0.43
0.44
0.45
0.46
0.47
0.48
0.49
0.5
0.51
0.52
0.53
0.54
0.55
0.56
0.57
0.58
0.59
0.6
0.61
0.62
0.63
0.64
0.65
0.66
0.67
0.68
0.69
0.7
0.71
0.72
0.73
0.74
0.75
0.76
0.77
0.78
0.79
0.8
0.81
0.82
0.83
0.84
0.85
0.86
0.87
0.88
0.89
0.9
0.91
0.92
0.93
0.94
0.95
0.96
0.97
0.98
0.99
1
0
2.1729e-07
6.27673e-07
1.85882e-06
3.49329e-06
8.3967e-06
1.38679e-05
3.02815e-05
4.65391e-05
9.53117e-05
0.000139232
0.000270993
0.000380213
0.000707872
0.000959666
0.00171505
0.00225549
0.00387683
0.00495965
0.00820811
0.0102364
0.0163212
0.0198759
0.03054
0.0363705
0.0538618
0.0628101
0.0896547
0.102498
0.141027
0.158252
0.209921
0.231479
0.296143
0.321287
0.396693
0.423971
0.505743
0.533212
0.615464
0.641075
0.717543
0.739585
0.804906
0.822359
0.873031
0.885693
0.920344
0.928722
0.947629
0.952657
0.956774
0.959492
0.949448
0.950762
0.926266
0.926828
0.886729
0.88694
0.829908
0.829975
0.755556
0.755574
0.665221
0.665225
0.562888
0.562889
0.454856
0.454856
0.348785
0.348786
0.252185
0.252185
0.170838
0.170838
0.107723
0.107723
0.0627941
0.0627941
0.0335903
0.0335903
0.0163552
0.0163552
0.00718172
0.00718172
0.00281339
0.00281339
0.0009705
0.0009705
0.000290048
0.000290048
7.35405e-05
7.35405e-05
1.53744e-05
1.53744e-05
2.54359e-06
2.54359e-06
3.12154e-07
3.12042e-07
2.49185e-08
2.45817e-08
