VARIABLEs = X,u
ZONE I=101
datapacking=block
0
0.01
0.02
0.03
0.04
0.05
0.06
0.07
0.08
0.09
0.1
0.11
0.12
0.13
0.14
0.15
0.16
0.17
0.18
0.19
0.2
0.21
0.22
0.23
0.24
0.25
0.26
0.27
0.28
0.29
0.3
0.31
0.32
0.33
0.34
0.35
0.36
0.37
0.38
0.39
0.4
0.41
0.42
0.43
0.44
0.45
0.46
0.47
0.48
0.49
0.5
0.51
0.52
0.53
0.54
0.55
0.56
0.57
0.58
0.59
0.6
0.61
0.62
0.63
0.64
0.65
0.66
0.67
0.68
0.69
0.7
0.71
0.72
0.73
0.74
0.75
0.76
0.77
0.78
0.79
0.8
0.81
0.82
0.83
0.84
0.85
0.86
0.87
0.88
0.89
0.9
0.91
0.92
0.93
0.94
0.95
0.96
0.97
0.98
0.99
1
0
1.19659e-08
3.481e-08
1.03342e-07
1.96455e-07
4.75793e-07
7.98255e-07
1.76564e-06
2.76764e-06
5.77362e-06
8.63501e-06
1.72192e-05
2.48239e-05
4.76381e-05
6.65866e-05
0.000123432
0.0001679
0.000301304
0.000399882
0.000695618
0.000902457
0.00152297
0.00193427
0.00316815
0.00394384
0.00627092
0.00765908
0.0118235
0.0141811
0.0212539
0.0250536
0.0364527
0.0422629
0.059693
0.0681184
0.093393
0.104973
0.139708
0.154781
0.19999
0.218556
0.274228
0.295845
0.360633
0.384398
0.455545
0.480178
0.55376
0.577798
0.649256
0.671302
0.736148
0.755111
0.809582
0.824848
0.86632
0.877793
0.904828
0.912855
0.924921
0.930132
0.927143
0.930271
0.912181
0.913908
0.880543
0.881417
0.832642
0.833045
0.769203
0.769371
0.691813
0.691876
0.603358
0.603379
0.508114
0.50812
0.41141
0.411411
0.318892
0.318893
0.235622
0.235622
0.165253
0.165253
0.109543
0.109543
0.0683332
0.0683332
0.0399318
0.0399318
0.021755
0.021755
0.0109923
0.0109923
0.0051217
0.00512066
0.0021831
0.00215352
0.000749887
0.000669701
