VARIABLEs = X,u
ZONE I=101
datapacking=block
0
0.01
0.02
0.03
0.04
0.05
0.06
0.07
0.08
0.09
0.1
0.11
0.12
0.13
0.14
0.15
0.16
0.17
0.18
0.19
0.2
0.21
0.22
0.23
0.24
0.25
0.26
0.27
0.28
0.29
0.3
0.31
0.32
0.33
0.34
0.35
0.36
0.37
0.38
0.39
0.4
0.41
0.42
0.43
0.44
0.45
0.46
0.47
0.48
0.49
0.5
0.51
0.52
0.53
0.54
0.55
0.56
0.57
0.58
0.59
0.6
0.61
0.62
0.63
0.64
0.65
0.66
0.67
0.68
0.69
0.7
0.71
0.72
0.73
0.74
0.75
0.76
0.77
0.78
0.79
0.8
0.81
0.82
0.83
0.84
0.85
0.86
0.87
0.88
0.89
0.9
0.91
0.92
0.93
0.94
0.95
0.96
0.97
0.98
0.99
1
0
6.33304e-09
1.84459e-08
5.47846e-08
1.04354e-07
2.53064e-07
4.25739e-07
9.43764e-07
1.48446e-06
3.10653e-06
4.66534e-06
9.34177e-06
1.3532e-05
2.61027e-05
3.66827e-05
6.8423e-05
9.36318e-05
0.000169259
0.00022611
0.000396664
0.000518261
0.000883053
0.00113004
0.00187102
0.00234788
0.00377846
0.00465402
0.00728066
0.00880984
0.0133973
0.015938
0.0235597
0.0275744
0.0396184
0.0456507
0.063747
0.0723615
0.0982028
0.109888
0.144938
0.159984
0.205104
0.223477
0.278556
0.299812
0.363494
0.386769
0.456408
0.480497
0.552376
0.575911
0.645733
0.667399
0.730906
0.74967
0.803231
0.818487
0.859475
0.871095
0.897957
0.906226
0.918262
0.923744
0.92073
0.924105
0.905954
0.907877
0.874493
0.875502
0.826919
0.827405
0.764157
0.76437
0.687935
0.68802
0.601146
0.601177
0.507917
0.507927
0.413291
0.413293
0.322581
0.322582
0.240562
0.240563
0.170734
0.170734
0.114871
0.114871
0.072974
0.072974
0.0435915
0.0435915
0.0243799
0.0243797
0.0127064
0.0127019
0.00612562
0.00601686
0.00236401
0.00207447
