VARIABLEs = X,u
ZONE I=101
datapacking=block
0
0.01
0.02
0.03
0.04
0.05
0.06
0.07
0.08
0.09
0.1
0.11
0.12
0.13
0.14
0.15
0.16
0.17
0.18
0.19
0.2
0.21
0.22
0.23
0.24
0.25
0.26
0.27
0.28
0.29
0.3
0.31
0.32
0.33
0.34
0.35
0.36
0.37
0.38
0.39
0.4
0.41
0.42
0.43
0.44
0.45
0.46
0.47
0.48
0.49
0.5
0.51
0.52
0.53
0.54
0.55
0.56
0.57
0.58
0.59
0.6
0.61
0.62
0.63
0.64
0.65
0.66
0.67
0.68
0.69
0.7
0.71
0.72
0.73
0.74
0.75
0.76
0.77
0.78
0.79
0.8
0.81
0.82
0.83
0.84
0.85
0.86
0.87
0.88
0.89
0.9
0.91
0.92
0.93
0.94
0.95
0.96
0.97
0.98
0.99
1
0
5.94224e-08
1.72252e-07
5.10742e-07
9.65318e-07
2.32905e-06
3.87666e-06
8.51948e-06
1.32217e-05
2.73284e-05
4.0388e-05
7.95668e-05
0.000113139
0.000213854
0.000294314
0.000535694
0.000716278
0.00125803
0.00163865
0.00278049
0.0035352
0.00579932
0.00720866
0.0114367
0.0139166
0.0213563
0.025469
0.037807
0.0442342
0.0635153
0.0729763
0.101358
0.114468
0.153795
0.170881
0.22213
0.24305
0.305791
0.329824
0.401876
0.427743
0.505226
0.531261
0.609098
0.633552
0.706335
0.72772
0.790682
0.808047
0.857801
0.870854
0.905654
0.914703
0.934159
0.939922
0.944343
0.947697
0.937368
0.939143
0.91388
0.914728
0.873894
0.874257
0.817249
0.817387
0.744416
0.744462
0.657298
0.657311
0.559691
0.559694
0.457161
0.457161
0.356302
0.356302
0.263575
0.263575
0.184094
0.184094
0.120758
0.120758
0.0739863
0.0739863
0.0420967
0.0420967
0.0221062
0.0221062
0.0106411
0.0106411
0.00465929
0.00465929
0.00183929
0.00183929
0.000647748
0.000647748
0.000200918
0.000200914
5.4002e-05
5.37569e-05
1.15525e-05
1.0853e-05
