VARIABLEs = X,u
ZONE I=101
datapacking=block
0
0.01
0.02
0.03
0.04
0.05
0.06
0.07
0.08
0.09
0.1
0.11
0.12
0.13
0.14
0.15
0.16
0.17
0.18
0.19
0.2
0.21
0.22
0.23
0.24
0.25
0.26
0.27
0.28
0.29
0.3
0.31
0.32
0.33
0.34
0.35
0.36
0.37
0.38
0.39
0.4
0.41
0.42
0.43
0.44
0.45
0.46
0.47
0.48
0.49
0.5
0.51
0.52
0.53
0.54
0.55
0.56
0.57
0.58
0.59
0.6
0.61
0.62
0.63
0.64
0.65
0.66
0.67
0.68
0.69
0.7
0.71
0.72
0.73
0.74
0.75
0.76
0.77
0.78
0.79
0.8
0.81
0.82
0.83
0.84
0.85
0.86
0.87
0.88
0.89
0.9
0.91
0.92
0.93
0.94
0.95
0.96
0.97
0.98
0.99
1
0
8.70249e-09
2.53322e-08
7.52211e-08
1.43142e-07
3.46905e-07
5.82829e-07
1.2906e-06
2.02657e-06
4.23448e-06
6.34642e-06
1.26822e-05
1.83278e-05
3.52646e-05
4.94272e-05
9.1915e-05
0.00012541
0.000225896
0.000300803
0.000525526
0.000684247
0.00116041
0.00147947
0.00243666
0.00304566
0.00487265
0.00597689
0.00928958
0.011192
0.0168992
0.0200134
0.0293559
0.0341987
0.0487266
0.0558781
0.0773314
0.0873553
0.117423
0.13075
0.170721
0.187514
0.237869
0.257905
0.317962
0.340573
0.408295
0.432403
0.504482
0.528731
0.60097
0.623944
0.691861
0.712327
0.771822
0.78893
0.836812
0.850203
0.884423
0.894212
0.913758
0.920422
0.924958
0.92917
0.91862
0.921082
0.895345
0.89667
0.855621
0.856275
0.800051
0.800344
0.729816
0.729936
0.647161
0.647205
0.555645
0.555659
0.460024
0.460028
0.365729
0.36573
0.278064
0.278064
0.201354
0.201354
0.138304
0.138304
0.0897387
0.0897387
0.0547716
0.0547716
0.0313068
0.0313068
0.0166794
0.0166793
0.00824026
0.00823801
0.00374649
0.00368794
0.0013686
0.00121135
