VARIABLEs = X,u
ZONE I=101
datapacking=block
0
0.01
0.02
0.03
0.04
0.05
0.06
0.07
0.08
0.09
0.1
0.11
0.12
0.13
0.14
0.15
0.16
0.17
0.18
0.19
0.2
0.21
0.22
0.23
0.24
0.25
0.26
0.27
0.28
0.29
0.3
0.31
0.32
0.33
0.34
0.35
0.36
0.37
0.38
0.39
0.4
0.41
0.42
0.43
0.44
0.45
0.46
0.47
0.48
0.49
0.5
0.51
0.52
0.53
0.54
0.55
0.56
0.57
0.58
0.59
0.6
0.61
0.62
0.63
0.64
0.65
0.66
0.67
0.68
0.69
0.7
0.71
0.72
0.73
0.74
0.75
0.76
0.77
0.78
0.79
0.8
0.81
0.82
0.83
0.84
0.85
0.86
0.87
0.88
0.89
0.9
0.91
0.92
0.93
0.94
0.95
0.96
0.97
0.98
0.99
1
0
3.05984e-06
8.7532e-06
2.58333e-05
4.77899e-05
0.00011366
0.000183744
0.000393995
0.000589568
0.00117629
0.00166481
0.00313039
0.00423585
0.00755221
0.00983304
0.0166755
0.0209816
0.0338998
0.0413517
0.0637073
0.0755341
0.111014
0.128221
0.179841
0.202763
0.271528
0.299434
0.383148
0.414117
0.507013
0.538238
0.631879
0.660367
0.745731
0.769129
0.83906
0.856256
0.907181
0.918404
0.950519
0.956963
0.972904
0.976121
0.978889
0.980265
0.971413
0.971906
0.950677
0.950821
0.914428
0.914461
0.859321
0.859326
0.782857
0.782857
0.685339
0.685339
0.571169
0.571169
0.448844
0.448844
0.329364
0.329364
0.223461
0.223461
0.138738
0.138738
0.0779592
0.0779592
0.0391641
0.0391641
0.0173418
0.0173418
0.00665331
0.00665331
0.00216416
0.00216416
0.000579751
0.000579751
0.00012271
0.00012271
1.92291e-05
1.92291e-05
1.98226e-06
1.98226e-06
1.00793e-07
1.00793e-07
0
0
0
0
0
0
0
0
0
0
0
0
0
-6.32543e-99
