VARIABLEs = X,u
ZONE I=101
datapacking=block
0
0.01
0.02
0.03
0.04
0.05
0.06
0.07
0.08
0.09
0.1
0.11
0.12
0.13
0.14
0.15
0.16
0.17
0.18
0.19
0.2
0.21
0.22
0.23
0.24
0.25
0.26
0.27
0.28
0.29
0.3
0.31
0.32
0.33
0.34
0.35
0.36
0.37
0.38
0.39
0.4
0.41
0.42
0.43
0.44
0.45
0.46
0.47
0.48
0.49
0.5
0.51
0.52
0.53
0.54
0.55
0.56
0.57
0.58
0.59
0.6
0.61
0.62
0.63
0.64
0.65
0.66
0.67
0.68
0.69
0.7
0.71
0.72
0.73
0.74
0.75
0.76
0.77
0.78
0.79
0.8
0.81
0.82
0.83
0.84
0.85
0.86
0.87
0.88
0.89
0.9
0.91
0.92
0.93
0.94
0.95
0.96
0.97
0.98
0.99
1
0
3.54071e-12
1.16843e-10
1.89192e-09
2.00497e-08
1.56529e-07
9.60839e-07
4.83398e-06
2.05181e-05
7.50736e-05
0.000240786
0.000686186
0.00175715
0.0040823
0.00867695
0.016999
0.0309019
0.0524457
0.0835702
0.125689
0.179307
0.243774
0.317248
0.396899
0.479287
0.560839
0.638298
0.709072
0.771424
0.824507
0.868263
0.903252
0.930441
0.951004
0.966165
0.977075
0.984748
0.990027
0.993573
0.995874
0.997237
0.997767
0.997307
0.99536
0.990995
0.98281
0.968989
0.947492
0.916395
0.874292
0.820682
0.75622
0.682749
0.603099
0.520712
0.43916
0.361701
0.290928
0.228576
0.175493
0.131737
0.0967478
0.0695591
0.0489956
0.0338352
0.0229249
0.0152508
0.00996864
0.00640679
0.00405135
0.00252232
0.00154708
0.000935399
0.000557835
0.000328303
0.00019078
0.000109521
6.214e-05
3.4862e-05
1.93475e-05
1.0626e-05
5.77765e-06
3.11123e-06
1.65983e-06
8.77589e-07
4.59995e-07
2.391e-07
1.23281e-07
6.30702e-08
3.20239e-08
1.6142e-08
8.07929e-09
4.01628e-09
1.98336e-09
9.7319e-10
4.74567e-10
2.3003e-10
1.1085e-10
5.3116e-11
2.53122e-11
1.19982e-11
