VARIABLEs = X,u
ZONE I=101
datapacking=block
0
0.01
0.02
0.03
0.04
0.05
0.06
0.07
0.08
0.09
0.1
0.11
0.12
0.13
0.14
0.15
0.16
0.17
0.18
0.19
0.2
0.21
0.22
0.23
0.24
0.25
0.26
0.27
0.28
0.29
0.3
0.31
0.32
0.33
0.34
0.35
0.36
0.37
0.38
0.39
0.4
0.41
0.42
0.43
0.44
0.45
0.46
0.47
0.48
0.49
0.5
0.51
0.52
0.53
0.54
0.55
0.56
0.57
0.58
0.59
0.6
0.61
0.62
0.63
0.64
0.65
0.66
0.67
0.68
0.69
0.7
0.71
0.72
0.73
0.74
0.75
0.76
0.77
0.78
0.79
0.8
0.81
0.82
0.83
0.84
0.85
0.86
0.87
0.88
0.89
0.9
0.91
0.92
0.93
0.94
0.95
0.96
0.97
0.98
0.99
1
0
2.35898e-29
1.91078e-27
7.67692e-26
2.03993e-24
4.03341e-23
6.3301e-22
8.21459e-21
9.06701e-20
8.69021e-19
7.34783e-18
5.54986e-17
3.7827e-16
2.34621e-15
1.33366e-14
6.98975e-14
3.39537e-13
1.53571e-12
6.49351e-12
2.57611e-11
9.61972e-11
3.39112e-10
1.13151e-09
3.58233e-09
1.07852e-08
3.09419e-08
8.4752e-08
2.2203e-07
5.57258e-07
1.34204e-06
3.10584e-06
6.9168e-06
1.48429e-05
3.073e-05
6.14557e-05
0.000118854
0.000222535
0.000403807
0.000710856
0.00121521
0.00201926
0.00326445
0.00513914
0.00788525
0.011802
0.0172452
0.0246214
0.0343746
0.0469661
0.0628481
0.0824318
0.106053
0.13394
0.166179
0.2027
0.243257
0.287434
0.334654
0.384209
0.43529
0.487033
0.53856
0.589026
0.637654
0.68377
0.726819
0.766383
0.802173
0.834022
0.861864
0.885709
0.905615
0.921656
0.933892
0.942351
0.947008
0.947776
0.944516
0.937043
0.92515
0.908644
0.88737
0.861257
0.830343
0.794804
0.754967
0.711313
0.664468
0.615182
0.564289
0.512677
0.461238
0.410828
0.362227
0.316111
0.273024
0.233369
0.197407
0.165257
0.136914
0.112268
