VARIABLEs = X,u
ZONE I=101
datapacking=block
0
0.01
0.02
0.03
0.04
0.05
0.06
0.07
0.08
0.09
0.1
0.11
0.12
0.13
0.14
0.15
0.16
0.17
0.18
0.19
0.2
0.21
0.22
0.23
0.24
0.25
0.26
0.27
0.28
0.29
0.3
0.31
0.32
0.33
0.34
0.35
0.36
0.37
0.38
0.39
0.4
0.41
0.42
0.43
0.44
0.45
0.46
0.47
0.48
0.49
0.5
0.51
0.52
0.53
0.54
0.55
0.56
0.57
0.58
0.59
0.6
0.61
0.62
0.63
0.64
0.65
0.66
0.67
0.68
0.69
0.7
0.71
0.72
0.73
0.74
0.75
0.76
0.77
0.78
0.79
0.8
0.81
0.82
0.83
0.84
0.85
0.86
0.87
0.88
0.89
0.9
0.91
0.92
0.93
0.94
0.95
0.96
0.97
0.98
0.99
1
0
2.58117e-09
6.45294e-08
7.87258e-07
6.25476e-06
3.64465e-05
0.000166358
0.00062054
0.00194913
0.00527345
0.0125128
0.0264301
0.0503347
0.0874014
0.139764
0.207705
0.289262
0.380441
0.475942
0.570162
0.658152
0.736279
0.802499
0.856274
0.89825
0.929839
0.95282
0.969021
0.980115
0.987507
0.992309
0.995355
0.997246
0.998394
0.999074
0.999444
0.999545
0.999221
0.997965
0.994681
0.987463
0.973557
0.949659
0.912595
0.860234
0.792294
0.710737
0.619558
0.524058
0.429838
0.341848
0.263721
0.197501
0.143726
0.10175
0.0701613
0.0471802
0.0309787
0.0198854
0.0124934
0.00769127
0.00464456
0.00275398
0.00160495
0.000920097
0.000519331
0.000288825
0.000158389
8.5707e-05
4.57919e-05
2.41716e-05
1.26129e-05
6.50943e-06
3.32438e-06
1.68082e-06
8.41709e-07
4.17653e-07
2.05423e-07
1.00189e-07
4.84711e-08
2.32688e-08
1.10873e-08
5.24526e-09
2.46442e-09
1.15022e-09
5.33424e-10
2.45861e-10
1.1265e-10
5.13193e-11
2.32504e-11
1.04775e-11
4.69727e-12
2.09539e-12
9.30217e-13
4.11031e-13
1.80799e-13
7.91799e-14
3.45291e-14
1.49956e-14
6.48643e-15
2.79486e-15
