VARIABLEs = X,u
ZONE I=101
datapacking=block
0
0.01
0.02
0.03
0.04
0.05
0.06
0.07
0.08
0.09
0.1
0.11
0.12
0.13
0.14
0.15
0.16
0.17
0.18
0.19
0.2
0.21
0.22
0.23
0.24
0.25
0.26
0.27
0.28
0.29
0.3
0.31
0.32
0.33
0.34
0.35
0.36
0.37
0.38
0.39
0.4
0.41
0.42
0.43
0.44
0.45
0.46
0.47
0.48
0.49
0.5
0.51
0.52
0.53
0.54
0.55
0.56
0.57
0.58
0.59
0.6
0.61
0.62
0.63
0.64
0.65
0.66
0.67
0.68
0.69
0.7
0.71
0.72
0.73
0.74
0.75
0.76
0.77
0.78
0.79
0.8
0.81
0.82
0.83
0.84
0.85
0.86
0.87
0.88
0.89
0.9
0.91
0.92
0.93
0.94
0.95
0.96
0.97
0.98
0.99
1
0
5.99622e-17
2.77825e-15
6.34866e-14
9.54178e-13
1.06135e-11
9.32174e-11
6.73592e-10
4.12023e-09
2.17857e-08
1.01193e-07
4.18237e-07
1.55435e-06
5.24013e-06
1.61453e-05
4.57597e-05
0.000119985
0.000292535
0.000666235
0.00142324
0.00286277
0.0054411
0.00980413
0.0167994
0.0274544
0.0429106
0.0643134
0.0926671
0.128677
0.172605
0.224174
0.282534
0.346307
0.413703
0.482687
0.551173
0.617207
0.679121
0.735641
0.785931
0.829595
0.866624
0.897327
0.922237
0.942028
0.957426
0.969144
0.977821
0.983973
0.987946
0.98988
0.98967
0.986945
0.981065
0.97116
0.956201
0.935123
0.90698
0.871104
0.827261
0.775744
0.717417
0.653664
0.58628
0.517303
0.448821
0.38279
0.320877
0.264358
0.214068
0.170405
0.133375
0.102672
0.0777576
0.0579562
0.0425284
0.0307359
0.0218861
0.0153608
0.0106306
0.00725719
0.00488892
0.0032513
0.00213532
0.00138544
0.000888362
0.00056314
0.000353032
0.000218939
0.000134364
8.16253e-05
4.90994e-05
2.92524e-05
1.72663e-05
1.00997e-05
5.85589e-06
3.3664e-06
1.91924e-06
1.08538e-06
6.09002e-07
3.39106e-07
