VARIABLEs = X,u
ZONE I=101
datapacking=block
0
0.01
0.02
0.03
0.04
0.05
0.06
0.07
0.08
0.09
0.1
0.11
0.12
0.13
0.14
0.15
0.16
0.17
0.18
0.19
0.2
0.21
0.22
0.23
0.24
0.25
0.26
0.27
0.28
0.29
0.3
0.31
0.32
0.33
0.34
0.35
0.36
0.37
0.38
0.39
0.4
0.41
0.42
0.43
0.44
0.45
0.46
0.47
0.48
0.49
0.5
0.51
0.52
0.53
0.54
0.55
0.56
0.57
0.58
0.59
0.6
0.61
0.62
0.63
0.64
0.65
0.66
0.67
0.68
0.69
0.7
0.71
0.72
0.73
0.74
0.75
0.76
0.77
0.78
0.79
0.8
0.81
0.82
0.83
0.84
0.85
0.86
0.87
0.88
0.89
0.9
0.91
0.92
0.93
0.94
0.95
0.96
0.97
0.98
0.99
1
0
0.000152416
0.00177818
0.00990703
0.0353774
0.091918
0.187477
0.316836
0.462787
0.60459
0.726461
0.821148
0.888817
0.933916
0.962254
0.979187
0.988879
0.994221
0.997072
0.998549
0.999296
0.999664
0.999843
0.999927
0.999967
0.999985
0.999993
0.999997
0.999999
0.999999
1
0.999847
0.998222
0.990093
0.964623
0.908082
0.812523
0.683164
0.537213
0.39541
0.273539
0.178852
0.111183
0.0660837
0.0377464
0.0208128
0.0111213
0.00577852
0.00292807
0.0014506
0.000704146
0.000335549
0.000157235
7.25561e-05
3.30133e-05
1.48281e-05
6.58117e-06
2.88888e-06
1.2552e-06
5.40212e-07
2.30445e-07
9.74931e-08
4.09276e-08
1.7057e-08
7.06027e-09
2.90368e-09
1.18698e-09
4.8245e-10
1.95033e-10
7.84396e-11
3.13942e-11
1.25071e-11
4.96079e-12
1.95943e-12
7.70856e-13
3.02109e-13
1.1797e-13
4.59062e-14
1.78042e-14
6.88316e-15
2.65292e-15
1.0195e-15
3.9068e-16
1.49306e-16
5.69119e-17
2.1639e-17
8.20767e-18
3.10592e-18
1.17269e-18
4.41806e-19
1.661e-19
6.23201e-20
2.33364e-20
8.72202e-21
3.25389e-21
1.21176e-21
4.50485e-22
1.67193e-22
6.19519e-23
2.29196e-23
8.46637e-24
