VARIABLEs = X,u
ZONE I=101
datapacking=block
0
0.01
0.02
0.03
0.04
0.05
0.06
0.07
0.08
0.09
0.1
0.11
0.12
0.13
0.14
0.15
0.16
0.17
0.18
0.19
0.2
0.21
0.22
0.23
0.24
0.25
0.26
0.27
0.28
0.29
0.3
0.31
0.32
0.33
0.34
0.35
0.36
0.37
0.38
0.39
0.4
0.41
0.42
0.43
0.44
0.45
0.46
0.47
0.48
0.49
0.5
0.51
0.52
0.53
0.54
0.55
0.56
0.57
0.58
0.59
0.6
0.61
0.62
0.63
0.64
0.65
0.66
0.67
0.68
0.69
0.7
0.71
0.72
0.73
0.74
0.75
0.76
0.77
0.78
0.79
0.8
0.81
0.82
0.83
0.84
0.85
0.86
0.87
0.88
0.89
0.9
0.91
0.92
0.93
0.94
0.95
0.96
0.97
0.98
0.99
1
0
1.12829e-22
7.03303e-21
2.16946e-19
4.41597e-18
6.67365e-17
7.98804e-16
7.8893e-15
6.61382e-14
4.80507e-13
3.0739e-12
1.75345e-11
9.01067e-11
4.20699e-10
1.79744e-09
7.07107e-09
2.57507e-08
8.72194e-08
2.75914e-07
8.18279e-07
2.2828e-06
6.00919e-06
1.49683e-05
3.53732e-05
7.95012e-05
0.000170315
0.000348522
0.000682616
0.00128207
0.0023132
0.00401631
0.00672146
0.0108594
0.0169634
0.0256579
0.0376312
0.0535914
0.0742077
0.100042
0.131481
0.168671
0.211477
0.259463
0.311899
0.367798
0.425982
0.485163
0.544026
0.601321
0.655933
0.706943
0.753662
0.795642
0.832668
0.864732
0.891992
0.914725
0.933274
0.947995
0.959204
0.967137
0.97191
0.973493
0.971709
0.966232
0.956626
0.942385
0.923003
0.898043
0.867219
0.830454
0.78794
0.740152
0.687849
0.632039
0.573913
0.51477
0.455932
0.398653
0.34405
0.293044
0.246326
0.204339
0.167294
0.135187
0.107837
0.0849259
0.0660429
0.050723
0.0384825
0.0288464
0.021369
0.0156472
0.0113279
0.00810995
0.00574308
0.00402373
0.00278976
0.00191452
0.00130077
0.000875161
