VARIABLEs = X,u
ZONE I=101
datapacking=block
0
0.01
0.02
0.03
0.04
0.05
0.06
0.07
0.08
0.09
0.1
0.11
0.12
0.13
0.14
0.15
0.16
0.17
0.18
0.19
0.2
0.21
0.22
0.23
0.24
0.25
0.26
0.27
0.28
0.29
0.3
0.31
0.32
0.33
0.34
0.35
0.36
0.37
0.38
0.39
0.4
0.41
0.42
0.43
0.44
0.45
0.46
0.47
0.48
0.49
0.5
0.51
0.52
0.53
0.54
0.55
0.56
0.57
0.58
0.59
0.6
0.61
0.62
0.63
0.64
0.65
0.66
0.67
0.68
0.69
0.7
0.71
0.72
0.73
0.74
0.75
0.76
0.77
0.78
0.79
0.8
0.81
0.82
0.83
0.84
0.85
0.86
0.87
0.88
0.89
0.9
0.91
0.92
0.93
0.94
0.95
0.96
0.97
0.98
0.99
1
0
5.3966e-16
2.35651e-14
5.071e-13
7.1717e-12
7.5009e-11
6.1904e-10
4.20054e-09
2.41136e-08
1.19596e-07
5.20834e-07
2.0175e-06
7.02512e-06
2.21855e-05
6.40256e-05
0.000169969
0.000417485
0.000953732
0.00203594
0.00407866
0.00769845
0.013741
0.023273
0.0375245
0.0577753
0.0851933
0.120649
0.164542
0.216668
0.276175
0.341598
0.410997
0.482141
0.552739
0.620656
0.684087
0.741679
0.792577
0.836415
0.873253
0.903488
0.92775
0.946801
0.961446
0.97246
0.980537
0.986236
0.989946
0.991845
0.991863
0.989645
0.984542
0.975631
0.961785
0.941794
0.914541
0.879189
0.835361
0.783274
0.723791
0.658381
0.588992
0.517853
0.447257
0.379342
0.315912
0.258321
0.207423
0.163585
0.126747
0.0965113
0.0722476
0.0531918
0.0385322
0.0274756
0.0192931
0.0133469
0.00910068
0.00611881
0.00405832
0.00265639
0.00171664
0.00109568
0.000690987
0.000430725
0.000265479
0.000161849
9.76314e-05
5.82916e-05
3.44585e-05
2.01739e-05
1.17008e-05
6.72497e-06
3.83119e-06
2.164e-06
1.21218e-06
6.73551e-07
3.71333e-07
2.03163e-07
1.10333e-07
5.94889e-08
