VARIABLEs = X,u
ZONE I=101
datapacking=block
0
0.01
0.02
0.03
0.04
0.05
0.06
0.07
0.08
0.09
0.1
0.11
0.12
0.13
0.14
0.15
0.16
0.17
0.18
0.19
0.2
0.21
0.22
0.23
0.24
0.25
0.26
0.27
0.28
0.29
0.3
0.31
0.32
0.33
0.34
0.35
0.36
0.37
0.38
0.39
0.4
0.41
0.42
0.43
0.44
0.45
0.46
0.47
0.48
0.49
0.5
0.51
0.52
0.53
0.54
0.55
0.56
0.57
0.58
0.59
0.6
0.61
0.62
0.63
0.64
0.65
0.66
0.67
0.68
0.69
0.7
0.71
0.72
0.73
0.74
0.75
0.76
0.77
0.78
0.79
0.8
0.81
0.82
0.83
0.84
0.85
0.86
0.87
0.88
0.89
0.9
0.91
0.92
0.93
0.94
0.95
0.96
0.97
0.98
0.99
1
0
2.12308e-28
1.66308e-26
6.46007e-25
1.6592e-23
3.17014e-22
4.8065e-21
6.02436e-20
6.42082e-19
5.94098e-18
4.8483e-17
3.53362e-16
2.32358e-15
1.39012e-14
7.62044e-14
3.85094e-13
1.80339e-12
7.86217e-12
3.20392e-11
1.22484e-10
4.40696e-10
1.49672e-09
4.81103e-09
1.46722e-08
4.25492e-08
1.17578e-07
3.10197e-07
7.82727e-07
1.89224e-06
4.38962e-06
9.78612e-06
2.09963e-05
4.34119e-05
8.66095e-05
0.000166933
0.000311209
0.000561798
0.000983101
0.0016694
0.00275363
0.0044163
0.00689341
0.0104817
0.0155399
0.0224836
0.0317732
0.0438937
0.0593275
0.0785201
0.101843
0.129557
0.161779
0.198454
0.239343
0.284024
0.331901
0.382233
0.434173
0.486809
0.53922
0.590516
0.639884
0.686623
0.730162
0.770079
0.80609
0.838044
0.8659
0.889696
0.909522
0.925481
0.937662
0.946114
0.950822
0.951707
0.948617
0.941351
0.929676
0.913361
0.892217
0.866137
0.835128
0.799344
0.759102
0.714887
0.667343
0.617246
0.565471
0.512948
0.460613
0.409366
0.360023
0.313287
0.26972
0.229734
0.193586
0.161386
0.133112
0.108631
0.0877225
0.0701017
