VARIABLEs = X,u
ZONE I=101
datapacking=block
0
0.01
0.02
0.03
0.04
0.05
0.06
0.07
0.08
0.09
0.1
0.11
0.12
0.13
0.14
0.15
0.16
0.17
0.18
0.19
0.2
0.21
0.22
0.23
0.24
0.25
0.26
0.27
0.28
0.29
0.3
0.31
0.32
0.33
0.34
0.35
0.36
0.37
0.38
0.39
0.4
0.41
0.42
0.43
0.44
0.45
0.46
0.47
0.48
0.49
0.5
0.51
0.52
0.53
0.54
0.55
0.56
0.57
0.58
0.59
0.6
0.61
0.62
0.63
0.64
0.65
0.66
0.67
0.68
0.69
0.7
0.71
0.72
0.73
0.74
0.75
0.76
0.77
0.78
0.79
0.8
0.81
0.82
0.83
0.84
0.85
0.86
0.87
0.88
0.89
0.9
0.91
0.92
0.93
0.94
0.95
0.96
0.97
0.98
0.99
1
0
1.54773e-25
1.08857e-23
3.79314e-22
8.73154e-21
1.49389e-19
2.02649e-18
2.27059e-17
2.1616e-16
1.78509e-15
1.2992e-14
8.43878e-14
4.94184e-13
2.6313e-12
1.28297e-11
5.76332e-11
2.39794e-10
9.28373e-10
3.35822e-09
1.13918e-08
3.6358e-08
1.09506e-07
3.12096e-07
8.43807e-07
2.16924e-06
5.31394e-06
1.24291e-05
2.78094e-05
5.96268e-05
0.000122719
0.000242824
0.000462628
0.000849876
0.0015075
0.00258531
0.0042921
0.00690657
0.0107846
0.0163604
0.0241391
0.0346784
0.0485592
0.0663459
0.0885393
0.115526
0.147529
0.184572
0.226451
0.272726
0.322739
0.375639
0.430437
0.486059
0.541417
0.595466
0.647264
0.696013
0.74109
0.782054
0.818651
0.850788
0.878509
0.901958
0.921334
0.936853
0.948704
0.957014
0.961822
0.963063
0.960567
0.954072
0.94325
0.92775
0.907246
0.881495
0.850384
0.81398
0.772554
0.726596
0.676803
0.624054
0.569359
0.513806
0.458494
0.404475
0.352694
0.303951
0.258868
0.217877
0.181221
0.148966
0.121026
0.0971912
0.0771576
0.0605608
0.0470033
0.0360791
0.0273934
0.0205765
0.0152936
0.0112497
