VARIABLEs = X,u
ZONE I=101
datapacking=block
0
0.01
0.02
0.03
0.04
0.05
0.06
0.07
0.08
0.09
0.1
0.11
0.12
0.13
0.14
0.15
0.16
0.17
0.18
0.19
0.2
0.21
0.22
0.23
0.24
0.25
0.26
0.27
0.28
0.29
0.3
0.31
0.32
0.33
0.34
0.35
0.36
0.37
0.38
0.39
0.4
0.41
0.42
0.43
0.44
0.45
0.46
0.47
0.48
0.49
0.5
0.51
0.52
0.53
0.54
0.55
0.56
0.57
0.58
0.59
0.6
0.61
0.62
0.63
0.64
0.65
0.66
0.67
0.68
0.69
0.7
0.71
0.72
0.73
0.74
0.75
0.76
0.77
0.78
0.79
0.8
0.81
0.82
0.83
0.84
0.85
0.86
0.87
0.88
0.89
0.9
0.91
0.92
0.93
0.94
0.95
0.96
0.97
0.98
0.99
1
0
4.85694e-15
1.99134e-13
4.01992e-12
5.32872e-11
5.21964e-10
4.03127e-09
2.55812e-08
1.37245e-07
6.35813e-07
2.58517e-06
9.34595e-06
3.03648e-05
8.94608e-05
0.000240856
0.000596578
0.00136757
0.00291693
0.00581709
0.0108949
0.0192431
0.0321755
0.0511153
0.0774177
0.112153
0.155889
0.208529
0.269227
0.336429
0.408019
0.481539
0.554458
0.624428
0.689489
0.748201
0.799696
0.84365
0.88021
0.909879
0.933396
0.951621
0.96544
0.975695
0.983124
0.988328
0.991735
0.993561
0.993776
0.992055
0.987754
0.97991
0.9673
0.948563
0.922388
0.887731
0.844042
0.791431
0.73075
0.663557
0.591973
0.518457
0.445539
0.37557
0.31051
0.251798
0.200304
0.15635
0.11979
0.0901206
0.0666035
0.0483768
0.0345504
0.0242748
0.0167865
0.0114308
0.00766869
0.00507105
0.00330683
0.00212745
0.00135094
0.000847078
0.000524694
0.000321186
0.000194376
0.00011634
6.88913e-05
4.03742e-05
2.34255e-05
1.34603e-05
7.66197e-06
4.32183e-06
2.41635e-06
1.33947e-06
7.3638e-07
4.01581e-07
2.17295e-07
1.1669e-07
6.22037e-08
3.29225e-08
1.73041e-08
9.03385e-09
