VARIABLEs = X,u
ZONE I=101
datapacking=block
0
0.01
0.02
0.03
0.04
0.05
0.06
0.07
0.08
0.09
0.1
0.11
0.12
0.13
0.14
0.15
0.16
0.17
0.18
0.19
0.2
0.21
0.22
0.23
0.24
0.25
0.26
0.27
0.28
0.29
0.3
0.31
0.32
0.33
0.34
0.35
0.36
0.37
0.38
0.39
0.4
0.41
0.42
0.43
0.44
0.45
0.46
0.47
0.48
0.49
0.5
0.51
0.52
0.53
0.54
0.55
0.56
0.57
0.58
0.59
0.6
0.61
0.62
0.63
0.64
0.65
0.66
0.67
0.68
0.69
0.7
0.71
0.72
0.73
0.74
0.75
0.76
0.77
0.78
0.79
0.8
0.81
0.82
0.83
0.84
0.85
0.86
0.87
0.88
0.89
0.9
0.91
0.92
0.93
0.94
0.95
0.96
0.97
0.98
0.99
1
0
1.88168e-06
3.19885e-05
0.000262807
0.0013946
0.00539435
0.0162867
0.0401705
0.0837076
0.151356
0.242819
0.352322
0.470178
0.585714
0.690055
0.777719
0.846824
0.898307
0.934784
0.959495
0.975577
0.98567
0.991802
0.995418
0.997494
0.998656
0.999293
0.999634
0.999814
0.999907
0.999954
0.999976
0.999957
0.999732
0.998603
0.994605
0.983713
0.959829
0.916292
0.848644
0.757181
0.647678
0.529822
0.414286
0.309945
0.222281
0.153176
0.101693
0.065216
0.0405048
0.0244235
0.0143299
0.00819823
0.00458215
0.00250637
0.00134379
0.000707219
0.000365826
0.000186212
9.33722e-05
4.61669e-05
2.25285e-05
1.08586e-05
5.17349e-06
2.43811e-06
1.13725e-06
5.25339e-07
2.40457e-07
1.09109e-07
4.91026e-08
2.19257e-08
9.71792e-09
4.27684e-09
1.8696e-09
8.12054e-10
3.50557e-10
1.50449e-10
6.42079e-11
2.72557e-11
1.15106e-11
4.83722e-12
2.02322e-12
8.42397e-13
3.49217e-13
1.44162e-13
5.92722e-14
2.42751e-14
9.90469e-15
4.0267e-15
1.63132e-15
6.58667e-16
2.6508e-16
1.06345e-16
4.2534e-17
1.69618e-17
6.74479e-18
2.67462e-18
1.05777e-18
4.17243e-19
1.64169e-19
6.4436e-20
