VARIABLEs = X,u
ZONE I=101
datapacking=block
0
0.01
0.02
0.03
0.04
0.05
0.06
0.07
0.08
0.09
0.1
0.11
0.12
0.13
0.14
0.15
0.16
0.17
0.18
0.19
0.2
0.21
0.22
0.23
0.24
0.25
0.26
0.27
0.28
0.29
0.3
0.31
0.32
0.33
0.34
0.35
0.36
0.37
0.38
0.39
0.4
0.41
0.42
0.43
0.44
0.45
0.46
0.47
0.48
0.49
0.5
0.51
0.52
0.53
0.54
0.55
0.56
0.57
0.58
0.59
0.6
0.61
0.62
0.63
0.64
0.65
0.66
0.67
0.68
0.69
0.7
0.71
0.72
0.73
0.74
0.75
0.76
0.77
0.78
0.79
0.8
0.81
0.82
0.83
0.84
0.85
0.86
0.87
0.88
0.89
0.9
0.91
0.92
0.93
0.94
0.95
0.96
0.97
0.98
0.99
1
0
7.3787e-47
1.95535e-44
2.55192e-42
2.18647e-40
1.38327e-38
6.89088e-37
2.81495e-35
9.69648e-34
2.87439e-32
7.44701e-31
1.70685e-29
3.49481e-28
6.44371e-27
1.07702e-25
1.64104e-24
2.29033e-23
2.93997e-22
3.48333e-21
3.82117e-20
3.89151e-19
3.68798e-18
3.2592e-17
2.69079e-16
2.07872e-15
1.50478e-14
1.022e-13
6.5193e-13
3.90959e-12
2.20594e-11
1.1719e-10
5.86498e-10
2.76651e-09
1.23041e-08
5.16104e-08
2.04211e-07
7.62295e-07
2.68458e-06
8.91903e-06
2.79505e-05
8.2605e-05
0.000230172
0.000604489
0.00149572
0.00348544
0.00764577
0.0157815
0.0306381
0.0559259
0.095965
0.154798
0.234811
0.335219
0.451074
0.573488
0.691367
0.794244
0.875075
0.931799
0.967007
0.986103
0.995015
0.998521
0.999652
0.999939
0.999993
0.999999
0.999997
0.999991
0.999972
0.999917
0.99977
0.999396
0.998504
0.996515
0.992354
0.984218
0.969362
0.944074
0.904035
0.845202
0.765189
0.664781
0.548926
0.426512
0.308633
0.205756
0.124925
0.0682005
0.0329925
0.0138967
0.00498526
0.00147914
0.000348128
6.08879e-05
7.03035e-06
4.01735e-07
0
0
0
0
