VARIABLEs = X,u
ZONE I=101
datapacking=block
0
0.01
0.02
0.03
0.04
0.05
0.06
0.07
0.08
0.09
0.1
0.11
0.12
0.13
0.14
0.15
0.16
0.17
0.18
0.19
0.2
0.21
0.22
0.23
0.24
0.25
0.26
0.27
0.28
0.29
0.3
0.31
0.32
0.33
0.34
0.35
0.36
0.37
0.38
0.39
0.4
0.41
0.42
0.43
0.44
0.45
0.46
0.47
0.48
0.49
0.5
0.51
0.52
0.53
0.54
0.55
0.56
0.57
0.58
0.59
0.6
0.61
0.62
0.63
0.64
0.65
0.66
0.67
0.68
0.69
0.7
0.71
0.72
0.73
0.74
0.75
0.76
0.77
0.78
0.79
0.8
0.81
0.82
0.83
0.84
0.85
0.86
0.87
0.88
0.89
0.9
0.91
0.92
0.93
0.94
0.95
0.96
0.97
0.98
0.99
1
0
2.95148e-48
8.05754e-46
1.08381e-43
9.57503e-42
6.24907e-40
3.21299e-38
1.35534e-36
4.82348e-35
1.47806e-33
3.96067e-32
9.39442e-31
1.99178e-29
3.80506e-28
6.59372e-27
1.0423e-25
1.51019e-24
2.01392e-23
2.4807e-22
2.83129e-21
3.00231e-20
2.96503e-19
2.73289e-18
2.35529e-17
1.90113e-16
1.43931e-15
1.02337e-14
6.84119e-14
4.30409e-13
2.55068e-12
1.42487e-11
7.50786e-11
3.73341e-10
1.75281e-09
7.77229e-09
3.25584e-08
1.2887e-07
4.82013e-07
1.7037e-06
5.69024e-06
1.79565e-05
5.35288e-05
0.000150702
0.000400575
0.00100492
0.00237843
0.00530859
0.0111689
0.0221414
0.0413433
0.0726933
0.120345
0.187619
0.275592
0.381823
0.499858
0.620039
0.731636
0.825612
0.896904
0.945238
0.974238
0.989452
0.996322
0.99894
0.999757
0.999959
0.999995
0.999998
0.999994
0.999982
0.999946
0.999849
0.999599
0.998995
0.997622
0.994691
0.988831
0.977859
0.958657
0.927307
0.879655
0.812381
0.724408
0.618177
0.500142
0.379961
0.268364
0.174388
0.103096
0.0547618
0.0257616
0.0105483
0.00367782
0.00106048
0.000242567
4.1234e-05
4.62798e-06
2.5711e-07
0
0
