VARIABLEs = X,u
ZONE I=101
datapacking=block
0
0.01
0.02
0.03
0.04
0.05
0.06
0.07
0.08
0.09
0.1
0.11
0.12
0.13
0.14
0.15
0.16
0.17
0.18
0.19
0.2
0.21
0.22
0.23
0.24
0.25
0.26
0.27
0.28
0.29
0.3
0.31
0.32
0.33
0.34
0.35
0.36
0.37
0.38
0.39
0.4
0.41
0.42
0.43
0.44
0.45
0.46
0.47
0.48
0.49
0.5
0.51
0.52
0.53
0.54
0.55
0.56
0.57
0.58
0.59
0.6
0.61
0.62
0.63
0.64
0.65
0.66
0.67
0.68
0.69
0.7
0.71
0.72
0.73
0.74
0.75
0.76
0.77
0.78
0.79
0.8
0.81
0.82
0.83
0.84
0.85
0.86
0.87
0.88
0.89
0.9
0.91
0.92
0.93
0.94
0.95
0.96
0.97
0.98
0.99
1
0
5.08442e-08
2.93093e-07
-7.60843e-07
-1.94699e-06
5.00434e-06
0.00010994
0.0018861
0.021987
0.0801698
0.222502
0.445134
0.68832
0.86792
0.961194
0.990124
0.997623
0.999469
0.999891
0.999981
0.999998
1
1
1
1
1
1
1
1
1
1
1
1
1
1
0.999995
0.99989
0.998112
0.978007
0.919823
0.777494
0.554863
0.311679
0.13208
0.0388064
0.0098763
0.00237664
0.000530818
0.000109404
1.94033e-05
1.52259e-06
-8.55361e-07
-1.9147e-07
1.97853e-07
9.72822e-08
-2.47561e-08
-2.38501e-08
2.03235e-09
5.29257e-09
5.11203e-11
-1.03021e-09
-7.60104e-11
1.96443e-10
1.80217e-11
-3.52867e-11
-3.38162e-12
6.40834e-12
3.50794e-13
-1.09145e-12
-7.46338e-15
1.84968e-13
-1.49485e-14
-2.76835e-14
4.87428e-15
3.90871e-15
-1.29184e-15
-3.95308e-16
2.39516e-16
2.67538e-17
-4.18956e-17
4.52727e-18
4.70341e-18
-1.35667e-18
-4.77005e-19
3.36789e-19
-3.14372e-20
-2.85817e-20
6.27452e-21
4.86017e-21
-3.5016e-21
1.02278e-21
-1.85674e-22
1.02209e-22
-1.00797e-22
6.68299e-23
-3.31204e-23
1.44655e-23
-6.32911e-24
3.21834e-24
-2.28444e-24
0
