VARIABLEs = X,u
ZONE I=101
datapacking=block
0
0.01
0.02
0.03
0.04
0.05
0.06
0.07
0.08
0.09
0.1
0.11
0.12
0.13
0.14
0.15
0.16
0.17
0.18
0.19
0.2
0.21
0.22
0.23
0.24
0.25
0.26
0.27
0.28
0.29
0.3
0.31
0.32
0.33
0.34
0.35
0.36
0.37
0.38
0.39
0.4
0.41
0.42
0.43
0.44
0.45
0.46
0.47
0.48
0.49
0.5
0.51
0.52
0.53
0.54
0.55
0.56
0.57
0.58
0.59
0.6
0.61
0.62
0.63
0.64
0.65
0.66
0.67
0.68
0.69
0.7
0.71
0.72
0.73
0.74
0.75
0.76
0.77
0.78
0.79
0.8
0.81
0.82
0.83
0.84
0.85
0.86
0.87
0.88
0.89
0.9
0.91
0.92
0.93
0.94
0.95
0.96
0.97
0.98
0.99
1
0
-5.54206e-08
-1.05491e-08
3.43221e-07
-3.91084e-07
-2.19974e-06
1.01841e-06
4.43981e-05
0.000681814
0.00953738
0.0445239
0.133533
0.310454
0.545399
0.765355
0.910989
0.975693
0.993534
0.998413
0.999635
0.999923
0.999987
1
1
1
1
1
1
1
1
1
1
1
1
1
1
0.999999
0.999956
0.999317
0.990459
0.95547
0.866461
0.689541
0.454599
0.234644
0.0890114
0.024307
0.00646575
0.00158742
0.000364713
7.72166e-05
1.33903e-05
4.34171e-07
-8.89814e-07
-8.97441e-08
2.25328e-07
8.63593e-08
-3.26515e-08
-2.48778e-08
3.02606e-09
6.01852e-09
9.68483e-11
-1.23524e-09
-1.44622e-10
2.42381e-10
4.24742e-11
-4.45177e-11
-1.00056e-11
8.31636e-12
1.86544e-12
-1.49712e-12
-3.23311e-13
2.78692e-13
4.33745e-14
-4.90094e-14
-4.83538e-15
8.7096e-15
1.60492e-17
-1.38317e-15
1.20751e-16
2.12724e-16
-4.70979e-17
-2.56862e-17
1.02165e-17
2.62928e-18
-2.04593e-18
-7.27224e-21
2.81663e-19
-4.12667e-20
-3.68185e-20
1.50792e-20
1.28345e-21
-2.05796e-21
1.34181e-22
3.23318e-22
-1.29426e-22
3.41688e-24
9.65852e-24
2.81059e-25
-3.48899e-24
0
