VARIABLEs = X,u
ZONE I=101
datapacking=block
0
0.01
0.02
0.03
0.04
0.05
0.06
0.07
0.08
0.09
0.1
0.11
0.12
0.13
0.14
0.15
0.16
0.17
0.18
0.19
0.2
0.21
0.22
0.23
0.24
0.25
0.26
0.27
0.28
0.29
0.3
0.31
0.32
0.33
0.34
0.35
0.36
0.37
0.38
0.39
0.4
0.41
0.42
0.43
0.44
0.45
0.46
0.47
0.48
0.49
0.5
0.51
0.52
0.53
0.54
0.55
0.56
0.57
0.58
0.59
0.6
0.61
0.62
0.63
0.64
0.65
0.66
0.67
0.68
0.69
0.7
0.71
0.72
0.73
0.74
0.75
0.76
0.77
0.78
0.79
0.8
0.81
0.82
0.83
0.84
0.85
0.86
0.87
0.88
0.89
0.9
0.91
0.92
0.93
0.94
0.95
0.96
0.97
0.98
0.99
1
0
1.26168e-07
3.19392e-05
0.0010298
0.0412604
0.155825
0.377226
0.648118
0.856116
0.962959
0.99203
0.998458
0.999735
0.99996
0.999996
1
1
1
1
1
1
1
1
1
1
1
1
1
1
1
1
1
0.999967
0.998973
0.95874
0.844177
0.622774
0.351882
0.143884
0.0370411
0.00797034
0.00154187
0.000264747
3.97299e-05
4.37719e-06
-3.94225e-07
-2.5815e-07
1.12058e-07
6.47452e-08
-1.58772e-08
-9.99873e-09
2.7781e-09
1.52412e-09
-5.57083e-10
-1.61603e-10
9.18595e-11
1.43188e-11
-1.65415e-11
1.70599e-12
1.46045e-12
-3.27161e-13
-2.0757e-13
1.3711e-13
-3.09346e-14
8.63158e-16
-4.00674e-16
1.80333e-15
-1.39258e-15
6.50585e-16
-2.25535e-16
6.27574e-17
-1.45778e-17
2.89011e-18
-4.9552e-19
7.4044e-20
-9.68141e-21
1.10891e-21
-1.11113e-22
9.70317e-24
-7.33831e-25
4.76211e-26
-2.61802e-27
1.19769e-28
-4.14736e-30
-7.83587e-31
2.38848e-30
-5.77505e-30
1.28633e-29
-2.63618e-29
4.96773e-29
-8.64518e-29
1.4131e-28
-2.2524e-28
3.63297e-28
-6.02572e-28
1.17499e-27
-2.59043e-27
2.20285e-27
3.95021e-27
1.04346e-26
0
