VARIABLEs = X,u
ZONE I=101
datapacking=block
0
0.01
0.02
0.03
0.04
0.05
0.06
0.07
0.08
0.09
0.1
0.11
0.12
0.13
0.14
0.15
0.16
0.17
0.18
0.19
0.2
0.21
0.22
0.23
0.24
0.25
0.26
0.27
0.28
0.29
0.3
0.31
0.32
0.33
0.34
0.35
0.36
0.37
0.38
0.39
0.4
0.41
0.42
0.43
0.44
0.45
0.46
0.47
0.48
0.49
0.5
0.51
0.52
0.53
0.54
0.55
0.56
0.57
0.58
0.59
0.6
0.61
0.62
0.63
0.64
0.65
0.66
0.67
0.68
0.69
0.7
0.71
0.72
0.73
0.74
0.75
0.76
0.77
0.78
0.79
0.8
0.81
0.82
0.83
0.84
0.85
0.86
0.87
0.88
0.89
0.9
0.91
0.92
0.93
0.94
0.95
0.96
0.97
0.98
0.99
1
0
-1.93665e-11
7.69733e-11
4.0803e-11
-3.49692e-10
1.58635e-10
1.02948e-09
-1.29352e-09
-1.98818e-09
5.0879e-09
2.11543e-09
-1.54243e-08
4.5647e-09
3.55771e-08
-5.15174e-08
-6.69572e-08
3.45335e-07
3.25225e-07
-1.8405e-06
-4.87005e-06
-1.78092e-06
3.73364e-05
0.000270375
0.00147908
0.00844997
0.0272384
0.0785109
0.181376
0.344057
0.544514
0.736424
0.877884
0.956561
0.986388
0.995753
0.998724
0.999632
0.999901
0.999978
0.999998
1
1
1
1
1
1
1
1
1
1
1
0.999963
0.99973
0.998522
0.991555
0.972769
0.921501
0.818631
0.655948
0.455485
0.263575
0.122115
0.043439
0.0136131
0.00424692
0.00127579
0.000368415
9.92359e-05
2.19455e-05
1.60011e-06
-1.80546e-06
-8.08136e-07
2.38986e-07
3.87373e-07
1.11448e-07
-6.71632e-08
-6.1152e-08
-4.44814e-09
1.62723e-08
7.19904e-09
-2.13442e-09
-2.72923e-09
-2.64317e-10
6.66546e-10
2.6188e-10
-1.06514e-10
-9.63796e-11
3.85134e-12
2.56522e-11
4.74754e-12
-5.41532e-12
-2.27101e-12
8.91861e-13
7.11795e-13
-9.08852e-14
-1.83775e-13
-6.34861e-15
4.09709e-14
5.54165e-15
-5.2486e-15
0
