VARIABLEs = X,u
ZONE I=101
datapacking=block
0
0.01
0.02
0.03
0.04
0.05
0.06
0.07
0.08
0.09
0.1
0.11
0.12
0.13
0.14
0.15
0.16
0.17
0.18
0.19
0.2
0.21
0.22
0.23
0.24
0.25
0.26
0.27
0.28
0.29
0.3
0.31
0.32
0.33
0.34
0.35
0.36
0.37
0.38
0.39
0.4
0.41
0.42
0.43
0.44
0.45
0.46
0.47
0.48
0.49
0.5
0.51
0.52
0.53
0.54
0.55
0.56
0.57
0.58
0.59
0.6
0.61
0.62
0.63
0.64
0.65
0.66
0.67
0.68
0.69
0.7
0.71
0.72
0.73
0.74
0.75
0.76
0.77
0.78
0.79
0.8
0.81
0.82
0.83
0.84
0.85
0.86
0.87
0.88
0.89
0.9
0.91
0.92
0.93
0.94
0.95
0.96
0.97
0.98
0.99
1
0
0.00266751
0.148232
0.409374
0.708236
0.906028
0.982817
0.997282
0.99967
0.99997
0.999998
1
1
1
1
1
1
1
1
1
1
1
1
1
1
1
1
1
1
1
1
0.997332
0.851768
0.590626
0.291764
0.0939718
0.0171834
0.00271764
0.000330173
3.0369e-05
1.74758e-06
-3.30315e-07
-6.21633e-09
4.52098e-08
-2.15851e-09
-4.30911e-09
1.83537e-09
-3.79655e-10
4.85602e-11
-3.71134e-12
1.54243e-13
-1.27929e-15
4.30056e-17
-7.29351e-19
1.70302e-20
-8.0439e-23
1.49431e-24
-2.96142e-28
9.6379e-30
-2.60663e-31
6.88502e-33
-1.51478e-34
3.47276e-36
-8.4757e-38
2.6848e-39
-5.72262e-41
6.23591e-43
0
0
0
0
0
0
0
0
0
-1.56532e-44
1.7062e-42
-8.75433e-41
2.80747e-39
-6.30868e-38
1.05677e-36
-1.37281e-35
1.4236e-34
-1.20726e-33
8.56139e-33
-5.18318e-32
2.7236e-31
-1.25362e-30
5.06539e-30
-1.79877e-29
5.63981e-29
-1.5596e-28
3.71012e-28
-7.4317e-28
1.4114e-27
-2.72746e-27
1.66045e-27
6.3231e-27
8.12783e-27
0
