VARIABLEs = X,u
ZONE I=101
datapacking=block
0
0.01
0.02
0.03
0.04
0.05
0.06
0.07
0.08
0.09
0.1
0.11
0.12
0.13
0.14
0.15
0.16
0.17
0.18
0.19
0.2
0.21
0.22
0.23
0.24
0.25
0.26
0.27
0.28
0.29
0.3
0.31
0.32
0.33
0.34
0.35
0.36
0.37
0.38
0.39
0.4
0.41
0.42
0.43
0.44
0.45
0.46
0.47
0.48
0.49
0.5
0.51
0.52
0.53
0.54
0.55
0.56
0.57
0.58
0.59
0.6
0.61
0.62
0.63
0.64
0.65
0.66
0.67
0.68
0.69
0.7
0.71
0.72
0.73
0.74
0.75
0.76
0.77
0.78
0.79
0.8
0.81
0.82
0.83
0.84
0.85
0.86
0.87
0.88
0.89
0.9
0.91
0.92
0.93
0.94
0.95
0.96
0.97
0.98
0.99
1
0
-8.48292e-14
1.79757e-12
-1.2901e-12
-7.62353e-12
1.07686e-11
1.0905e-11
-4.11749e-11
-4.31006e-12
1.20202e-10
-7.4626e-11
-2.76836e-10
3.80938e-10
5.19228e-10
-1.30423e-09
-7.15543e-10
4.02651e-09
-5.21175e-11
-1.06746e-08
5.9673e-09
2.41199e-08
-5.01112e-08
-6.79156e-08
3.23696e-07
5.58159e-07
-1.14899e-06
-4.96511e-06
-6.22838e-06
1.0948e-05
0.000114006
0.000637538
0.00331809
0.0123282
0.03581
0.0912251
0.195292
0.352813
0.542955
0.72702
0.866635
0.948935
0.983289
0.994489
0.998245
0.999459
0.999842
0.99996
0.999994
1
1
1
1
1
1
1
1
1.00001
1.00001
0.999989
0.999881
0.999446
0.996812
0.988272
0.964751
0.909324
0.804688
0.647185
0.45702
0.272979
0.133361
0.0510656
0.0167089
0.00551058
0.00175561
0.000541571
0.000158125
4.01808e-05
5.94366e-06
-1.83909e-06
-1.66923e-06
-1.7311e-07
4.87448e-07
3.3493e-07
1.88831e-08
-9.82159e-08
-5.35614e-08
6.37601e-09
1.96947e-08
6.52196e-09
-3.33687e-09
-3.30359e-09
-2.68245e-10
8.78443e-10
3.90246e-10
-1.20308e-10
-1.51338e-10
-1.36475e-11
3.86489e-11
1.25389e-11
-5.52497e-12
0
