VARIABLEs = X,u
ZONE I=101
datapacking=block
0
0.01
0.02
0.03
0.04
0.05
0.06
0.07
0.08
0.09
0.1
0.11
0.12
0.13
0.14
0.15
0.16
0.17
0.18
0.19
0.2
0.21
0.22
0.23
0.24
0.25
0.26
0.27
0.28
0.29
0.3
0.31
0.32
0.33
0.34
0.35
0.36
0.37
0.38
0.39
0.4
0.41
0.42
0.43
0.44
0.45
0.46
0.47
0.48
0.49
0.5
0.51
0.52
0.53
0.54
0.55
0.56
0.57
0.58
0.59
0.6
0.61
0.62
0.63
0.64
0.65
0.66
0.67
0.68
0.69
0.7
0.71
0.72
0.73
0.74
0.75
0.76
0.77
0.78
0.79
0.8
0.81
0.82
0.83
0.84
0.85
0.86
0.87
0.88
0.89
0.9
0.91
0.92
0.93
0.94
0.95
0.96
0.97
0.98
0.99
1
0
3.62962e-15
-1.49778e-14
-1.43246e-14
1.83145e-14
2.64859e-14
-1.5055e-13
1.07844e-13
3.61473e-13
-3.75987e-13
-4.25847e-13
1.31682e-12
7.60112e-13
-4.51979e-12
1.53979e-12
8.51284e-12
-7.71761e-12
-2.23755e-11
3.12826e-11
4.30227e-11
-1.10774e-10
-5.24536e-11
3.01891e-10
3.68976e-11
-8.13701e-10
6.33068e-11
2.35146e-09
-6.78544e-10
-6.16585e-09
6.04078e-09
1.45295e-08
-4.8371e-08
-7.95372e-08
2.45123e-07
7.25387e-07
-1.47961e-07
-3.7515e-06
-8.13744e-06
-5.35358e-06
2.5805e-05
0.000259742
0.00127633
0.00490059
0.0140412
0.0380443
0.0880488
0.184573
0.327769
0.504197
0.683615
0.830039
0.926405
0.974156
0.991072
0.99698
0.999003
0.999683
0.999908
0.999979
0.999999
1
1
1
0.999999
0.999999
1
1
1.00001
1.00001
0.999967
0.999815
0.99871
0.995684
0.986366
0.963294
0.911706
0.815495
0.67213
0.49579
0.31624
0.169901
0.0735895
0.0258512
0.00892969
0.00301966
0.000996418
0.00031645
9.25358e-05
2.11663e-05
7.3337e-07
-2.77126e-06
-1.42449e-06
1.3476e-07
6.10546e-07
3.37651e-07
-8.18817e-09
-1.24302e-07
-6.39442e-08
1.38817e-08
1.42675e-08
0
