VARIABLEs = X,u
ZONE I=101
datapacking=block
0
0.01
0.02
0.03
0.04
0.05
0.06
0.07
0.08
0.09
0.1
0.11
0.12
0.13
0.14
0.15
0.16
0.17
0.18
0.19
0.2
0.21
0.22
0.23
0.24
0.25
0.26
0.27
0.28
0.29
0.3
0.31
0.32
0.33
0.34
0.35
0.36
0.37
0.38
0.39
0.4
0.41
0.42
0.43
0.44
0.45
0.46
0.47
0.48
0.49
0.5
0.51
0.52
0.53
0.54
0.55
0.56
0.57
0.58
0.59
0.6
0.61
0.62
0.63
0.64
0.65
0.66
0.67
0.68
0.69
0.7
0.71
0.72
0.73
0.74
0.75
0.76
0.77
0.78
0.79
0.8
0.81
0.82
0.83
0.84
0.85
0.86
0.87
0.88
0.89
0.9
0.91
0.92
0.93
0.94
0.95
0.96
0.97
0.98
0.99
1
0
1.83548e-05
0.00415918
0.0826071
0.264691
0.537967
0.791115
0.94048
0.988323
0.997907
0.99968
0.999959
0.999996
1
1
1
1
1
1
1
1
1
1
1
1
1
1
1
1
1
1
0.999982
0.995841
0.917393
0.735309
0.462033
0.208885
0.0595204
0.0116771
0.00209344
0.00031971
4.09393e-05
3.76823e-06
-3.22307e-07
-1.62144e-07
9.09783e-08
3.18847e-08
-1.48691e-08
-2.25192e-09
2.04046e-09
1.34684e-10
-3.39927e-10
7.93473e-11
1.08436e-11
-7.31318e-12
-1.11846e-12
2.05765e-12
-9.80382e-13
3.0012e-13
-6.8431e-14
1.22729e-14
-1.77253e-15
2.07847e-16
-1.97415e-17
1.50092e-18
-8.92717e-20
3.9993e-21
-1.27281e-22
2.69252e-24
-4.2266e-26
9.4596e-28
-1.59876e-29
2.2161e-31
-1.48013e-33
1.52083e-35
3.08304e-39
-1.26532e-37
9.95641e-37
-6.99804e-36
4.43425e-35
-2.54691e-34
1.33162e-33
-6.35721e-33
2.77703e-32
-1.11124e-31
4.07372e-31
-1.36694e-30
4.19131e-30
-1.17125e-29
2.97123e-29
-6.80987e-29
1.40659e-28
-2.62215e-28
4.39366e-28
-6.65718e-28
1.11413e-27
-2.31077e-27
1.66723e-27
4.68357e-27
1.0301e-26
0
