VARIABLEs = X,u
ZONE I=101
datapacking=block
0
0.01
0.02
0.03
0.04
0.05
0.06
0.07
0.08
0.09
0.1
0.11
0.12
0.13
0.14
0.15
0.16
0.17
0.18
0.19
0.2
0.21
0.22
0.23
0.24
0.25
0.26
0.27
0.28
0.29
0.3
0.31
0.32
0.33
0.34
0.35
0.36
0.37
0.38
0.39
0.4
0.41
0.42
0.43
0.44
0.45
0.46
0.47
0.48
0.49
0.5
0.51
0.52
0.53
0.54
0.55
0.56
0.57
0.58
0.59
0.6
0.61
0.62
0.63
0.64
0.65
0.66
0.67
0.68
0.69
0.7
0.71
0.72
0.73
0.74
0.75
0.76
0.77
0.78
0.79
0.8
0.81
0.82
0.83
0.84
0.85
0.86
0.87
0.88
0.89
0.9
0.91
0.92
0.93
0.94
0.95
0.96
0.97
0.98
0.99
1
0
1.38864e-07
-8.60935e-07
-1.05834e-06
1.00382e-05
0.000279469
0.00711483
0.0472415
0.14438
0.343338
0.596163
0.810468
0.938489
0.985
0.996442
0.999232
0.999848
0.999974
0.999997
1
1
1
1
1
1
1
1
1
1
1
1
1
1
1
0.99999
0.99972
0.992885
0.952752
0.855618
0.656661
0.403836
0.189532
0.0615112
0.0149998
0.00355773
0.000767519
0.000151761
2.64364e-05
2.74114e-06
-7.32599e-07
-2.63292e-07
1.65486e-07
9.78435e-08
-1.88948e-08
-2.10236e-08
1.84068e-09
4.29839e-09
-1.51932e-10
-7.87356e-10
1.15036e-11
1.41733e-10
-5.51409e-12
-2.35254e-11
1.88391e-12
3.81361e-12
-6.29903e-13
-5.30675e-13
1.45838e-13
6.73325e-14
-3.2064e-14
-4.80549e-15
5.13566e-15
-2.67692e-17
-7.88538e-16
1.83529e-16
5.81578e-17
-3.06992e-17
-4.50774e-18
7.04885e-18
-2.10529e-18
9.04892e-20
1.78561e-20
1.00066e-19
-9.0732e-20
4.41037e-20
-1.64802e-20
6.48368e-21
-3.26033e-21
1.78426e-21
-8.867e-22
3.79866e-22
-1.40621e-22
4.56028e-23
-1.31304e-23
3.39321e-24
-7.92872e-25
1.66634e-25
-3.07945e-26
1.00184e-26
9.08157e-27
0
