VARIABLEs = X,u
ZONE I=101
datapacking=block
0
0.01
0.02
0.03
0.04
0.05
0.06
0.07
0.08
0.09
0.1
0.11
0.12
0.13
0.14
0.15
0.16
0.17
0.18
0.19
0.2
0.21
0.22
0.23
0.24
0.25
0.26
0.27
0.28
0.29
0.3
0.31
0.32
0.33
0.34
0.35
0.36
0.37
0.38
0.39
0.4
0.41
0.42
0.43
0.44
0.45
0.46
0.47
0.48
0.49
0.5
0.51
0.52
0.53
0.54
0.55
0.56
0.57
0.58
0.59
0.6
0.61
0.62
0.63
0.64
0.65
0.66
0.67
0.68
0.69
0.7
0.71
0.72
0.73
0.74
0.75
0.76
0.77
0.78
0.79
0.8
0.81
0.82
0.83
0.84
0.85
0.86
0.87
0.88
0.89
0.9
0.91
0.92
0.93
0.94
0.95
0.96
0.97
0.98
0.99
1
0
-1.35534e-09
1.91157e-09
6.02694e-09
-1.34346e-08
-9.21784e-09
4.63862e-08
-1.97739e-08
-1.15115e-07
2.37049e-07
2.88058e-07
-1.63508e-06
-3.68531e-06
2.93723e-06
6.09162e-05
0.000488316
0.00411376
0.0203218
0.0623297
0.163493
0.330428
0.545182
0.748087
0.891994
0.965452
0.98976
0.997067
0.999196
0.999791
0.999951
0.999992
1
1
1
1
1
1
1
1
1
1
1
1
0.999997
0.999939
0.999512
0.99589
0.979688
0.937683
0.836514
0.669571
0.454819
0.251913
0.108006
0.0345482
0.0102403
0.002933
0.000803828
0.000209092
4.92268e-05
8.15563e-06
-7.72186e-07
-1.10658e-06
-4.08799e-08
3.2858e-07
1.45146e-07
-3.79222e-08
-5.10216e-08
-5.54404e-09
1.197e-08
4.65223e-09
-1.8616e-09
-1.61145e-09
1.07744e-10
4.12617e-10
5.37025e-11
-8.80063e-11
-2.69289e-11
1.60265e-11
8.37404e-12
-2.50072e-12
-2.14062e-12
3.12099e-13
4.91409e-13
-2.33798e-14
-1.04968e-13
-2.36022e-15
2.13994e-14
1.56079e-15
-4.22924e-15
-4.49995e-16
8.18155e-16
1.01919e-16
-1.56538e-16
-1.95518e-17
2.95415e-17
3.23224e-18
-5.39796e-18
-3.56035e-19
5.72214e-19
0
