VARIABLEs = X,u
ZONE I=101
datapacking=block
0
0.01
0.02
0.03
0.04
0.05
0.06
0.07
0.08
0.09
0.1
0.11
0.12
0.13
0.14
0.15
0.16
0.17
0.18
0.19
0.2
0.21
0.22
0.23
0.24
0.25
0.26
0.27
0.28
0.29
0.3
0.31
0.32
0.33
0.34
0.35
0.36
0.37
0.38
0.39
0.4
0.41
0.42
0.43
0.44
0.45
0.46
0.47
0.48
0.49
0.5
0.51
0.52
0.53
0.54
0.55
0.56
0.57
0.58
0.59
0.6
0.61
0.62
0.63
0.64
0.65
0.66
0.67
0.68
0.69
0.7
0.71
0.72
0.73
0.74
0.75
0.76
0.77
0.78
0.79
0.8
0.81
0.82
0.83
0.84
0.85
0.86
0.87
0.88
0.89
0.9
0.91
0.92
0.93
0.94
0.95
0.96
0.97
0.98
0.99
1
0
1.07603e-16
-2.34264e-16
-5.61815e-17
-5.41505e-16
-1.16314e-15
6.22561e-16
3.7979e-16
-3.65662e-16
1.86176e-15
4.76824e-15
2.16483e-15
-1.38901e-14
2.22181e-15
2.94511e-14
-6.77268e-14
-4.18832e-14
1.81538e-13
-7.17077e-14
-1.89145e-13
2.39945e-13
5.42625e-13
-3.46596e-13
-1.57599e-12
1.83153e-12
3.83705e-12
-8.75646e-12
-5.43299e-12
2.18457e-11
4.05851e-12
-5.53693e-11
-7.812e-12
1.60186e-10
1.04373e-11
-5.16397e-10
1.09392e-10
1.33478e-09
-6.34651e-10
-2.53529e-09
4.43356e-09
8.7846e-09
-3.08293e-08
-9.18534e-08
6.76616e-08
6.44896e-07
7.64325e-07
-1.60548e-06
-6.85654e-06
-1.07907e-05
4.26506e-08
7.69442e-05
0.00046614
0.00186972
0.00541245
0.0154814
0.037014
0.0853942
0.172622
0.304503
0.469202
0.643475
0.79414
0.901718
0.962118
0.98667
0.995287
0.998374
0.999455
0.999827
0.999952
0.999992
1
1
1
0.999999
0.999999
1
1.00001
1.00001
1
0.99992
0.999523
0.998119
0.994515
0.984444
0.962783
0.914435
0.827226
0.695358
0.530651
0.356391
0.205763
0.0982771
0.037798
0.0133888
0.00475219
0.00154458
0.000613017
0.000187182
1.80881e-05
0
