VARIABLEs = X,u
ZONE I=101
datapacking=block
0
0.01
0.02
0.03
0.04
0.05
0.06
0.07
0.08
0.09
0.1
0.11
0.12
0.13
0.14
0.15
0.16
0.17
0.18
0.19
0.2
0.21
0.22
0.23
0.24
0.25
0.26
0.27
0.28
0.29
0.3
0.31
0.32
0.33
0.34
0.35
0.36
0.37
0.38
0.39
0.4
0.41
0.42
0.43
0.44
0.45
0.46
0.47
0.48
0.49
0.5
0.51
0.52
0.53
0.54
0.55
0.56
0.57
0.58
0.59
0.6
0.61
0.62
0.63
0.64
0.65
0.66
0.67
0.68
0.69
0.7
0.71
0.72
0.73
0.74
0.75
0.76
0.77
0.78
0.79
0.8
0.81
0.82
0.83
0.84
0.85
0.86
0.87
0.88
0.89
0.9
0.91
0.92
0.93
0.94
0.95
0.96
0.97
0.98
0.99
1
0
2.35871e-15
-6.00835e-16
4.2587e-15
6.24739e-15
-2.70203e-14
3.86577e-15
2.35747e-14
-2.0807e-14
-1.32422e-13
2.28414e-13
1.60212e-13
-4.74949e-13
6.99349e-14
1.25334e-12
-3.74153e-13
-3.58067e-12
3.37015e-12
6.72833e-12
-1.43156e-11
-9.55422e-12
3.67188e-11
6.91637e-12
-9.20742e-11
-2.48338e-12
2.62921e-10
-5.12699e-11
-7.95697e-10
4.17569e-10
2.1404e-09
-1.72461e-09
-4.52653e-09
8.13049e-09
9.04071e-09
-5.62208e-08
-7.26925e-08
2.76738e-07
7.65403e-07
-1.43819e-07
-3.8585e-06
-8.46803e-06
-6.65293e-06
2.99982e-05
0.000180096
0.00119164
0.00383662
0.0122913
0.0320075
0.077961
0.164611
0.298539
0.468056
0.647708
0.80125
0.908416
0.966157
0.988293
0.995967
0.998644
0.999559
0.999866
0.999966
0.999996
1
1
1
0.999999
0.999999
1
1
1.00001
1.00001
0.999968
0.999787
0.998752
0.995995
0.987454
0.967278
0.921997
0.83503
0.701464
0.531737
0.352208
0.198665
0.091562
0.0338379
0.0117073
0.00403154
0.00135502
0.000440937
0.000134498
3.44125e-05
4.04762e-06
-2.73779e-06
-2.10053e-06
-2.86622e-07
5.99238e-07
5.05676e-07
5.47859e-08
-9.77939e-08
0
