VARIABLEs = X,u
ZONE I=101
datapacking=block
0
0.01
0.02
0.03
0.04
0.05
0.06
0.07
0.08
0.09
0.1
0.11
0.12
0.13
0.14
0.15
0.16
0.17
0.18
0.19
0.2
0.21
0.22
0.23
0.24
0.25
0.26
0.27
0.28
0.29
0.3
0.31
0.32
0.33
0.34
0.35
0.36
0.37
0.38
0.39
0.4
0.41
0.42
0.43
0.44
0.45
0.46
0.47
0.48
0.49
0.5
0.51
0.52
0.53
0.54
0.55
0.56
0.57
0.58
0.59
0.6
0.61
0.62
0.63
0.64
0.65
0.66
0.67
0.68
0.69
0.7
0.71
0.72
0.73
0.74
0.75
0.76
0.77
0.78
0.79
0.8
0.81
0.82
0.83
0.84
0.85
0.86
0.87
0.88
0.89
0.9
0.91
0.92
0.93
0.94
0.95
0.96
0.97
0.98
0.99
1
0
-3.80109e-12
9.79543e-13
1.66065e-11
-2.22027e-11
-4.12008e-11
1.0549e-10
3.96878e-11
-3.39303e-10
1.44124e-10
8.37347e-10
-9.0649e-10
-1.748e-09
3.6138e-09
2.67612e-09
-1.11497e-08
-7.40145e-10
2.94397e-08
-2.98917e-08
-8.88132e-08
2.39707e-07
5.52708e-07
-8.96383e-07
-4.46404e-06
-5.69248e-06
1.09256e-05
0.000115564
0.000650399
0.0035605
0.0137861
0.0402928
0.103006
0.217967
0.386861
0.583468
0.762957
0.891802
0.961581
0.987581
0.99602
0.998766
0.999632
0.999897
0.999977
0.999998
1
1
1
1
1
1
1
1
1
1.00001
0.999989
0.99989
0.99933
0.996428
0.986127
0.959657
0.896939
0.782047
0.613142
0.416533
0.237042
0.108199
0.0384195
0.0124187
0.00397895
0.00123399
0.000368547
0.000102616
2.33968e-05
1.77894e-06
-2.04575e-06
-1.02601e-06
1.92618e-07
4.5667e-07
1.78224e-07
-5.63798e-08
-8.19838e-08
-1.92076e-08
1.70448e-08
1.28847e-08
-3.92739e-12
-3.82245e-09
-1.38799e-09
6.19339e-10
6.03932e-10
1.92672e-11
-1.6224e-10
-5.33352e-11
2.90371e-11
2.2254e-11
-1.90522e-12
-6.40711e-12
-8.51974e-13
1.418e-12
1.1443e-13
0
