VARIABLEs = X,u
ZONE I=101
datapacking=block
0
0.01
0.02
0.03
0.04
0.05
0.06
0.07
0.08
0.09
0.1
0.11
0.12
0.13
0.14
0.15
0.16
0.17
0.18
0.19
0.2
0.21
0.22
0.23
0.24
0.25
0.26
0.27
0.28
0.29
0.3
0.31
0.32
0.33
0.34
0.35
0.36
0.37
0.38
0.39
0.4
0.41
0.42
0.43
0.44
0.45
0.46
0.47
0.48
0.49
0.5
0.51
0.52
0.53
0.54
0.55
0.56
0.57
0.58
0.59
0.6
0.61
0.62
0.63
0.64
0.65
0.66
0.67
0.68
0.69
0.7
0.71
0.72
0.73
0.74
0.75
0.76
0.77
0.78
0.79
0.8
0.81
0.82
0.83
0.84
0.85
0.86
0.87
0.88
0.89
0.9
0.91
0.92
0.93
0.94
0.95
0.96
0.97
0.98
0.99
1
0
9.8024e-13
-3.54517e-12
-4.18685e-12
1.60682e-11
-2.21678e-12
-5.30185e-11
5.09263e-11
1.08255e-10
-2.14345e-10
-1.61243e-10
7.11693e-10
-1.19133e-11
-1.9052e-09
1.14223e-09
4.61569e-09
-5.42994e-09
-9.50516e-09
2.0255e-08
7.30008e-09
-8.8378e-08
4.45515e-08
5.28108e-07
9.61972e-08
-2.76624e-06
-6.09951e-06
-1.9675e-06
4.18611e-05
0.000292248
0.00142173
0.00714143
0.0218453
0.0617389
0.144092
0.28239
0.464545
0.658983
0.819473
0.924506
0.974848
0.991715
0.997358
0.999182
0.999758
0.999935
0.999987
1
1
1
1
1
1
1
1
1
1.00001
1
0.999957
0.999732
0.998556
0.992996
0.978172
0.938391
0.855835
0.717619
0.535448
0.341013
0.180524
0.0754946
0.0251516
0.00828419
0.00264244
0.000818034
0.000242292
6.5179e-05
1.28063e-05
-6.04556e-07
-1.99772e-06
-5.80355e-07
3.82992e-07
4.12965e-07
9.38773e-08
-8.47797e-08
-7.00191e-08
-5.27244e-09
1.94972e-08
9.86573e-09
-1.91233e-09
-3.70213e-09
-8.177e-10
7.88875e-10
5.08821e-10
-5.651e-11
-1.61568e-10
-3.38161e-11
3.46312e-11
1.91709e-11
-4.70213e-12
-5.84411e-12
6.27947e-13
0
