VARIABLEs = X,u
ZONE I=101
datapacking=block
0
0.01
0.02
0.03
0.04
0.05
0.06
0.07
0.08
0.09
0.1
0.11
0.12
0.13
0.14
0.15
0.16
0.17
0.18
0.19
0.2
0.21
0.22
0.23
0.24
0.25
0.26
0.27
0.28
0.29
0.3
0.31
0.32
0.33
0.34
0.35
0.36
0.37
0.38
0.39
0.4
0.41
0.42
0.43
0.44
0.45
0.46
0.47
0.48
0.49
0.5
0.51
0.52
0.53
0.54
0.55
0.56
0.57
0.58
0.59
0.6
0.61
0.62
0.63
0.64
0.65
0.66
0.67
0.68
0.69
0.7
0.71
0.72
0.73
0.74
0.75
0.76
0.77
0.78
0.79
0.8
0.81
0.82
0.83
0.84
0.85
0.86
0.87
0.88
0.89
0.9
0.91
0.92
0.93
0.94
0.95
0.96
0.97
0.98
0.99
1
0
-1.66006e-14
-9.82836e-15
4.23214e-14
-4.37999e-14
-9.68146e-14
2.1267e-13
3.34673e-13
-7.94038e-13
1.29088e-13
1.95278e-12
-1.36714e-12
-4.39561e-12
5.48809e-12
8.04794e-12
-2.23298e-11
-7.45133e-12
5.4797e-11
-2.4584e-13
-1.58605e-10
8.5888e-11
3.85669e-10
-3.98802e-10
-8.67066e-10
1.30462e-09
2.13409e-09
-4.02826e-09
-4.09207e-09
1.48235e-08
-1.73463e-09
-8.48531e-08
1.11947e-08
5.10228e-07
5.75886e-07
-1.60401e-06
-6.11581e-06
-8.4413e-06
4.84152e-06
0.000106198
0.000505377
0.00272625
0.00807647
0.0245646
0.0610799
0.138373
0.26379
0.430751
0.614865
0.778328
0.895832
0.961058
0.986763
0.995495
0.998507
0.99952
0.999855
0.999963
0.999995
1
1
1
0.999999
0.999999
0.999999
1
1.00001
1.00001
0.999994
0.999916
0.999401
0.997279
0.991393
0.975096
0.938065
0.86152
0.736203
0.569171
0.384938
0.221593
0.104161
0.038949
0.013239
0.00450558
0.00149249
0.000478992
0.000144742
3.72767e-05
4.95732e-06
-2.40876e-06
-1.99816e-06
-2.74307e-07
5.56604e-07
4.50313e-07
7.76167e-08
-1.09799e-07
-8.78327e-08
-1.03401e-08
2.59914e-08
1.43358e-08
-3.42107e-09
0
