VARIABLEs = X,u
ZONE I=101
datapacking=block
0
0.01
0.02
0.03
0.04
0.05
0.06
0.07
0.08
0.09
0.1
0.11
0.12
0.13
0.14
0.15
0.16
0.17
0.18
0.19
0.2
0.21
0.22
0.23
0.24
0.25
0.26
0.27
0.28
0.29
0.3
0.31
0.32
0.33
0.34
0.35
0.36
0.37
0.38
0.39
0.4
0.41
0.42
0.43
0.44
0.45
0.46
0.47
0.48
0.49
0.5
0.51
0.52
0.53
0.54
0.55
0.56
0.57
0.58
0.59
0.6
0.61
0.62
0.63
0.64
0.65
0.66
0.67
0.68
0.69
0.7
0.71
0.72
0.73
0.74
0.75
0.76
0.77
0.78
0.79
0.8
0.81
0.82
0.83
0.84
0.85
0.86
0.87
0.88
0.89
0.9
0.91
0.92
0.93
0.94
0.95
0.96
0.97
0.98
0.99
1
0
-5.76751e-09
3.34094e-08
-8.28872e-09
-1.26564e-07
1.87595e-07
2.82803e-07
-1.4842e-06
-2.82668e-06
6.67502e-06
9.63557e-05
0.000914139
0.00999566
0.0396981
0.121966
0.279771
0.497829
0.719804
0.880096
0.962837
0.989609
0.997214
0.999293
0.999831
0.999964
0.999995
1
1
1
1
1
1
1
1
1
1
1
1
1
0.999993
0.999904
0.999084
0.990002
0.960297
0.878029
0.720225
0.502168
0.280196
0.119904
0.0371629
0.0103913
0.0027859
0.000706775
0.000168587
3.58877e-05
4.88039e-06
-9.45009e-07
-6.81982e-07
1.34792e-07
2.41041e-07
4.17885e-08
-4.80591e-08
-2.14758e-08
6.78123e-09
6.55589e-09
-3.62686e-10
-1.55108e-09
-1.62903e-10
3.23152e-10
7.451e-11
-6.05064e-11
-2.18064e-11
1.08655e-11
5.17632e-12
-1.85872e-12
-1.12818e-12
3.28522e-13
2.23684e-13
-5.80169e-14
-4.28712e-14
1.12084e-14
7.58255e-15
-2.15485e-15
-1.30812e-15
4.44862e-16
2.01526e-16
-8.64391e-17
-2.95848e-17
1.72238e-17
3.33271e-18
-3.06643e-18
-2.81287e-19
5.43114e-19
-2.36263e-20
-8.03314e-20
1.26247e-20
1.14055e-20
-3.75415e-21
-1.02371e-21
4.1025e-22
0
