VARIABLEs = X,u
ZONE I=101
datapacking=block
0
0.01
0.02
0.03
0.04
0.05
0.06
0.07
0.08
0.09
0.1
0.11
0.12
0.13
0.14
0.15
0.16
0.17
0.18
0.19
0.2
0.21
0.22
0.23
0.24
0.25
0.26
0.27
0.28
0.29
0.3
0.31
0.32
0.33
0.34
0.35
0.36
0.37
0.38
0.39
0.4
0.41
0.42
0.43
0.44
0.45
0.46
0.47
0.48
0.49
0.5
0.51
0.52
0.53
0.54
0.55
0.56
0.57
0.58
0.59
0.6
0.61
0.62
0.63
0.64
0.65
0.66
0.67
0.68
0.69
0.7
0.71
0.72
0.73
0.74
0.75
0.76
0.77
0.78
0.79
0.8
0.81
0.82
0.83
0.84
0.85
0.86
0.87
0.88
0.89
0.9
0.91
0.92
0.93
0.94
0.95
0.96
0.97
0.98
0.99
1
0
-8.18058e-14
-7.73442e-13
1.8897e-12
6.22057e-13
-6.9512e-12
2.22697e-12
1.7508e-11
-2.24079e-11
-3.48043e-11
8.54297e-11
3.35059e-11
-2.45686e-10
4.96691e-11
6.50504e-10
-5.03297e-10
-1.47382e-09
2.11142e-09
3.11842e-09
-7.0549e-09
-4.85874e-09
2.2241e-08
-8.9486e-09
-9.29465e-08
1.02506e-07
5.91633e-07
-4.95329e-09
-3.12828e-06
-6.6507e-06
-2.5413e-06
4.26992e-05
0.000275479
0.00137314
0.00645269
0.0194521
0.0545488
0.127958
0.254906
0.427518
0.619464
0.787263
0.904489
0.966219
0.988793
0.996332
0.998834
0.999642
0.999898
0.999976
0.999998
1
1
1
1
1
0.999999
1
1
1.00001
1
0.999965
0.999703
0.998697
0.9935
0.98082
0.94559
0.872415
0.745135
0.57246
0.380565
0.212764
0.0955065
0.0337792
0.0112062
0.00366817
0.00116666
0.000357561
0.000101911
2.35657e-05
1.65804e-06
-2.28785e-06
-1.20062e-06
1.55943e-07
5.13904e-07
2.39176e-07
-4.08164e-08
-9.85516e-08
-3.51833e-08
1.50318e-08
1.80191e-08
3.21253e-09
-4.223e-09
-2.6999e-09
2.17498e-10
8.89197e-10
2.6075e-10
-1.71897e-10
-1.28232e-10
1.41044e-11
2.03328e-11
0
