VARIABLEs = X,u
ZONE I=101
datapacking=block
0
0.01
0.02
0.03
0.04
0.05
0.06
0.07
0.08
0.09
0.1
0.11
0.12
0.13
0.14
0.15
0.16
0.17
0.18
0.19
0.2
0.21
0.22
0.23
0.24
0.25
0.26
0.27
0.28
0.29
0.3
0.31
0.32
0.33
0.34
0.35
0.36
0.37
0.38
0.39
0.4
0.41
0.42
0.43
0.44
0.45
0.46
0.47
0.48
0.49
0.5
0.51
0.52
0.53
0.54
0.55
0.56
0.57
0.58
0.59
0.6
0.61
0.62
0.63
0.64
0.65
0.66
0.67
0.68
0.69
0.7
0.71
0.72
0.73
0.74
0.75
0.76
0.77
0.78
0.79
0.8
0.81
0.82
0.83
0.84
0.85
0.86
0.87
0.88
0.89
0.9
0.91
0.92
0.93
0.94
0.95
0.96
0.97
0.98
0.99
1
0
0
8.67362e-19
2.68882e-17
4.23706e-16
4.52416e-15
3.68152e-14
2.43478e-13
1.3629e-12
6.64018e-12
2.87388e-11
1.12222e-10
4.00241e-10
1.31666e-09
4.02775e-09
1.15354e-08
3.11088e-08
7.939e-08
1.92549e-07
4.45492e-07
9.8651e-07
2.09702e-06
4.29028e-06
8.46792e-06
1.61586e-05
2.9868e-05
5.35738e-05
9.33997e-05
0.0001585
0.000262177
0.000423248
0.000667631
0.00103013
0.00155634
0.00230455
0.00334751
0.00477391
0.00668935
0.00921668
0.0124954
0.01668
0.0219376
0.028444
0.0363785
0.0459188
0.0572341
0.0704781
0.0857822
0.103249
0.122945
0.144897
0.169088
0.195455
0.223887
0.254227
0.286275
0.319791
0.354503
0.390107
0.426281
0.462684
0.49897
0.534786
0.569785
0.603624
0.635972
0.666511
0.694941
0.720978
0.744359
0.764843
0.782212
0.796278
0.806878
0.813885
0.817207
0.816789
0.812621
0.804736
0.793213
0.77818
0.75981
0.738322
0.713975
0.687068
0.657929
0.626913
0.59439
0.56074
0.526345
0.491579
0.456801
0.42235
0.388536
0.355637
0.323898
0.293523
0.26468
0.237496
0.212061
0.188431
