VARIABLEs = X,u
ZONE I=101
datapacking=block
0
0.01
0.02
0.03
0.04
0.05
0.06
0.07
0.08
0.09
0.1
0.11
0.12
0.13
0.14
0.15
0.16
0.17
0.18
0.19
0.2
0.21
0.22
0.23
0.24
0.25
0.26
0.27
0.28
0.29
0.3
0.31
0.32
0.33
0.34
0.35
0.36
0.37
0.38
0.39
0.4
0.41
0.42
0.43
0.44
0.45
0.46
0.47
0.48
0.49
0.5
0.51
0.52
0.53
0.54
0.55
0.56
0.57
0.58
0.59
0.6
0.61
0.62
0.63
0.64
0.65
0.66
0.67
0.68
0.69
0.7
0.71
0.72
0.73
0.74
0.75
0.76
0.77
0.78
0.79
0.8
0.81
0.82
0.83
0.84
0.85
0.86
0.87
0.88
0.89
0.9
0.91
0.92
0.93
0.94
0.95
0.96
0.97
0.98
0.99
1
0
0
1.38778e-17
4.02456e-16
5.93969e-15
5.94663e-14
4.54225e-13
2.82278e-12
1.48629e-11
6.81836e-11
2.78134e-10
1.02462e-09
3.45071e-09
1.0729e-08
3.10475e-08
8.41882e-08
2.15142e-07
5.20701e-07
1.19866e-06
2.63434e-06
5.54557e-06
1.12148e-05
2.18447e-05
4.10796e-05
7.47408e-05
0.000131818
0.000225759
0.000376063
0.000610191
0.000965719
0.00149266
0.00225582
0.00333696
0.00483661
0.00687519
0.0095933
0.0131508
0.0177248
0.0235058
0.0306929
0.0394878
0.0500867
0.0626728
0.0774079
0.0944233
0.113813
0.135626
0.159862
0.186469
0.215339
0.246311
0.279175
0.313674
0.349513
0.386362
0.423872
0.461673
0.49939
0.536647
0.573072
0.608306
0.642002
0.67383
0.70348
0.730661
0.755105
0.776564
0.794813
0.809653
0.820913
0.828452
0.832164
0.83198
0.827877
0.819875
0.808045
0.79251
0.773443
0.75107
0.725664
0.697539
0.667049
0.634576
0.600522
0.565303
0.529333
0.493021
0.456759
0.420913
0.38582
0.351777
0.319043
0.287833
0.258317
0.230622
0.204833
0.180997
0.159122
0.139187
0.121143
0.104919
