VARIABLEs = X,u
ZONE I=101
datapacking=block
0
0.01
0.02
0.03
0.04
0.05
0.06
0.07
0.08
0.09
0.1
0.11
0.12
0.13
0.14
0.15
0.16
0.17
0.18
0.19
0.2
0.21
0.22
0.23
0.24
0.25
0.26
0.27
0.28
0.29
0.3
0.31
0.32
0.33
0.34
0.35
0.36
0.37
0.38
0.39
0.4
0.41
0.42
0.43
0.44
0.45
0.46
0.47
0.48
0.49
0.5
0.51
0.52
0.53
0.54
0.55
0.56
0.57
0.58
0.59
0.6
0.61
0.62
0.63
0.64
0.65
0.66
0.67
0.68
0.69
0.7
0.71
0.72
0.73
0.74
0.75
0.76
0.77
0.78
0.79
0.8
0.81
0.82
0.83
0.84
0.85
0.86
0.87
0.88
0.89
0.9
0.91
0.92
0.93
0.94
0.95
0.96
0.97
0.98
0.99
1
0
0
1.45519e-11
2.76486e-10
2.69938e-09
1.80444e-08
9.28512e-08
3.92079e-07
1.41444e-06
4.48152e-06
1.27243e-05
3.28733e-05
7.82086e-05
0.000173001
0.000358635
0.000701344
0.00130109
0.00230065
0.00389372
0.00633017
0.00991716
0.0150145
0.0220233
0.0313683
0.0434744
0.0587387
0.077501
0.100016
0.126427
0.156752
0.190866
0.22851
0.269291
0.312703
0.35815
0.404974
0.452487
0.499999
0.546848
0.592427
0.636194
0.67769
0.71654
0.75245
0.785195
0.814605
0.840546
0.8629
0.881548
0.896353
0.907157
0.913779
0.916019
0.913681
0.906588
0.89461
0.877686
0.855848
0.82924
0.798124
0.762885
0.724019
0.682124
0.63787
0.591979
0.545192
0.498241
0.45182
0.406564
0.363029
0.321678
0.282876
0.246888
0.213881
0.183931
0.157035
0.13312
0.11206
0.093685
0.077796
0.0641752
0.0525963
0.0428328
0.0346648
0.0278833
0.0222947
0.0177219
0.0140064
0.0110079
0.00860383
0.00668868
0.00517249
0.00397941
0.0030461
0.00232018
0.00175872
0.00132682
0.000996356
0.000744804
0.000554289
0.000410712
