VARIABLEs = X,u
ZONE I=101
datapacking=block
0
0.01
0.02
0.03
0.04
0.05
0.06
0.07
0.08
0.09
0.1
0.11
0.12
0.13
0.14
0.15
0.16
0.17
0.18
0.19
0.2
0.21
0.22
0.23
0.24
0.25
0.26
0.27
0.28
0.29
0.3
0.31
0.32
0.33
0.34
0.35
0.36
0.37
0.38
0.39
0.4
0.41
0.42
0.43
0.44
0.45
0.46
0.47
0.48
0.49
0.5
0.51
0.52
0.53
0.54
0.55
0.56
0.57
0.58
0.59
0.6
0.61
0.62
0.63
0.64
0.65
0.66
0.67
0.68
0.69
0.7
0.71
0.72
0.73
0.74
0.75
0.76
0.77
0.78
0.79
0.8
0.81
0.82
0.83
0.84
0.85
0.86
0.87
0.88
0.89
0.9
0.91
0.92
0.93
0.94
0.95
0.96
0.97
0.98
0.99
1
0
0
3.72529e-09
5.58794e-08
4.33996e-07
2.32458e-06
9.6506e-06
3.30938e-05
9.75628e-05
0.00025413
0.000596621
0.0012816
0.00254882
0.00473765
0.0082945
0.0137666
0.0217793
0.032997
0.0480709
0.0675782
0.0919624
0.12148
0.156163
0.195801
0.239944
0.287925
0.338904
0.391923
0.445962
0.5
0.553073
0.604317
0.652998
0.698538
0.740519
0.778677
0.812891
0.843151
0.869528
0.892134
0.911075
0.926415
0.938135
0.946112
0.950114
0.949813
0.944818
0.934721
0.919163
0.897888
0.8708
0.838
0.799813
0.75678
0.709641
0.659298
0.606756
0.553073
0.499298
0.446418
0.395317
0.34674
0.301275
0.259346
0.221219
0.18701
0.156705
0.130185
0.107247
0.0876273
0.0710249
0.0571198
0.0455882
0.0361155
0.028405
0.0221839
0.0172069
0.0132577
0.0101487
0.00771981
0.00583614
0.00438571
0.00327655
0.00243401
0.00179813
0.00132122
0.000965701
0.000702236
0.000508103
0.00036585
0.000262174
0.000187009
0.000132791
9.3877e-05
6.60811e-05
4.63199e-05
3.2335e-05
2.2482e-05
1.55702e-05
1.07421e-05
7.38344e-06
