VARIABLEs = X,u
ZONE I=101
datapacking=block
0
0.01
0.02
0.03
0.04
0.05
0.06
0.07
0.08
0.09
0.1
0.11
0.12
0.13
0.14
0.15
0.16
0.17
0.18
0.19
0.2
0.21
0.22
0.23
0.24
0.25
0.26
0.27
0.28
0.29
0.3
0.31
0.32
0.33
0.34
0.35
0.36
0.37
0.38
0.39
0.4
0.41
0.42
0.43
0.44
0.45
0.46
0.47
0.48
0.49
0.5
0.51
0.52
0.53
0.54
0.55
0.56
0.57
0.58
0.59
0.6
0.61
0.62
0.63
0.64
0.65
0.66
0.67
0.68
0.69
0.7
0.71
0.72
0.73
0.74
0.75
0.76
0.77
0.78
0.79
0.8
0.81
0.82
0.83
0.84
0.85
0.86
0.87
0.88
0.89
0.9
0.91
0.92
0.93
0.94
0.95
0.96
0.97
0.98
0.99
1
0
-0.008312
0.0259188
0.0315667
-0.0453944
-0.0676753
0.0303835
0.0903471
0.067669
-0.0115053
-0.200282
-0.211737
0.0170494
0.132761
0.590029
0.611181
1.03382
0.830909
1.20268
0.927601
0.986923
1.0643
0.81973
1.01282
1.15724
0.927069
0.940799
1.09521
0.982239
0.899147
1.05199
1.10917
0.95632
0.873228
0.986194
1.1406
1.12688
0.896697
0.752394
0.945392
1.19146
1.26769
1.22088
0.937069
0.632775
0.388819
0.188984
0.0992606
0.0352483
0.0164498
0.00425522
0.0018087
0.000333209
0.000131208
1.63615e-05
6.04242e-06
4.58211e-07
1.60187e-07
5.58794e-09
1.86265e-09
0
0
0
0
0
0
0
0
0
0
0
0
0
0
0
0
0
0
0
0
0
0
0
0
0
0
0
0
0
0
0
0
0
0
0
0
0
0
0
0
0
