VARIABLEs = X,u
ZONE I=101
datapacking=block
0
0.01
0.02
0.03
0.04
0.05
0.06
0.07
0.08
0.09
0.1
0.11
0.12
0.13
0.14
0.15
0.16
0.17
0.18
0.19
0.2
0.21
0.22
0.23
0.24
0.25
0.26
0.27
0.28
0.29
0.3
0.31
0.32
0.33
0.34
0.35
0.36
0.37
0.38
0.39
0.4
0.41
0.42
0.43
0.44
0.45
0.46
0.47
0.48
0.49
0.5
0.51
0.52
0.53
0.54
0.55
0.56
0.57
0.58
0.59
0.6
0.61
0.62
0.63
0.64
0.65
0.66
0.67
0.68
0.69
0.7
0.71
0.72
0.73
0.74
0.75
0.76
0.77
0.78
0.79
0.8
0.81
0.82
0.83
0.84
0.85
0.86
0.87
0.88
0.89
0.9
0.91
0.92
0.93
0.94
0.95
0.96
0.97
0.98
0.99
1
0
-0.0167694
0.0577698
0.074646
-0.0867004
-0.163391
-0.0821228
0.049469
0.499786
0.634674
0.888702
0.929016
0.987396
0.992737
0.999306
0.999619
1.00034
0.999672
1.00621
0.99498
1.05217
0.964706
1.20186
0.900406
1.24846
0.968002
0.832809
1.10869
1.00584
0.874435
1.0687
1.14233
0.948074
0.816666
0.91951
1.19539
1.33058
1.05013
0.702072
0.40062
0.163467
0.076004
0.0188141
0.00758362
0.00105286
0.00038147
2.28882e-05
7.62939e-06
0
0
0
0
0
0
0
0
0
0
0
0
0
0
0
0
0
0
0
0
0
0
0
0
0
0
0
0
0
0
0
0
0
0
0
0
0
0
0
0
0
0
0
0
0
0
0
0
0
0
0
0
0
