VARIABLEs = X,u
ZONE I=101
datapacking=block
0
0.01
0.02
0.03
0.04
0.05
0.06
0.07
0.08
0.09
0.1
0.11
0.12
0.13
0.14
0.15
0.16
0.17
0.18
0.19
0.2
0.21
0.22
0.23
0.24
0.25
0.26
0.27
0.28
0.29
0.3
0.31
0.32
0.33
0.34
0.35
0.36
0.37
0.38
0.39
0.4
0.41
0.42
0.43
0.44
0.45
0.46
0.47
0.48
0.49
0.5
0.51
0.52
0.53
0.54
0.55
0.56
0.57
0.58
0.59
0.6
0.61
0.62
0.63
0.64
0.65
0.66
0.67
0.68
0.69
0.7
0.71
0.72
0.73
0.74
0.75
0.76
0.77
0.78
0.79
0.8
0.81
0.82
0.83
0.84
0.85
0.86
0.87
0.88
0.89
0.9
0.91
0.92
0.93
0.94
0.95
0.96
0.97
0.98
0.99
1
0
0.0177498
-0.168533
-0.0399456
0.14371
0.0180393
0.020747
0.0477304
-0.0780124
-0.0757009
-0.0224162
-0.00313678
-0.00394312
0.0827127
0.171022
-0.0464496
-0.0407883
0.0526307
-0.114745
-0.118322
-0.144508
-0.0110069
-0.12135
-0.0178706
-0.00686683
-0.0416239
-0.127801
0.00307021
0.153301
0.0527784
-0.163667
-0.0963258
0.0816269
0.0498659
0.000125238
0.0544463
0.0462913
-0.0552931
-0.187296
-0.118008
0.146792
0.19756
0.11891
0.0303212
-0.101119
-0.0769341
-0.176768
-0.290402
-0.221464
-0.0285596
0.355427
0.384682
0.518709
0.569541
0.79423
0.934135
1.0467
0.939885
0.852412
0.902404
1.01799
1.10253
1.11929
0.990827
0.864382
0.878471
0.957556
1.08747
1.1803
1.11104
0.994093
0.868813
0.784386
0.853836
0.96918
1.12338
1.25664
1.2709
1.23556
1.08365
0.907551
0.708993
0.517646
0.368389
0.237295
0.156349
0.0896773
0.0553496
0.0284617
0.0166003
0.00769044
0.00426733
0.00178725
0.00094854
0.00035999
0.000183529
6.32075e-05
3.10579e-05
9.73055e-06
4.54704e-06
1.46631e-06
