VARIABLEs = X,u
ZONE I=101
datapacking=block
0
0.01
0.02
0.03
0.04
0.05
0.06
0.07
0.08
0.09
0.1
0.11
0.12
0.13
0.14
0.15
0.16
0.17
0.18
0.19
0.2
0.21
0.22
0.23
0.24
0.25
0.26
0.27
0.28
0.29
0.3
0.31
0.32
0.33
0.34
0.35
0.36
0.37
0.38
0.39
0.4
0.41
0.42
0.43
0.44
0.45
0.46
0.47
0.48
0.49
0.5
0.51
0.52
0.53
0.54
0.55
0.56
0.57
0.58
0.59
0.6
0.61
0.62
0.63
0.64
0.65
0.66
0.67
0.68
0.69
0.7
0.71
0.72
0.73
0.74
0.75
0.76
0.77
0.78
0.79
0.8
0.81
0.82
0.83
0.84
0.85
0.86
0.87
0.88
0.89
0.9
0.91
0.92
0.93
0.94
0.95
0.96
0.97
0.98
0.99
1
0
-0.00431749
0.0390488
-0.0212177
0.0732901
-0.0482374
0.209945
-0.0480057
0.117871
-0.0801974
0.0153977
0.119059
-0.14726
-0.0170945
-0.0322252
-0.106137
0.213747
0.158978
-0.0970278
0.000510922
-0.140039
-0.29952
-0.0818178
0.0719119
0.267567
0.410424
0.846303
0.825713
0.783559
0.918899
1.1222
1.00781
0.8542
0.967497
1.13675
1.05264
0.885145
0.914838
1.06016
1.11351
1.03541
0.892257
0.852807
1.0313
1.18983
1.10614
0.943855
0.826816
0.802575
0.988173
1.19085
1.2662
1.25986
1.06123
0.827591
0.584883
0.364381
0.225749
0.114408
0.0639244
0.0266498
0.0136874
0.0047187
0.00225806
0.00064394
0.000289999
6.81186e-05
2.90941e-05
5.57773e-06
2.27321e-06
3.50338e-07
1.3692e-07
1.65678e-08
6.23487e-09
5.70882e-10
2.07582e-10
1.35292e-11
4.7673e-12
1.97176e-13
6.75016e-14
1.33227e-15
4.44089e-16
0
0
0
0
0
0
0
0
0
0
0
0
0
0
0
0
0
0
0
