VARIABLEs = X,u
ZONE I=101
datapacking=block
0
0.01
0.02
0.03
0.04
0.05
0.06
0.07
0.08
0.09
0.1
0.11
0.12
0.13
0.14
0.15
0.16
0.17
0.18
0.19
0.2
0.21
0.22
0.23
0.24
0.25
0.26
0.27
0.28
0.29
0.3
0.31
0.32
0.33
0.34
0.35
0.36
0.37
0.38
0.39
0.4
0.41
0.42
0.43
0.44
0.45
0.46
0.47
0.48
0.49
0.5
0.51
0.52
0.53
0.54
0.55
0.56
0.57
0.58
0.59
0.6
0.61
0.62
0.63
0.64
0.65
0.66
0.67
0.68
0.69
0.7
0.71
0.72
0.73
0.74
0.75
0.76
0.77
0.78
0.79
0.8
0.81
0.82
0.83
0.84
0.85
0.86
0.87
0.88
0.89
0.9
0.91
0.92
0.93
0.94
0.95
0.96
0.97
0.98
0.99
1
0
0.0726875
0.0662075
-0.0504272
-0.00876747
-0.0889922
-0.212709
0.0214227
-0.202642
-0.0762823
0.0676609
-0.00944703
-0.0681309
0.0289128
-0.0766381
-0.0505496
0.15371
0.0588505
-0.160817
-0.0502776
0.0832537
-0.00600878
0.024496
0.110049
-0.0555655
-0.172239
-0.0470429
0.0730651
0.122032
0.0898683
0.0693204
0.0300517
-0.243082
-0.311421
-0.150955
-0.0198961
0.19621
0.216508
0.532671
0.727093
0.917313
0.81784
0.819122
0.967783
1.12085
1.03955
0.906233
0.898278
0.986338
1.09858
1.12884
0.982681
0.845649
0.895866
1.01682
1.1299
1.17229
1.03201
0.870536
0.81353
0.829465
0.993862
1.16944
1.25677
1.28497
1.15123
0.977756
0.756148
0.540132
0.37246
0.227239
0.142911
0.0753351
0.0438948
0.0201512
0.0110024
0.00442108
0.00228136
0.000804689
0.000395057
0.000122443
5.74959e-05
1.56498e-05
7.05933e-06
1.68389e-06
7.32308e-07
1.52519e-07
6.41433e-08
1.16008e-08
4.73045e-09
7.37326e-10
2.92178e-10
3.88497e-11
1.49904e-11
1.67705e-12
6.31201e-13
5.83053e-14
2.1439e-14
1.59224e-15
5.7261e-16
3.33641e-17
