VARIABLEs = X,u
ZONE I=101
datapacking=block
0
0.01
0.02
0.03
0.04
0.05
0.06
0.07
0.08
0.09
0.1
0.11
0.12
0.13
0.14
0.15
0.16
0.17
0.18
0.19
0.2
0.21
0.22
0.23
0.24
0.25
0.26
0.27
0.28
0.29
0.3
0.31
0.32
0.33
0.34
0.35
0.36
0.37
0.38
0.39
0.4
0.41
0.42
0.43
0.44
0.45
0.46
0.47
0.48
0.49
0.5
0.51
0.52
0.53
0.54
0.55
0.56
0.57
0.58
0.59
0.6
0.61
0.62
0.63
0.64
0.65
0.66
0.67
0.68
0.69
0.7
0.71
0.72
0.73
0.74
0.75
0.76
0.77
0.78
0.79
0.8
0.81
0.82
0.83
0.84
0.85
0.86
0.87
0.88
0.89
0.9
0.91
0.92
0.93
0.94
0.95
0.96
0.97
0.98
0.99
1
0
-0.068975
-0.243598
-0.000990176
-0.239633
-0.00691919
-0.0222988
-0.0698476
0.113245
0.0207913
-0.14916
0.00770724
0.0216495
0.00228924
0.106566
-0.0256362
-0.173642
0.0151321
0.155952
0.0253128
-0.0400694
-0.0212395
-0.135898
-0.0896765
0.205725
0.187304
-0.0323144
-0.0224469
-0.0743118
-0.211528
-0.30549
-0.134123
0.291065
0.302875
0.453977
0.616263
0.940677
0.931785
0.870309
0.881155
1.01395
1.0867
1.04619
0.916473
0.874347
1.02536
1.15506
1.06429
0.915433
0.870906
0.922452
1.07917
1.18984
1.08966
0.936107
0.829337
0.795441
0.946503
1.12569
1.24117
1.29635
1.17346
1.00391
0.774059
0.548783
0.374015
0.223453
0.138075
0.0703839
0.0401247
0.0175943
0.00936975
0.00355138
0.0017832
0.000585525
0.000279195
7.94193e-05
3.61675e-05
8.89425e-06
3.88636e-06
8.22789e-07
3.46283e-07
6.27033e-08
2.55005e-08
3.91242e-09
1.54177e-09
1.97818e-10
7.57176e-11
7.97734e-12
2.97201e-12
2.50494e-13
9.10019e-14
5.9016e-15
2.09407e-15
9.81271e-17
3.40575e-17
1.0266e-18
3.48978e-19
5.0822e-21
1.69407e-21
0
