VARIABLEs = X,u
ZONE I=101
datapacking=block
0
0.01
0.02
0.03
0.04
0.05
0.06
0.07
0.08
0.09
0.1
0.11
0.12
0.13
0.14
0.15
0.16
0.17
0.18
0.19
0.2
0.21
0.22
0.23
0.24
0.25
0.26
0.27
0.28
0.29
0.3
0.31
0.32
0.33
0.34
0.35
0.36
0.37
0.38
0.39
0.4
0.41
0.42
0.43
0.44
0.45
0.46
0.47
0.48
0.49
0.5
0.51
0.52
0.53
0.54
0.55
0.56
0.57
0.58
0.59
0.6
0.61
0.62
0.63
0.64
0.65
0.66
0.67
0.68
0.69
0.7
0.71
0.72
0.73
0.74
0.75
0.76
0.77
0.78
0.79
0.8
0.81
0.82
0.83
0.84
0.85
0.86
0.87
0.88
0.89
0.9
0.91
0.92
0.93
0.94
0.95
0.96
0.97
0.98
0.99
1
0
0.0360474
-0.155765
-0.0575255
0.0545784
-0.0251485
0.0649995
0.107563
0.0363865
-0.0331216
0.0267944
-0.0504655
-0.212363
-0.00311725
-0.147405
-0.116126
-0.010503
0.0692158
-0.131051
-0.0751952
0.0650406
0.0149383
-0.0468454
0.0550209
0.0397612
-0.105502
-0.0991679
0.0766456
0.171838
0.0216518
-0.144359
-0.0599953
-0.00165496
-0.0733683
0.0372779
0.193494
0.198869
0.0102619
-0.268839
-0.200265
-0.114661
-0.175146
-0.085209
0.0683924
0.483116
0.58057
0.71295
0.6895
0.821569
0.974643
1.09677
0.987824
0.872068
0.905123
1.01384
1.10458
1.11895
0.980977
0.851961
0.888573
0.991666
1.11367
1.18131
1.073
0.928472
0.831107
0.792542
0.915203
1.07007
1.20376
1.29575
1.23749
1.13063
0.93394
0.727219
0.535556
0.360483
0.242068
0.14254
0.0886726
0.0460783
0.0268615
0.0123939
0.00682892
0.00280935
0.0014728
0.000541632
0.000271602
8.94099e-05
4.30702e-05
1.2695e-05
5.89575e-06
1.55482e-06
6.98253e-07
1.64474e-07
7.16102e-08
1.50252e-08
6.35641e-09
1.18372e-09
4.85631e-10
8.47663e-11
