VARIABLEs = X,u
ZONE I=101
datapacking=block
0
0.01
0.02
0.03
0.04
0.05
0.06
0.07
0.08
0.09
0.1
0.11
0.12
0.13
0.14
0.15
0.16
0.17
0.18
0.19
0.2
0.21
0.22
0.23
0.24
0.25
0.26
0.27
0.28
0.29
0.3
0.31
0.32
0.33
0.34
0.35
0.36
0.37
0.38
0.39
0.4
0.41
0.42
0.43
0.44
0.45
0.46
0.47
0.48
0.49
0.5
0.51
0.52
0.53
0.54
0.55
0.56
0.57
0.58
0.59
0.6
0.61
0.62
0.63
0.64
0.65
0.66
0.67
0.68
0.69
0.7
0.71
0.72
0.73
0.74
0.75
0.76
0.77
0.78
0.79
0.8
0.81
0.82
0.83
0.84
0.85
0.86
0.87
0.88
0.89
0.9
0.91
0.92
0.93
0.94
0.95
0.96
0.97
0.98
0.99
1
0
0.00320118
0.0127188
-0.0266608
0.0584415
-0.00600775
0.149645
-0.0830321
0.156003
-0.0629382
0.152236
0.0652902
-0.202642
-0.0352366
-0.0785227
0.025186
0.28732
0.0691363
-0.158814
-0.101406
-0.274409
-0.221284
0.232539
0.240686
0.415906
0.671304
0.977404
0.843449
0.847842
1.03009
1.09652
0.931938
0.889026
1.05966
1.12961
0.955325
0.844645
1.00826
1.16541
1.05201
0.875658
0.881367
1.00274
1.13427
1.1617
0.974814
0.795857
0.831835
0.958913
1.15475
1.3023
1.23221
1.08887
0.834074
0.5784
0.379297
0.210833
0.1228
0.0555326
0.0294256
0.0109116
0.00534732
0.00162943
0.000747358
0.000186582
8.08176e-05
1.63951e-05
6.75365e-06
1.09729e-06
4.32289e-07
5.49693e-08
2.08063e-08
1.99643e-09
7.28807e-10
4.96563e-11
1.75397e-11
7.56728e-13
2.59348e-13
5.32907e-15
1.77636e-15
0
0
0
0
0
0
0
0
0
0
0
0
0
0
0
0
0
0
0
0
0
