VARIABLEs = X,u
ZONE I=101
datapacking=block
0
0.01
0.02
0.03
0.04
0.05
0.06
0.07
0.08
0.09
0.1
0.11
0.12
0.13
0.14
0.15
0.16
0.17
0.18
0.19
0.2
0.21
0.22
0.23
0.24
0.25
0.26
0.27
0.28
0.29
0.3
0.31
0.32
0.33
0.34
0.35
0.36
0.37
0.38
0.39
0.4
0.41
0.42
0.43
0.44
0.45
0.46
0.47
0.48
0.49
0.5
0.51
0.52
0.53
0.54
0.55
0.56
0.57
0.58
0.59
0.6
0.61
0.62
0.63
0.64
0.65
0.66
0.67
0.68
0.69
0.7
0.71
0.72
0.73
0.74
0.75
0.76
0.77
0.78
0.79
0.8
0.81
0.82
0.83
0.84
0.85
0.86
0.87
0.88
0.89
0.9
0.91
0.92
0.93
0.94
0.95
0.96
0.97
0.98
0.99
1
0
-0.00335521
-0.0158926
0.00396129
0.0410811
0.0156135
-0.0724932
-0.065874
0.0742123
0.115823
0.0482252
-0.0594819
-0.158595
-0.240778
0.18909
0.0893663
0.75997
0.587277
0.88112
0.954946
0.789362
1.01738
1.09807
0.917686
1.036
1.07288
0.875338
0.952347
1.16175
1.02779
0.825714
0.975569
1.17764
1.04368
0.83429
0.911289
1.10902
1.14575
1.02938
0.847549
0.781045
0.999501
1.23437
1.2672
1.18913
0.910634
0.61825
0.386298
0.194657
0.105035
0.0399082
0.0192482
0.00552543
0.00243618
0.000522248
0.000213807
3.32727e-05
1.27938e-05
1.36835e-06
4.9849e-07
3.28291e-08
1.14087e-08
3.49246e-10
1.16415e-10
0
0
0
0
0
0
0
0
0
0
0
0
0
0
0
0
0
0
0
0
0
0
0
0
0
0
0
0
0
0
0
0
0
0
0
0
0
