VARIABLEs = X,u
ZONE I=101
datapacking=block
0
0.01
0.02
0.03
0.04
0.05
0.06
0.07
0.08
0.09
0.1
0.11
0.12
0.13
0.14
0.15
0.16
0.17
0.18
0.19
0.2
0.21
0.22
0.23
0.24
0.25
0.26
0.27
0.28
0.29
0.3
0.31
0.32
0.33
0.34
0.35
0.36
0.37
0.38
0.39
0.4
0.41
0.42
0.43
0.44
0.45
0.46
0.47
0.48
0.49
0.5
0.51
0.52
0.53
0.54
0.55
0.56
0.57
0.58
0.59
0.6
0.61
0.62
0.63
0.64
0.65
0.66
0.67
0.68
0.69
0.7
0.71
0.72
0.73
0.74
0.75
0.76
0.77
0.78
0.79
0.8
0.81
0.82
0.83
0.84
0.85
0.86
0.87
0.88
0.89
0.9
0.91
0.92
0.93
0.94
0.95
0.96
0.97
0.98
0.99
1
0
-0.103205
0.0807335
-0.0594199
-0.0338805
0.025309
-0.126999
0.0565355
-0.0626857
-0.0635161
0.173204
0.0176639
-0.0769643
0.00163354
-0.0974218
-0.00287805
0.206151
0.0284797
-0.176732
-0.0532456
-0.000253504
-0.0234986
0.189024
0.192176
-0.116183
-0.151144
-0.127037
-0.202233
-0.175167
0.0281846
0.499127
0.495266
0.597742
0.760454
1.0335
0.975038
0.866402
0.917654
1.07048
1.08739
0.986872
0.898087
0.9255
1.07514
1.15121
1.00287
0.847651
0.894673
1.02543
1.13694
1.1615
0.99611
0.82573
0.81575
0.888747
1.0781
1.25148
1.26925
1.21659
1.01416
0.788325
0.565597
0.362948
0.231945
0.124824
0.0727016
0.0331606
0.017884
0.00695722
0.0035145
0.00116945
0.000558159
0.000158872
7.21277e-05
1.75164e-05
7.60547e-06
1.56754e-06
6.5381e-07
1.13408e-07
4.56069e-08
6.5763e-09
2.55788e-09
3.01254e-10
1.13634e-10
1.06554e-11
3.90687e-12
2.80661e-13
1.00233e-13
5.18238e-15
1.80596e-15
5.9848e-17
2.0383e-17
3.25261e-19
1.0842e-19
0
0
0
0
0
0
0
