VARIABLEs = X,u
ZONE I=101
datapacking=block
0
0.01
0.02
0.03
0.04
0.05
0.06
0.07
0.08
0.09
0.1
0.11
0.12
0.13
0.14
0.15
0.16
0.17
0.18
0.19
0.2
0.21
0.22
0.23
0.24
0.25
0.26
0.27
0.28
0.29
0.3
0.31
0.32
0.33
0.34
0.35
0.36
0.37
0.38
0.39
0.4
0.41
0.42
0.43
0.44
0.45
0.46
0.47
0.48
0.49
0.5
0.51
0.52
0.53
0.54
0.55
0.56
0.57
0.58
0.59
0.6
0.61
0.62
0.63
0.64
0.65
0.66
0.67
0.68
0.69
0.7
0.71
0.72
0.73
0.74
0.75
0.76
0.77
0.78
0.79
0.8
0.81
0.82
0.83
0.84
0.85
0.86
0.87
0.88
0.89
0.9
0.91
0.92
0.93
0.94
0.95
0.96
0.97
0.98
0.99
1
0
-0.0165126
-0.294659
-0.0165756
-0.202077
-0.043031
0.0183631
-0.0870975
-0.00942072
0.0673497
-0.132014
-0.0238554
0.0733092
-0.033864
0.0506846
0.0712916
-0.15085
-0.0869504
0.151686
0.0592673
-0.0555299
0.0392139
-0.0401781
-0.162845
-0.00358384
0.152319
0.144812
0.0485333
-0.0507418
-0.0797256
-0.274
-0.292093
0.00159571
0.145703
0.369535
0.405768
0.712098
0.864143
0.957125
0.855369
0.87244
1.02651
1.13214
1.00182
0.863125
0.927927
1.066
1.11446
1.06223
0.917496
0.833103
0.960256
1.11853
1.15047
1.09619
0.929585
0.790129
0.83465
0.947355
1.12484
1.27403
1.2635
1.18968
0.98769
0.767483
0.555358
0.362141
0.235328
0.13065
0.0778098
0.0371498
0.0205692
0.00849983
0.0044213
0.00158701
0.000781724
0.000244059
0.000114556
3.10873e-05
1.39745e-05
3.28783e-06
1.42132e-06
2.88593e-07
1.20394e-07
2.09528e-08
8.4601e-09
1.2499e-09
4.89691e-10
6.06048e-11
2.30901e-11
2.3501e-12
8.72401e-13
7.11316e-14
2.57719e-14
1.61886e-15
5.73336e-16
2.60526e-17
9.03149e-18
2.64274e-19
8.97855e-20
1.27055e-21
