VARIABLEs = X,u
ZONE I=101
datapacking=block
0
0.01
0.02
0.03
0.04
0.05
0.06
0.07
0.08
0.09
0.1
0.11
0.12
0.13
0.14
0.15
0.16
0.17
0.18
0.19
0.2
0.21
0.22
0.23
0.24
0.25
0.26
0.27
0.28
0.29
0.3
0.31
0.32
0.33
0.34
0.35
0.36
0.37
0.38
0.39
0.4
0.41
0.42
0.43
0.44
0.45
0.46
0.47
0.48
0.49
0.5
0.51
0.52
0.53
0.54
0.55
0.56
0.57
0.58
0.59
0.6
0.61
0.62
0.63
0.64
0.65
0.66
0.67
0.68
0.69
0.7
0.71
0.72
0.73
0.74
0.75
0.76
0.77
0.78
0.79
0.8
0.81
0.82
0.83
0.84
0.85
0.86
0.87
0.88
0.89
0.9
0.91
0.92
0.93
0.94
0.95
0.96
0.97
0.98
0.99
1
0
-0.0607362
0.00269513
0.0720135
0.0262807
0.0561975
0.112738
-0.081053
-0.108438
-0.00307203
-0.240797
-0.052898
-0.0425846
-0.0763678
-0.063417
0.0763625
-0.0770211
-0.101641
0.0731092
0.0689635
-0.0614577
-0.00169101
0.0354286
-0.079507
-0.06398
0.106226
0.151081
-0.0293544
-0.192485
-0.0715528
0.0703925
0.00671472
0.0747996
0.19429
0.0922334
-0.113546
-0.333728
-0.218435
-0.033312
-0.0811369
0.0829749
0.282182
0.687725
0.716793
0.763422
0.776403
0.927714
1.04268
1.08206
0.948563
0.853063
0.952793
1.09344
1.11256
1.04609
0.914042
0.836504
0.949341
1.09569
1.15031
1.12952
0.975259
0.825716
0.813698
0.869096
1.037
1.20327
1.2659
1.27167
1.13029
0.954755
0.740564
0.53266
0.371111
0.230545
0.147234
0.0798576
0.0474228
0.0226278
0.0126263
0.00532715
0.00281536
0.00105367
0.00053069
0.000176473
8.51288e-05
2.51611e-05
1.16724e-05
3.06374e-06
1.37151e-06
3.19042e-07
1.38219e-07
2.84023e-08
1.19379e-08
2.15697e-09
8.81479e-10
1.39173e-10
5.54037e-11
7.58182e-12
2.94013e-12
3.5854e-13
