VARIABLEs = X,u
ZONE I=101
datapacking=block
0
0.01
0.02
0.03
0.04
0.05
0.06
0.07
0.08
0.09
0.1
0.11
0.12
0.13
0.14
0.15
0.16
0.17
0.18
0.19
0.2
0.21
0.22
0.23
0.24
0.25
0.26
0.27
0.28
0.29
0.3
0.31
0.32
0.33
0.34
0.35
0.36
0.37
0.38
0.39
0.4
0.41
0.42
0.43
0.44
0.45
0.46
0.47
0.48
0.49
0.5
0.51
0.52
0.53
0.54
0.55
0.56
0.57
0.58
0.59
0.6
0.61
0.62
0.63
0.64
0.65
0.66
0.67
0.68
0.69
0.7
0.71
0.72
0.73
0.74
0.75
0.76
0.77
0.78
0.79
0.8
0.81
0.82
0.83
0.84
0.85
0.86
0.87
0.88
0.89
0.9
0.91
0.92
0.93
0.94
0.95
0.96
0.97
0.98
0.99
1
0
-0.114768
-0.0083334
-0.0272092
-0.149651
0.0248111
-0.124669
0.03935
0.0560385
-0.0915929
0.0833923
0.0493518
-0.0955832
0.0308831
-0.0236833
-0.0968538
0.132661
0.117165
-0.123617
-0.0539494
0.0173677
-0.0977513
0.0201542
0.197807
0.12878
-0.0409985
-0.177096
-0.153968
-0.216073
-0.197163
0.192157
0.342852
0.539451
0.576102
0.850601
0.958933
0.968397
0.879618
0.924582
1.06553
1.11402
0.960694
0.849225
0.974442
1.12953
1.09683
0.973244
0.877278
0.877747
1.04235
1.18318
1.11526
0.976754
0.845086
0.782671
0.921827
1.09939
1.23019
1.30085
1.185
1.0184
0.784081
0.553656
0.374889
0.221341
0.135428
0.067723
0.0381393
0.0162874
0.00855383
0.00313407
0.00154989
0.000488056
0.000228974
6.19209e-05
2.77232e-05
6.41776e-06
2.75526e-06
5.42852e-07
2.24366e-07
3.72943e-08
1.48889e-08
2.06179e-09
7.97345e-10
9.03569e-11
3.39323e-11
3.06677e-12
1.12076e-12
7.77222e-14
2.76934e-14
1.38415e-15
4.81657e-16
1.54499e-17
5.25838e-18
8.13152e-20
2.71051e-20
0
0
0
0
0
