VARIABLEs = X,u
ZONE I=101
datapacking=block
0
0.01
0.02
0.03
0.04
0.05
0.06
0.07
0.08
0.09
0.1
0.11
0.12
0.13
0.14
0.15
0.16
0.17
0.18
0.19
0.2
0.21
0.22
0.23
0.24
0.25
0.26
0.27
0.28
0.29
0.3
0.31
0.32
0.33
0.34
0.35
0.36
0.37
0.38
0.39
0.4
0.41
0.42
0.43
0.44
0.45
0.46
0.47
0.48
0.49
0.5
0.51
0.52
0.53
0.54
0.55
0.56
0.57
0.58
0.59
0.6
0.61
0.62
0.63
0.64
0.65
0.66
0.67
0.68
0.69
0.7
0.71
0.72
0.73
0.74
0.75
0.76
0.77
0.78
0.79
0.8
0.81
0.82
0.83
0.84
0.85
0.86
0.87
0.88
0.89
0.9
0.91
0.92
0.93
0.94
0.95
0.96
0.97
0.98
0.99
1
0
0.00642043
-0.0195481
-0.0234367
0.0352973
0.0491877
-0.0313162
-0.0727355
-0.0136838
0.0439587
0.148728
0.0596711
-0.0363186
-0.251178
0.0492035
-0.142496
0.457437
0.41631
0.619049
0.87811
0.833488
0.922566
1.16038
0.957801
0.879878
1.07422
1.03739
0.910876
1.02116
1.09293
0.952858
0.900641
1.04072
1.11249
1.00226
0.875705
0.913261
1.10704
1.19095
0.984184
0.780412
0.848181
1.02229
1.21159
1.31384
1.1425
0.905604
0.62328
0.366918
0.214038
0.0956525
0.0492905
0.0168836
0.00788998
0.00206679
0.000891645
0.000176056
7.10231e-05
1.0256e-05
3.9062e-06
3.9002e-07
1.41299e-07
8.73115e-09
3.0268e-09
8.73115e-11
2.91038e-11
0
0
0
0
0
0
0
0
0
0
0
0
0
0
0
0
0
0
0
0
0
0
0
0
0
0
0
0
0
0
0
0
0
0
0
