VARIABLEs = X,u
ZONE I=101
datapacking=block
0
0.01
0.02
0.03
0.04
0.05
0.06
0.07
0.08
0.09
0.1
0.11
0.12
0.13
0.14
0.15
0.16
0.17
0.18
0.19
0.2
0.21
0.22
0.23
0.24
0.25
0.26
0.27
0.28
0.29
0.3
0.31
0.32
0.33
0.34
0.35
0.36
0.37
0.38
0.39
0.4
0.41
0.42
0.43
0.44
0.45
0.46
0.47
0.48
0.49
0.5
0.51
0.52
0.53
0.54
0.55
0.56
0.57
0.58
0.59
0.6
0.61
0.62
0.63
0.64
0.65
0.66
0.67
0.68
0.69
0.7
0.71
0.72
0.73
0.74
0.75
0.76
0.77
0.78
0.79
0.8
0.81
0.82
0.83
0.84
0.85
0.86
0.87
0.88
0.89
0.9
0.91
0.92
0.93
0.94
0.95
0.96
0.97
0.98
0.99
1
0
-0.00700188
-0.0315971
0.00319195
0.0910549
0.0629873
-0.140831
-0.193432
-0.050766
0.08498
0.514275
0.639024
0.880281
0.921021
0.983971
0.989413
1.00674
0.993166
1.05416
0.965275
1.18701
0.909946
1.24228
0.954308
0.900387
1.09829
0.895795
0.929774
1.19207
1.03544
0.783337
0.971565
1.22367
1.06703
0.80474
0.838719
1.04122
1.23912
1.29305
1.00507
0.672741
0.395672
0.17396
0.0850501
0.0247393
0.0105867
0.00197411
0.000762939
8.29697e-05
2.95639e-05
1.43051e-06
4.76837e-07
0
0
0
0
0
0
0
0
0
0
0
0
0
0
0
0
0
0
0
0
0
0
0
0
0
0
0
0
0
0
0
0
0
0
0
0
0
0
0
0
0
0
0
0
0
0
0
0
0
