VARIABLEs = X,u
ZONE I=101
datapacking=block
0
0.01
0.02
0.03
0.04
0.05
0.06
0.07
0.08
0.09
0.1
0.11
0.12
0.13
0.14
0.15
0.16
0.17
0.18
0.19
0.2
0.21
0.22
0.23
0.24
0.25
0.26
0.27
0.28
0.29
0.3
0.31
0.32
0.33
0.34
0.35
0.36
0.37
0.38
0.39
0.4
0.41
0.42
0.43
0.44
0.45
0.46
0.47
0.48
0.49
0.5
0.51
0.52
0.53
0.54
0.55
0.56
0.57
0.58
0.59
0.6
0.61
0.62
0.63
0.64
0.65
0.66
0.67
0.68
0.69
0.7
0.71
0.72
0.73
0.74
0.75
0.76
0.77
0.78
0.79
0.8
0.81
0.82
0.83
0.84
0.85
0.86
0.87
0.88
0.89
0.9
0.91
0.92
0.93
0.94
0.95
0.96
0.97
0.98
0.99
1
0
0.0442495
-0.0485032
-0.0896314
0.0250425
0.0451692
-0.00496895
0.0394141
0.0818668
-0.0567647
-0.124411
-0.00552357
-0.0528091
0.0208558
0.214425
0.0294396
-0.0603122
0.0149866
0.0409067
-0.0586863
-0.243829
-0.0451409
-0.0763844
-0.0407268
-0.069843
0.0156168
-0.1017
-0.0923176
0.0665229
0.12247
-0.0337374
-0.103303
-0.0493715
0.0170864
0.056112
0.034812
0.042389
0.0517337
-0.0993463
-0.184145
-0.0604688
0.103952
0.237516
0.120901
-0.0596243
-0.0135716
-0.0867352
-0.207417
-0.308383
-0.234001
0.0912228
0.234208
0.472004
0.446336
0.604525
0.77444
1.00566
0.984422
0.927044
0.869407
0.895005
1.02687
1.13985
1.0824
0.972067
0.88325
0.856518
0.979533
1.11608
1.1517
1.12333
0.981795
0.841818
0.811382
0.838885
0.984132
1.14073
1.23929
1.294
1.21246
1.09106
0.900133
0.703012
0.523628
0.35942
0.246263
0.150123
0.0959033
0.0523308
0.0314804
0.0154644
0.00882637
0.00391953
0.00213505
0.000859553
0.000448975
0.000164187
8.25275e-05
2.75091e-05
1.30916e-05
4.55297e-06
