VARIABLEs = X,u
ZONE I=101
datapacking=block
0
0.01
0.02
0.03
0.04
0.05
0.06
0.07
0.08
0.09
0.1
0.11
0.12
0.13
0.14
0.15
0.16
0.17
0.18
0.19
0.2
0.21
0.22
0.23
0.24
0.25
0.26
0.27
0.28
0.29
0.3
0.31
0.32
0.33
0.34
0.35
0.36
0.37
0.38
0.39
0.4
0.41
0.42
0.43
0.44
0.45
0.46
0.47
0.48
0.49
0.5
0.51
0.52
0.53
0.54
0.55
0.56
0.57
0.58
0.59
0.6
0.61
0.62
0.63
0.64
0.65
0.66
0.67
0.68
0.69
0.7
0.71
0.72
0.73
0.74
0.75
0.76
0.77
0.78
0.79
0.8
0.81
0.82
0.83
0.84
0.85
0.86
0.87
0.88
0.89
0.9
0.91
0.92
0.93
0.94
0.95
0.96
0.97
0.98
0.99
1
0
-0.0583612
0.122528
-0.0797381
0.172525
-0.0180353
-0.0207699
0.00414166
-0.132205
0.0852126
0.00418933
-0.0776208
0.0884249
-0.0233034
-0.0110303
0.124672
-0.0891515
-0.142347
0.0650599
0.0184249
0.0143073
0.174883
0.0868268
-0.14473
-0.27816
-0.164534
-0.0627112
-0.0368321
0.388654
0.545134
0.690804
0.711758
0.944699
1.01787
0.964403
0.895845
0.971935
1.08671
1.07683
0.926728
0.865557
1.02577
1.16128
1.05187
0.888624
0.875327
0.966746
1.11377
1.18466
1.03338
0.855563
0.812717
0.858777
1.0508
1.23552
1.27022
1.2307
1.02876
0.800178
0.571419
0.363392
0.230051
0.121605
0.0699401
0.0310638
0.0165064
0.00619766
0.00307963
0.000979767
0.000459412
0.000123729
5.51337e-05
1.25187e-05
5.33108e-06
1.01295e-06
4.14142e-07
6.50932e-08
2.56482e-08
3.27836e-09
1.24894e-09
1.26611e-10
4.67648e-11
3.6194e-12
1.29922e-12
7.21454e-14
2.52211e-14
8.95117e-16
3.05311e-16
5.20417e-18
1.73472e-18
0
0
0
0
0
0
0
0
0
0
0
