VARIABLEs = X,u
ZONE I=101
datapacking=block
0
0.01
0.02
0.03
0.04
0.05
0.06
0.07
0.08
0.09
0.1
0.11
0.12
0.13
0.14
0.15
0.16
0.17
0.18
0.19
0.2
0.21
0.22
0.23
0.24
0.25
0.26
0.27
0.28
0.29
0.3
0.31
0.32
0.33
0.34
0.35
0.36
0.37
0.38
0.39
0.4
0.41
0.42
0.43
0.44
0.45
0.46
0.47
0.48
0.49
0.5
0.51
0.52
0.53
0.54
0.55
0.56
0.57
0.58
0.59
0.6
0.61
0.62
0.63
0.64
0.65
0.66
0.67
0.68
0.69
0.7
0.71
0.72
0.73
0.74
0.75
0.76
0.77
0.78
0.79
0.8
0.81
0.82
0.83
0.84
0.85
0.86
0.87
0.88
0.89
0.9
0.91
0.92
0.93
0.94
0.95
0.96
0.97
0.98
0.99
1
0
7.61169e-17
2.61752e-16
1.93247e-15
4.30188e-15
2.56266e-14
4.98972e-14
2.68333e-13
4.83967e-13
2.42467e-12
4.13845e-12
1.95625e-11
3.19326e-11
1.43264e-10
2.25029e-10
9.60913e-10
1.45819e-09
5.93368e-09
8.72387e-09
3.38356e-08
4.82991e-08
1.78471e-07
2.47766e-07
8.71426e-07
1.1782e-06
3.93913e-06
5.19291e-06
1.6477e-05
2.12011e-05
6.37187e-05
8.00978e-05
0.00022751
0.000279637
0.000748778
0.000900597
0.00226697
0.00267016
0.00629884
0.0072709
0.0160195
0.0181359
0.0371839
0.0413189
0.0785338
0.0857273
0.150469
0.161507
0.260846
0.275606
0.408446
0.425387
0.577854
0.594209
0.741405
0.754323
0.870578
0.878594
0.950722
0.954388
0.987312
0.988411
0.998079
0.998241
0.999039
0.999039
0.997189
0.997189
0.992431
0.992431
0.981298
0.981298
0.957722
0.957722
0.912838
0.912838
0.836619
0.836619
0.722291
0.722291
0.572625
0.572625
0.404251
0.404251
0.244738
0.244738
0.120979
0.120979
0.0454644
0.0454644
0.0114829
0.0114829
0.00145558
0.00145558
0
0
0
0
0
0
0
0
