VARIABLEs = X,u
ZONE I=101
datapacking=block
0
0.01
0.02
0.03
0.04
0.05
0.06
0.07
0.08
0.09
0.1
0.11
0.12
0.13
0.14
0.15
0.16
0.17
0.18
0.19
0.2
0.21
0.22
0.23
0.24
0.25
0.26
0.27
0.28
0.29
0.3
0.31
0.32
0.33
0.34
0.35
0.36
0.37
0.38
0.39
0.4
0.41
0.42
0.43
0.44
0.45
0.46
0.47
0.48
0.49
0.5
0.51
0.52
0.53
0.54
0.55
0.56
0.57
0.58
0.59
0.6
0.61
0.62
0.63
0.64
0.65
0.66
0.67
0.68
0.69
0.7
0.71
0.72
0.73
0.74
0.75
0.76
0.77
0.78
0.79
0.8
0.81
0.82
0.83
0.84
0.85
0.86
0.87
0.88
0.89
0.9
0.91
0.92
0.93
0.94
0.95
0.96
0.97
0.98
0.99
1
0
1.28278e-19
4.44268e-19
3.28818e-18
7.40465e-18
4.44528e-17
8.7923e-17
4.79155e-16
8.81367e-16
4.50128e-15
7.86489e-15
3.81374e-14
6.39562e-14
2.96326e-13
4.79805e-13
2.13112e-12
3.34448e-12
1.42648e-11
2.17556e-11
8.91728e-11
1.32428e-10
5.21724e-10
7.55607e-10
2.86056e-09
4.04532e-09
1.47082e-08
2.03311e-08
7.09369e-08
9.59306e-08
3.20874e-07
4.24858e-07
1.36071e-06
1.76523e-06
5.40594e-06
6.87561e-06
2.01027e-05
2.50815e-05
6.9891e-05
8.55896e-05
0.000226877
0.000272846
0.000686569
0.000811263
0.0019335
0.00224589
0.0050574
0.00577772
0.0122606
0.0137832
0.0274866
0.0304231
0.0568513
0.0619897
0.108235
0.11634
0.18928
0.200711
0.303583
0.317859
0.446339
0.461937
0.602319
0.617001
0.749132
0.760797
0.86576
0.873368
0.941771
0.945682
0.980681
0.982167
0.994975
0.995346
0.997194
0.997239
0.994008
0.994008
0.985814
0.985814
0.968888
0.968888
0.936946
0.936946
0.88219
0.88219
0.797488
0.797488
0.680209
0.680209
0.536276
0.536276
0.381601
0.381601
0.2383
0.2383
0.126151
0.126151
0.0540552
0.0540546
0.0174945
0.0170783
