VARIABLEs = X,u
ZONE I=101
datapacking=block
0
0.01
0.02
0.03
0.04
0.05
0.06
0.07
0.08
0.09
0.1
0.11
0.12
0.13
0.14
0.15
0.16
0.17
0.18
0.19
0.2
0.21
0.22
0.23
0.24
0.25
0.26
0.27
0.28
0.29
0.3
0.31
0.32
0.33
0.34
0.35
0.36
0.37
0.38
0.39
0.4
0.41
0.42
0.43
0.44
0.45
0.46
0.47
0.48
0.49
0.5
0.51
0.52
0.53
0.54
0.55
0.56
0.57
0.58
0.59
0.6
0.61
0.62
0.63
0.64
0.65
0.66
0.67
0.68
0.69
0.7
0.71
0.72
0.73
0.74
0.75
0.76
0.77
0.78
0.79
0.8
0.81
0.82
0.83
0.84
0.85
0.86
0.87
0.88
0.89
0.9
0.91
0.92
0.93
0.94
0.95
0.96
0.97
0.98
0.99
1
0
2.61752e-17
9.01341e-17
6.65765e-16
1.48533e-15
8.86141e-15
1.73057e-14
9.33041e-14
1.68915e-13
8.49415e-13
1.45626e-12
6.91787e-12
1.13503e-11
5.12422e-11
8.09525e-11
3.48345e-10
5.31986e-10
2.18476e-09
3.23442e-09
1.26814e-08
1.82378e-08
6.82458e-08
9.55021e-08
3.40809e-07
4.64695e-07
1.57967e-06
2.10107e-06
6.79373e-06
8.82344e-06
2.70908e-05
3.43869e-05
0.000100052
0.00012422
0.000341733
0.000415315
0.00107755
0.00128282
0.00313023
0.00365295
0.00835741
0.00956709
0.0204542
0.0229848
0.0457597
0.0505143
0.0933053
0.101266
0.172917
0.184684
0.290584
0.305752
0.442269
0.459064
0.610221
0.625874
0.766749
0.778692
0.886171
0.893335
0.957782
0.96095
0.989368
0.990286
0.998243
0.998374
0.99864
0.99864
0.996173
0.996173
0.99008
0.99008
0.97637
0.97637
0.948432
0.948432
0.897213
0.897213
0.8134
0.8134
0.692171
0.692171
0.539039
0.539039
0.372706
0.372706
0.220469
0.220469
0.106291
0.106291
0.0389076
0.0389076
0.00956315
0.00956315
0.00117902
0.00117902
0
0
0
0
0
0
