VARIABLEs = X,u
ZONE I=101
datapacking=block
0
0.01
0.02
0.03
0.04
0.05
0.06
0.07
0.08
0.09
0.1
0.11
0.12
0.13
0.14
0.15
0.16
0.17
0.18
0.19
0.2
0.21
0.22
0.23
0.24
0.25
0.26
0.27
0.28
0.29
0.3
0.31
0.32
0.33
0.34
0.35
0.36
0.37
0.38
0.39
0.4
0.41
0.42
0.43
0.44
0.45
0.46
0.47
0.48
0.49
0.5
0.51
0.52
0.53
0.54
0.55
0.56
0.57
0.58
0.59
0.6
0.61
0.62
0.63
0.64
0.65
0.66
0.67
0.68
0.69
0.7
0.71
0.72
0.73
0.74
0.75
0.76
0.77
0.78
0.79
0.8
0.81
0.82
0.83
0.84
0.85
0.86
0.87
0.88
0.89
0.9
0.91
0.92
0.93
0.94
0.95
0.96
0.97
0.98
0.99
1
0
1.22467e-12
4.1387e-12
3.0365e-11
6.57272e-11
3.83987e-10
7.19832e-10
3.74244e-09
6.43894e-09
3.07075e-08
4.95677e-08
2.1931e-07
3.35841e-07
1.38462e-06
2.02499e-06
7.78831e-06
1.09271e-05
3.91758e-05
5.29032e-05
0.00017645
0.000229941
0.000711358
0.000896494
0.00256272
0.00312923
0.00822777
0.0097506
0.023456
0.0270221
0.0591162
0.0663111
0.131065
0.143393
0.254344
0.271935
0.430259
0.450604
0.633717
0.652043
0.816981
0.829044
0.937609
0.942771
0.989222
0.9903
0.999987
0.999987
0.999938
0.999938
0.99974
0.99974
0.999016
0.999016
0.996645
0.996645
0.989744
0.989744
0.971999
0.971999
0.932071
0.932071
0.854374
0.854374
0.72556
0.72556
0.547203
0.547203
0.346551
0.346551
0.170369
0.170369
0.0571089
0.0571089
0.00969774
0.00969774
0
0
0
0
0
0
0
0
0
0
0
0
0
0
0
0
0
0
0
0
0
0
0
0
0
0
