VARIABLEs = X,u
ZONE I=101
datapacking=block
0
0.01
0.02
0.03
0.04
0.05
0.06
0.07
0.08
0.09
0.1
0.11
0.12
0.13
0.14
0.15
0.16
0.17
0.18
0.19
0.2
0.21
0.22
0.23
0.24
0.25
0.26
0.27
0.28
0.29
0.3
0.31
0.32
0.33
0.34
0.35
0.36
0.37
0.38
0.39
0.4
0.41
0.42
0.43
0.44
0.45
0.46
0.47
0.48
0.49
0.5
0.51
0.52
0.53
0.54
0.55
0.56
0.57
0.58
0.59
0.6
0.61
0.62
0.63
0.64
0.65
0.66
0.67
0.68
0.69
0.7
0.71
0.72
0.73
0.74
0.75
0.76
0.77
0.78
0.79
0.8
0.81
0.82
0.83
0.84
0.85
0.86
0.87
0.88
0.89
0.9
0.91
0.92
0.93
0.94
0.95
0.96
0.97
0.98
0.99
1
0
7.8053e-08
2.51792e-07
1.81544e-06
3.65174e-06
2.01785e-05
3.43172e-05
0.000161566
0.000246815
0.00101406
0.0014257
0.00513047
0.00672719
0.0210976
0.0260291
0.0704123
0.0822989
0.189279
0.210874
0.405233
0.433088
0.683779
0.706538
0.911371
0.920234
1
1
1
1
1
1
0.999999
0.999999
0.999993
0.999993
0.999948
0.999948
0.999679
0.999679
0.998316
0.998316
0.992544
0.992544
0.972342
0.972342
0.914925
0.914925
0.785738
0.785738
0.564274
0.564274
0.292477
0.292477
0.0797664
0.0797664
0
0
0
0
0
0
0
0
0
0
0
0
0
0
0
0
0
0
0
0
0
0
0
0
0
0
0
0
0
0
0
0
0
0
0
0
0
0
0
0
0
0
0
0
0
0
