VARIABLEs = X,u
ZONE I=101
datapacking=block
0
0.01
0.02
0.03
0.04
0.05
0.06
0.07
0.08
0.09
0.1
0.11
0.12
0.13
0.14
0.15
0.16
0.17
0.18
0.19
0.2
0.21
0.22
0.23
0.24
0.25
0.26
0.27
0.28
0.29
0.3
0.31
0.32
0.33
0.34
0.35
0.36
0.37
0.38
0.39
0.4
0.41
0.42
0.43
0.44
0.45
0.46
0.47
0.48
0.49
0.5
0.51
0.52
0.53
0.54
0.55
0.56
0.57
0.58
0.59
0.6
0.61
0.62
0.63
0.64
0.65
0.66
0.67
0.68
0.69
0.7
0.71
0.72
0.73
0.74
0.75
0.76
0.77
0.78
0.79
0.8
0.81
0.82
0.83
0.84
0.85
0.86
0.87
0.88
0.89
0.9
0.91
0.92
0.93
0.94
0.95
0.96
0.97
0.98
0.99
1
0
1.08164e-11
3.63404e-11
2.66056e-10
5.70547e-10
3.31097e-09
6.12946e-09
3.14959e-08
5.33564e-08
2.501e-07
3.96426e-07
1.71336e-06
2.56999e-06
1.02797e-05
1.46921e-05
5.44034e-05
7.44366e-05
0.000254735
0.000334831
0.00105569
0.00133679
0.00386669
0.00472806
0.0124804
0.0147674
0.0353511
0.0405585
0.0874252
0.0974512
0.187686
0.2037
0.347829
0.368487
0.554415
0.575102
0.761287
0.776379
0.912207
0.919344
0.983576
0.985219
0.999997
0.999997
0.999982
0.999982
0.999912
0.999912
0.999619
0.999619
0.99853
0.99853
0.994937
0.994937
0.984505
0.984505
0.958098
0.958098
0.900484
0.900484
0.793727
0.793727
0.629018
0.629018
0.423131
0.423131
0.222808
0.222808
0.0804737
0.0804737
0.0147809
0.0147809
0
0
0
0
0
0
0
0
0
0
0
0
0
0
0
0
0
0
0
0
0
0
0
0
0
0
0
0
0
0
