VARIABLEs = X,u
ZONE I=101
datapacking=block
0
0.01
0.02
0.03
0.04
0.05
0.06
0.07
0.08
0.09
0.1
0.11
0.12
0.13
0.14
0.15
0.16
0.17
0.18
0.19
0.2
0.21
0.22
0.23
0.24
0.25
0.26
0.27
0.28
0.29
0.3
0.31
0.32
0.33
0.34
0.35
0.36
0.37
0.38
0.39
0.4
0.41
0.42
0.43
0.44
0.45
0.46
0.47
0.48
0.49
0.5
0.51
0.52
0.53
0.54
0.55
0.56
0.57
0.58
0.59
0.6
0.61
0.62
0.63
0.64
0.65
0.66
0.67
0.68
0.69
0.7
0.71
0.72
0.73
0.74
0.75
0.76
0.77
0.78
0.79
0.8
0.81
0.82
0.83
0.84
0.85
0.86
0.87
0.88
0.89
0.9
0.91
0.92
0.93
0.94
0.95
0.96
0.97
0.98
0.99
1
0
3.10774e-18
1.07282e-17
7.93122e-17
1.77662e-16
1.06281e-15
2.08704e-15
1.13051e-14
2.06077e-14
1.04332e-13
1.80341e-13
8.64421e-13
1.43172e-12
6.53744e-12
1.04381e-11
4.55439e-11
7.03749e-11
2.93854e-10
4.40639e-10
1.76171e-09
2.56883e-09
9.83294e-09
1.39647e-08
5.11502e-08
7.08447e-08
2.48094e-07
3.35479e-07
1.12194e-06
1.48259e-06
4.72845e-06
6.11136e-06
1.85576e-05
2.34768e-05
6.77498e-05
8.39515e-05
0.000229767
0.000279059
0.000722687
0.000860832
0.00210414
0.00245962
0.00565891
0.0064955
0.0140249
0.0158173
0.0319497
0.0354273
0.0667249
0.072794
0.127416
0.136869
0.221953
0.23497
0.352123
0.367777
0.508663
0.524853
0.670565
0.684677
0.811682
0.821764
0.912483
0.918152
0.96911
0.971463
0.992431
0.993072
0.998227
0.998313
0.997419
0.997419
0.993252
0.993252
0.983706
0.983706
0.963761
0.963761
0.925971
0.925971
0.861466
0.861466
0.76307
0.76307
0.630235
0.630235
0.473446
0.473446
0.314128
0.314128
0.17757
0.17757
0.0815521
0.0815521
0.0283732
0.0283732
0.00661818
0.00661818
0.000773554
0.000773554
0
0
