VARIABLEs = X,u
ZONE I=101
datapacking=block
0
0.01
0.02
0.03
0.04
0.05
0.06
0.07
0.08
0.09
0.1
0.11
0.12
0.13
0.14
0.15
0.16
0.17
0.18
0.19
0.2
0.21
0.22
0.23
0.24
0.25
0.26
0.27
0.28
0.29
0.3
0.31
0.32
0.33
0.34
0.35
0.36
0.37
0.38
0.39
0.4
0.41
0.42
0.43
0.44
0.45
0.46
0.47
0.48
0.49
0.5
0.51
0.52
0.53
0.54
0.55
0.56
0.57
0.58
0.59
0.6
0.61
0.62
0.63
0.64
0.65
0.66
0.67
0.68
0.69
0.7
0.71
0.72
0.73
0.74
0.75
0.76
0.77
0.78
0.79
0.8
0.81
0.82
0.83
0.84
0.85
0.86
0.87
0.88
0.89
0.9
0.91
0.92
0.93
0.94
0.95
0.96
0.97
0.98
0.99
1
0
1.40224e-13
4.76218e-13
3.50017e-12
7.63647e-12
4.48632e-11
8.50022e-11
4.46253e-10
7.77987e-10
3.76359e-09
6.1704e-09
2.78317e-08
4.33831e-08
1.83346e-07
2.73495e-07
1.08484e-06
1.55533e-06
5.78982e-06
8.00346e-06
2.79262e-05
3.73112e-05
0.000121777
0.00015757
0.000479714
0.000602166
0.00170423
0.00207846
0.00544651
0.00646269
0.0156083
0.0180431
0.0399562
0.0450584
0.0909782
0.100224
0.183432
0.197706
0.326172
0.344581
0.510264
0.529562
0.703242
0.719039
0.861205
0.870676
0.955922
0.959622
0.992921
0.993628
0.999956
0.999956
0.999822
0.999822
0.999339
0.999339
0.99777
0.99777
0.993189
0.993189
0.981253
0.981253
0.95371
0.95371
0.897934
0.897934
0.799987
0.799987
0.653066
0.653066
0.468561
0.468561
0.279862
0.279862
0.128903
0.128903
0.040297
0.040297
0.00636269
0.00636269
0
0
0
0
0
0
0
0
0
0
0
0
0
0
0
0
0
0
0
0
0
0
