VARIABLEs = X,u
ZONE I=101
datapacking=block
0
0.01
0.02
0.03
0.04
0.05
0.06
0.07
0.08
0.09
0.1
0.11
0.12
0.13
0.14
0.15
0.16
0.17
0.18
0.19
0.2
0.21
0.22
0.23
0.24
0.25
0.26
0.27
0.28
0.29
0.3
0.31
0.32
0.33
0.34
0.35
0.36
0.37
0.38
0.39
0.4
0.41
0.42
0.43
0.44
0.45
0.46
0.47
0.48
0.49
0.5
0.51
0.52
0.53
0.54
0.55
0.56
0.57
0.58
0.59
0.6
0.61
0.62
0.63
0.64
0.65
0.66
0.67
0.68
0.69
0.7
0.71
0.72
0.73
0.74
0.75
0.76
0.77
0.78
0.79
0.8
0.81
0.82
0.83
0.84
0.85
0.86
0.87
0.88
0.89
0.9
0.91
0.92
0.93
0.94
0.95
0.96
0.97
0.98
0.99
1
0
1.62084e-14
5.52784e-14
4.06908e-13
8.93805e-13
5.27587e-12
1.00881e-11
5.33986e-11
9.41588e-11
4.61001e-10
7.66041e-10
3.5114e-09
5.55826e-09
2.398e-08
3.63903e-08
1.48083e-07
2.16348e-07
8.30729e-07
1.17202e-06
4.24365e-06
5.79506e-06
1.97577e-05
2.61646e-05
8.38264e-05
0.000107821
0.000323776
0.000405057
0.00113658
0.00138471
0.00361785
0.00429733
0.0104126
0.012072
0.0270064
0.0305942
0.0628846
0.06969
0.130939
0.142133
0.242878
0.258607
0.400168
0.418676
0.585245
0.602986
0.762657
0.775965
0.895739
0.903067
0.969013
0.971647
0.995331
0.995795
0.999879
0.999879
0.999556
0.999556
0.998513
0.998513
0.995463
0.995463
0.987427
0.987427
0.968487
0.968487
0.928844
0.928844
0.855865
0.855865
0.739098
0.739098
0.579178
0.579178
0.395441
0.395441
0.223187
0.223187
0.0966333
0.0966333
0.0282942
0.0282942
0.00417456
0.00417456
0
0
0
0
0
0
0
0
0
0
0
0
0
0
0
0
0
0
