VARIABLEs = X,u
ZONE I=101
datapacking=block
0
0.01
0.02
0.03
0.04
0.05
0.06
0.07
0.08
0.09
0.1
0.11
0.12
0.13
0.14
0.15
0.16
0.17
0.18
0.19
0.2
0.21
0.22
0.23
0.24
0.25
0.26
0.27
0.28
0.29
0.3
0.31
0.32
0.33
0.34
0.35
0.36
0.37
0.38
0.39
0.4
0.41
0.42
0.43
0.44
0.45
0.46
0.47
0.48
0.49
0.5
0.51
0.52
0.53
0.54
0.55
0.56
0.57
0.58
0.59
0.6
0.61
0.62
0.63
0.64
0.65
0.66
0.67
0.68
0.69
0.7
0.71
0.72
0.73
0.74
0.75
0.76
0.77
0.78
0.79
0.8
0.81
0.82
0.83
0.84
0.85
0.86
0.87
0.88
0.89
0.9
0.91
0.92
0.93
0.94
0.95
0.96
0.97
0.98
0.99
1
0
8.8108e-10
2.91414e-09
2.12117e-08
4.43696e-08
2.52791e-07
4.5269e-07
2.25178e-06
3.66223e-06
1.63563e-05
2.47196e-05
9.99893e-05
0.000142119
0.000521286
0.000702056
0.00232899
0.00298792
0.00891829
0.0109444
0.0291795
0.0343741
0.0811254
0.0920393
0.190264
0.208582
0.373446
0.39708
0.609786
0.631804
0.829964
0.843153
0.961848
0.965663
1
1
0.999999
0.999999
0.999994
0.999994
0.999967
0.999967
0.999826
0.999826
0.999191
0.999191
0.996705
0.996705
0.988315
0.988315
0.964151
0.964151
0.905601
0.905601
0.788502
0.788502
0.600306
0.600306
0.366684
0.366684
0.156423
0.156423
0.0343368
0.0343368
0
0
0
0
0
0
0
0
0
0
0
0
0
0
0
0
0
0
0
0
0
0
0
0
0
0
0
0
0
0
0
0
0
0
0
0
0
0
