VARIABLEs = X,u
ZONE I=101
datapacking=block
0
0.01
0.02
0.03
0.04
0.05
0.06
0.07
0.08
0.09
0.1
0.11
0.12
0.13
0.14
0.15
0.16
0.17
0.18
0.19
0.2
0.21
0.22
0.23
0.24
0.25
0.26
0.27
0.28
0.29
0.3
0.31
0.32
0.33
0.34
0.35
0.36
0.37
0.38
0.39
0.4
0.41
0.42
0.43
0.44
0.45
0.46
0.47
0.48
0.49
0.5
0.51
0.52
0.53
0.54
0.55
0.56
0.57
0.58
0.59
0.6
0.61
0.62
0.63
0.64
0.65
0.66
0.67
0.68
0.69
0.7
0.71
0.72
0.73
0.74
0.75
0.76
0.77
0.78
0.79
0.8
0.81
0.82
0.83
0.84
0.85
0.86
0.87
0.88
0.89
0.9
0.91
0.92
0.93
0.94
0.95
0.96
0.97
0.98
0.99
1
0
0.0403271
0.145137
0.345123
0.608981
0.854712
1.01099
1.06446
1.05234
1.02211
1.00144
0.994889
0.996076
0.998666
1.00008
1.00035
1.00019
1.00004
0.999982
0.999983
0.999994
1
1
1
1
1
1
1
1
1
1
0.984972
0.910987
0.735984
0.475505
0.209229
0.0217634
-0.0572264
-0.0573898
-0.0286727
-0.00505544
0.00427562
0.00429047
0.00178855
0.000126685
-0.000327662
-0.000223753
-6.13273e-05
1.06493e-05
1.79333e-05
7.6652e-06
7.35442e-07
-1.0016e-06
-6.40527e-07
-1.4907e-07
3.41652e-08
4.12039e-08
1.42606e-08
2.21585e-10
-2.11906e-09
-1.01468e-09
-1.44877e-10
8.50935e-11
5.93876e-11
1.4111e-11
-2.24431e-12
-2.96536e-12
-9.73149e-13
-1.12148e-14
1.27367e-13
5.54944e-14
6.43118e-15
-4.61415e-15
-2.75661e-15
-5.43275e-16
1.29611e-16
1.21905e-16
3.32437e-17
-1.77217e-18
-4.83051e-18
-1.71698e-18
-9.51544e-20
1.70253e-19
7.87441e-20
1.06464e-20
-5.17722e-21
-3.27836e-21
-6.68324e-22
1.23162e-22
1.25059e-22
3.39496e-23
-1.31123e-24
-4.37349e-24
-1.51887e-24
-8.36629e-26
1.38921e-25
6.1859e-26
7.85415e-27
-3.90082e-27
-2.32862e-27
-4.42327e-28
