VARIABLEs = X,u
ZONE I=101
datapacking=block
0
0.01
0.02
0.03
0.04
0.05
0.06
0.07
0.08
0.09
0.1
0.11
0.12
0.13
0.14
0.15
0.16
0.17
0.18
0.19
0.2
0.21
0.22
0.23
0.24
0.25
0.26
0.27
0.28
0.29
0.3
0.31
0.32
0.33
0.34
0.35
0.36
0.37
0.38
0.39
0.4
0.41
0.42
0.43
0.44
0.45
0.46
0.47
0.48
0.49
0.5
0.51
0.52
0.53
0.54
0.55
0.56
0.57
0.58
0.59
0.6
0.61
0.62
0.63
0.64
0.65
0.66
0.67
0.68
0.69
0.7
0.71
0.72
0.73
0.74
0.75
0.76
0.77
0.78
0.79
0.8
0.81
0.82
0.83
0.84
0.85
0.86
0.87
0.88
0.89
0.9
0.91
0.92
0.93
0.94
0.95
0.96
0.97
0.98
0.99
1
0
1.43379e-08
7.35072e-08
3.53065e-07
1.62898e-06
7.06059e-06
2.81997e-05
0.000102606
0.000338542
0.00101267
0.00275244
0.00682113
0.0154728
0.0322525
0.0620117
0.110368
0.182439
0.280971
0.404391
0.545605
0.692354
0.829439
0.942363
1.02117
1.06305
1.07267
1.06009
1.03732
1.01468
0.998531
0.990785
0.989945
0.992949
0.996856
0.999812
1.00122
1.00137
1.00086
1.00017
0.999419
0.998197
0.995461
0.989256
0.97641
0.952371
0.911507
0.848139
0.758309
0.641883
0.504176
0.356184
0.212882
0.0897944
-0.00108097
-0.0544975
-0.073047
-0.0657085
-0.0445255
-0.0208091
-0.00230473
0.00784056
0.010354
0.00808625
0.00417898
0.000849731
-0.000982056
-0.00142038
-0.00105106
-0.000468155
-3.02165e-05
0.000162554
0.000170244
9.85409e-05
2.66282e-05
-1.29487e-05
-2.18478e-05
-1.49149e-05
-5.32105e-06
6.67788e-07
2.45251e-06
1.86491e-06
7.36264e-07
-1.40871e-08
-2.56112e-07
-2.04065e-07
-8.16701e-08
-3.05542e-11
2.56708e-08
2.00355e-08
7.59649e-09
-2.63172e-10
-2.47326e-09
-1.77665e-09
-5.96539e-10
7.45549e-11
2.24942e-10
1.41585e-10
3.85824e-11
-1.17632e-11
-1.88655e-11
-1.00062e-11
