VARIABLEs = X,u
ZONE I=101
datapacking=block
0
0.01
0.02
0.03
0.04
0.05
0.06
0.07
0.08
0.09
0.1
0.11
0.12
0.13
0.14
0.15
0.16
0.17
0.18
0.19
0.2
0.21
0.22
0.23
0.24
0.25
0.26
0.27
0.28
0.29
0.3
0.31
0.32
0.33
0.34
0.35
0.36
0.37
0.38
0.39
0.4
0.41
0.42
0.43
0.44
0.45
0.46
0.47
0.48
0.49
0.5
0.51
0.52
0.53
0.54
0.55
0.56
0.57
0.58
0.59
0.6
0.61
0.62
0.63
0.64
0.65
0.66
0.67
0.68
0.69
0.7
0.71
0.72
0.73
0.74
0.75
0.76
0.77
0.78
0.79
0.8
0.81
0.82
0.83
0.84
0.85
0.86
0.87
0.88
0.89
0.9
0.91
0.92
0.93
0.94
0.95
0.96
0.97
0.98
0.99
1
0
1.06656e-07
5.45342e-07
2.58713e-06
1.15934e-05
4.78769e-05
0.000179067
0.000601841
0.00181549
0.00492728
0.0120816
0.0268907
0.0545917
0.101552
0.173846
0.274986
0.403477
0.551286
0.704309
0.845241
0.958128
1.03294
1.06829
1.07113
1.05375
1.02929
1.00787
0.994648
0.989981
0.991246
0.994997
0.998569
1.0007
1.00135
1.00107
1.00049
0.999995
0.999584
0.99888
0.996972
0.992086
0.981108
0.959242
0.920198
0.857318
0.765699
0.644825
0.50064
0.345824
0.197566
0.0732153
-0.0146805
-0.0619316
-0.0733588
-0.0603482
-0.0365018
-0.0133042
0.00253956
0.0094519
0.0094836
0.00609125
0.00228349
-0.000282902
-0.00128292
-0.00118461
-0.000649678
-0.000155273
0.000108936
0.000163372
0.000110116
3.93844e-05
-5.08398e-06
-1.87223e-05
-1.45231e-05
-5.95338e-06
-6.51234e-08
1.95354e-06
1.63268e-06
6.90722e-07
2.97932e-08
-1.9534e-07
-1.62563e-07
-6.58868e-08
-1.13031e-09
1.88881e-08
1.45027e-08
5.25166e-09
-3.21278e-10
-1.72843e-09
-1.15464e-09
-3.4358e-10
7.41937e-11
1.45229e-10
8.09038e-11
1.71241e-11
-9.56077e-12
-1.09189e-11
-4.87025e-12
-4.63869e-13
9.20709e-13
7.19395e-13
