VARIABLEs = X,u
ZONE I=101
datapacking=block
0
0.01
0.02
0.03
0.04
0.05
0.06
0.07
0.08
0.09
0.1
0.11
0.12
0.13
0.14
0.15
0.16
0.17
0.18
0.19
0.2
0.21
0.22
0.23
0.24
0.25
0.26
0.27
0.28
0.29
0.3
0.31
0.32
0.33
0.34
0.35
0.36
0.37
0.38
0.39
0.4
0.41
0.42
0.43
0.44
0.45
0.46
0.47
0.48
0.49
0.5
0.51
0.52
0.53
0.54
0.55
0.56
0.57
0.58
0.59
0.6
0.61
0.62
0.63
0.64
0.65
0.66
0.67
0.68
0.69
0.7
0.71
0.72
0.73
0.74
0.75
0.76
0.77
0.78
0.79
0.8
0.81
0.82
0.83
0.84
0.85
0.86
0.87
0.88
0.89
0.9
0.91
0.92
0.93
0.94
0.95
0.96
0.97
0.98
0.99
1
0
9.59807e-09
4.92252e-08
2.36865e-07
1.09788e-06
4.79689e-06
1.93762e-05
7.14961e-05
0.000239724
0.000729855
0.0020215
0.00510971
0.0118307
0.0251863
0.0494823
0.0900278
0.152179
0.239723
0.352956
0.487141
0.632187
0.774055
0.897813
0.991418
1.0489
1.07173
1.06774
1.04831
1.02468
1.0051
0.993436
0.989627
0.991171
0.994944
0.998519
1.00071
1.00143
1.00117
1.00051
0.999743
0.998695
0.996592
0.991855
0.981815
0.962497
0.928713
0.87478
0.795978
0.690512
0.561357
0.417107
0.271115
0.1388
0.0338213
-0.0355629
-0.0685471
-0.0714457
-0.0551613
-0.0315372
-0.010039
0.00411078
0.00998475
0.009619
0.00616473
0.00235429
-0.000268114
-0.00135564
-0.00131457
-0.000775697
-0.00023112
9.25281e-05
0.000186174
0.000143531
6.35626e-05
4.04857e-06
-2.05401e-05
-2.03121e-05
-1.07281e-05
-2.15506e-06
1.95117e-06
2.45215e-06
1.42123e-06
3.61974e-07
-1.77465e-07
-2.67148e-07
-1.59896e-07
-4.2566e-08
1.71367e-08
2.69913e-08
1.57773e-08
3.90858e-09
-1.80288e-09
-2.54496e-09
-1.37939e-09
-2.80737e-10
1.93344e-10
2.22291e-10
1.06447e-10
1.41149e-11
-1.95525e-11
-1.77375e-11
