VARIABLEs = X,u
ZONE I=101
datapacking=block
0
0.01
0.02
0.03
0.04
0.05
0.06
0.07
0.08
0.09
0.1
0.11
0.12
0.13
0.14
0.15
0.16
0.17
0.18
0.19
0.2
0.21
0.22
0.23
0.24
0.25
0.26
0.27
0.28
0.29
0.3
0.31
0.32
0.33
0.34
0.35
0.36
0.37
0.38
0.39
0.4
0.41
0.42
0.43
0.44
0.45
0.46
0.47
0.48
0.49
0.5
0.51
0.52
0.53
0.54
0.55
0.56
0.57
0.58
0.59
0.6
0.61
0.62
0.63
0.64
0.65
0.66
0.67
0.68
0.69
0.7
0.71
0.72
0.73
0.74
0.75
0.76
0.77
0.78
0.79
0.8
0.81
0.82
0.83
0.84
0.85
0.86
0.87
0.88
0.89
0.9
0.91
0.92
0.93
0.94
0.95
0.96
0.97
0.98
0.99
1
0
4.99417e-19
2.56842e-18
1.25666e-17
6.13156e-17
2.98955e-16
1.45501e-15
7.05146e-15
3.3889e-14
1.60591e-13
7.45313e-13
3.36436e-12
1.46782e-11
6.15724e-11
2.47371e-10
9.49288e-10
3.47394e-09
1.21136e-08
4.02404e-08
1.27379e-07
3.84425e-07
1.10694e-06
3.04375e-06
7.99947e-06
2.01137e-05
4.84294e-05
0.000111768
0.000247457
0.000526053
0.00107463
0.00211115
0.00399136
0.007267
0.0127495
0.021567
0.0351946
0.0554338
0.0843123
0.123886
0.175938
0.241599
0.32094
0.41263
0.513746
0.619838
0.725286
0.823949
0.910004
0.978835
1.02777
1.05648
1.06698
1.06317
1.05005
1.03275
1.01569
1.00198
0.993089
0.989036
0.988721
0.990449
0.992388
0.992884
0.990562
0.984246
0.972774
0.954805
0.928716
0.892663
0.844817
0.783745
0.708879
0.620947
0.522274
0.416826
0.309949
0.20779
0.116476
0.0411961
-0.0146253
-0.0498696
-0.0658526
-0.0659937
-0.0551004
-0.0384355
-0.0207862
-0.0057441
0.00466671
0.00997332
0.0109176
0.00893712
0.00562644
0.0023138
-0.000169804
-0.00152363
-0.00186171
-0.00152637
-0.000905726
-0.000305784
0.000104965
0.000288446
