VARIABLEs = X,u
ZONE I=101
datapacking=block
0
0.01
0.02
0.03
0.04
0.05
0.06
0.07
0.08
0.09
0.1
0.11
0.12
0.13
0.14
0.15
0.16
0.17
0.18
0.19
0.2
0.21
0.22
0.23
0.24
0.25
0.26
0.27
0.28
0.29
0.3
0.31
0.32
0.33
0.34
0.35
0.36
0.37
0.38
0.39
0.4
0.41
0.42
0.43
0.44
0.45
0.46
0.47
0.48
0.49
0.5
0.51
0.52
0.53
0.54
0.55
0.56
0.57
0.58
0.59
0.6
0.61
0.62
0.63
0.64
0.65
0.66
0.67
0.68
0.69
0.7
0.71
0.72
0.73
0.74
0.75
0.76
0.77
0.78
0.79
0.8
0.81
0.82
0.83
0.84
0.85
0.86
0.87
0.88
0.89
0.9
0.91
0.92
0.93
0.94
0.95
0.96
0.97
0.98
0.99
1
0
2.43644e-22
1.25303e-21
6.13087e-21
2.99185e-20
1.45967e-19
7.11889e-19
3.46843e-18
1.68585e-17
8.15495e-17
3.91177e-16
1.85205e-15
8.60911e-15
3.90792e-14
1.72364e-13
7.35566e-13
3.02701e-12
1.19827e-11
4.55536e-11
1.66142e-10
5.81049e-10
1.94843e-09
6.26578e-09
1.93313e-08
5.72496e-08
1.62848e-07
4.45237e-07
1.17085e-06
2.96367e-06
7.22574e-06
1.6981e-05
3.84917e-05
8.42121e-05
0.000177932
0.000363296
0.000717192
0.00136963
0.00253152
0.00453067
0.00785479
0.0131968
0.0214944
0.0339508
0.0520218
0.07735
0.111634
0.15643
0.212886
0.281451
0.361597
0.451614
0.548553
0.648346
0.746148
0.836862
0.915773
0.979196
1.02501
1.05293
1.06455
1.06297
1.05227
1.03679
1.02046
1.00624
0.995861
0.989746
0.987247
0.986968
0.987141
0.985931
0.981622
0.972666
0.957635
0.935142
0.903796
0.862255
0.809394
0.744573
0.667949
0.580759
0.485481
0.385804
0.286375
0.192323
0.108632
0.0394583
-0.0124688
-0.0462393
-0.0628628
-0.0650423
-0.0566678
-0.0421329
-0.0256217
-0.0105087
0.00101463
0.0080359
0.0107606
0.0101674
0.00758976
0.00432985
