VARIABLEs = X,u
ZONE I=101
datapacking=block
0
0.01
0.02
0.03
0.04
0.05
0.06
0.07
0.08
0.09
0.1
0.11
0.12
0.13
0.14
0.15
0.16
0.17
0.18
0.19
0.2
0.21
0.22
0.23
0.24
0.25
0.26
0.27
0.28
0.29
0.3
0.31
0.32
0.33
0.34
0.35
0.36
0.37
0.38
0.39
0.4
0.41
0.42
0.43
0.44
0.45
0.46
0.47
0.48
0.49
0.5
0.51
0.52
0.53
0.54
0.55
0.56
0.57
0.58
0.59
0.6
0.61
0.62
0.63
0.64
0.65
0.66
0.67
0.68
0.69
0.7
0.71
0.72
0.73
0.74
0.75
0.76
0.77
0.78
0.79
0.8
0.81
0.82
0.83
0.84
0.85
0.86
0.87
0.88
0.89
0.9
0.91
0.92
0.93
0.94
0.95
0.96
0.97
0.98
0.99
1
0
0.448125
0.854114
1.03079
1.04453
1.01723
1.00129
0.998122
0.999023
0.999835
1.00005
1.00004
1.00001
0.999999
0.999999
1
1
1
1
1
1
1
1
1
1
1
1
1
1
1
1
0.649872
0.218946
-0.00480462
-0.0430525
-0.0206187
-0.00310157
0.00153187
0.00106611
0.000245326
-3.16939e-05
-4.1482e-05
-1.23827e-05
-6.1228e-08
1.33336e-06
5.00407e-07
4.267e-08
-3.64796e-08
-1.74932e-08
-2.55965e-09
8.39103e-10
5.48384e-10
1.10013e-10
-1.48013e-11
-1.56975e-11
-4.00629e-12
1.08157e-13
4.13357e-13
1.30871e-13
6.13148e-15
-9.9948e-15
-3.93853e-15
-4.14156e-16
2.18716e-16
1.10751e-16
1.73262e-17
-4.15511e-18
-2.93127e-18
-6.03803e-19
5.98716e-20
7.32076e-20
1.89091e-20
-1.96621e-22
-1.7217e-21
-5.4896e-22
-3.02013e-23
3.78187e-23
1.50035e-23
1.63505e-24
-7.61003e-25
-3.89128e-25
-6.14098e-26
1.33868e-26
9.61107e-27
1.97862e-27
-1.77587e-28
-2.26062e-28
-5.81442e-29
3.63647e-31
5.04422e-30
1.59934e-30
9.03243e-32
-1.05766e-31
-4.17099e-32
-4.54125e-33
2.04198e-33
1.03804e-33
1.6265e-34
-3.46181e-35
-2.47148e-35
-5.0412e-36
