VARIABLEs = X,u
ZONE I=101
datapacking=block
0
0.01
0.02
0.03
0.04
0.05
0.06
0.07
0.08
0.09
0.1
0.11
0.12
0.13
0.14
0.15
0.16
0.17
0.18
0.19
0.2
0.21
0.22
0.23
0.24
0.25
0.26
0.27
0.28
0.29
0.3
0.31
0.32
0.33
0.34
0.35
0.36
0.37
0.38
0.39
0.4
0.41
0.42
0.43
0.44
0.45
0.46
0.47
0.48
0.49
0.5
0.51
0.52
0.53
0.54
0.55
0.56
0.57
0.58
0.59
0.6
0.61
0.62
0.63
0.64
0.65
0.66
0.67
0.68
0.69
0.7
0.71
0.72
0.73
0.74
0.75
0.76
0.77
0.78
0.79
0.8
0.81
0.82
0.83
0.84
0.85
0.86
0.87
0.88
0.89
0.9
0.91
0.92
0.93
0.94
0.95
0.96
0.97
0.98
0.99
1
0
4.04444e-21
2.08e-20
1.01771e-19
4.96626e-19
2.42265e-18
1.18105e-17
5.74765e-17
2.78632e-16
1.34091e-15
6.37592e-15
2.97863e-14
1.3591e-13
6.0231e-13
2.58009e-12
1.06424e-11
4.21523e-11
1.60016e-10
5.81535e-10
2.02223e-09
6.7281e-09
2.14221e-08
6.53042e-08
1.90719e-07
5.33987e-07
1.43443e-06
3.69983e-06
9.17023e-06
2.18582e-05
5.01435e-05
0.000110789
0.000235919
0.000484512
0.000960263
0.00183771
0.00339786
0.00607291
0.0104969
0.0175547
0.0284166
0.0445416
0.0676289
0.0994994
0.141897
0.196216
0.263176
0.342503
0.432672
0.530801
0.632746
0.733434
0.82742
0.909583
0.975854
1.02382
1.05307
1.06522
1.06355
1.05241
1.03642
1.01973
1.00544
0.995287
0.98965
0.987783
0.988211
0.989137
0.988765
0.985467
0.977801
0.964421
0.943955
0.914938
0.875853
0.825321
0.762401
0.686958
0.599996
0.503876
0.402322
0.300172
0.202886
0.115851
0.0436321
-0.0107095
-0.0460757
-0.0634585
-0.0657026
-0.056948
-0.0418745
-0.0249135
-0.00959361
0.00185372
0.00857721
0.0109033
0.00994187
0.00712386
0.00379185
0.000925696
-0.000965235
-0.00180231
