VARIABLEs = X,u
ZONE I=101
datapacking=block
0
0.01
0.02
0.03
0.04
0.05
0.06
0.07
0.08
0.09
0.1
0.11
0.12
0.13
0.14
0.15
0.16
0.17
0.18
0.19
0.2
0.21
0.22
0.23
0.24
0.25
0.26
0.27
0.28
0.29
0.3
0.31
0.32
0.33
0.34
0.35
0.36
0.37
0.38
0.39
0.4
0.41
0.42
0.43
0.44
0.45
0.46
0.47
0.48
0.49
0.5
0.51
0.52
0.53
0.54
0.55
0.56
0.57
0.58
0.59
0.6
0.61
0.62
0.63
0.64
0.65
0.66
0.67
0.68
0.69
0.7
0.71
0.72
0.73
0.74
0.75
0.76
0.77
0.78
0.79
0.8
0.81
0.82
0.83
0.84
0.85
0.86
0.87
0.88
0.89
0.9
0.91
0.92
0.93
0.94
0.95
0.96
0.97
0.98
0.99
1
0
1.88831e-13
9.71037e-13
4.74675e-12
2.30641e-11
1.11013e-10
5.24378e-10
2.40237e-09
1.05507e-08
4.39882e-08
1.7289e-07
6.37858e-07
2.20436e-06
7.13191e-06
2.16126e-05
6.14151e-05
0.000163893
0.000411424
0.000973226
0.00217311
0.00458787
0.00917255
0.0173925
0.0313202
0.0536345
0.0874462
0.135897
0.201525
0.285467
0.386694
0.501495
0.623473
0.744199
0.854489
0.946065
1.01318
1.05378
1.06978
1.06642
1.05091
1.03066
1.01178
0.99804
0.990724
0.989066
0.991124
0.994699
0.998006
0.999971
1.00014
0.998354
0.994306
0.987164
0.975328
0.956364
0.927174
0.884391
0.82502
0.74723
0.651197
0.539731
0.418472
0.29544
0.179912
0.0808086
0.00495324
-0.0442944
-0.0676425
-0.0695002
-0.0567506
-0.0370365
-0.0170728
-0.00144878
0.00781654
0.0109734
0.00973564
0.00631977
0.00265116
-7.60839e-05
-0.001463
-0.00170117
-0.00126151
-0.000619111
-9.27109e-05
0.00019258
0.000258121
0.000193797
9.16063e-05
1.02987e-05
-3.00987e-05
-3.60802e-05
-2.42416e-05
-9.2925e-06
8.94362e-07
4.79967e-06
4.38944e-06
2.34095e-06
4.96095e-07
-4.60422e-07
-6.35189e-07
-4.19147e-07
