VARIABLEs = X,u
ZONE I=101
datapacking=block
0
0.01
0.02
0.03
0.04
0.05
0.06
0.07
0.08
0.09
0.1
0.11
0.12
0.13
0.14
0.15
0.16
0.17
0.18
0.19
0.2
0.21
0.22
0.23
0.24
0.25
0.26
0.27
0.28
0.29
0.3
0.31
0.32
0.33
0.34
0.35
0.36
0.37
0.38
0.39
0.4
0.41
0.42
0.43
0.44
0.45
0.46
0.47
0.48
0.49
0.5
0.51
0.52
0.53
0.54
0.55
0.56
0.57
0.58
0.59
0.6
0.61
0.62
0.63
0.64
0.65
0.66
0.67
0.68
0.69
0.7
0.71
0.72
0.73
0.74
0.75
0.76
0.77
0.78
0.79
0.8
0.81
0.82
0.83
0.84
0.85
0.86
0.87
0.88
0.89
0.9
0.91
0.92
0.93
0.94
0.95
0.96
0.97
0.98
0.99
1
0
1.00291e-19
5.15781e-19
2.5236e-18
1.2314e-17
6.00537e-17
2.92497e-16
1.42011e-15
6.84997e-15
3.26658e-14
1.53071e-13
7.00211e-13
3.1072e-12
1.33031e-11
5.47164e-11
2.15535e-10
8.11459e-10
2.91647e-09
1.00016e-08
3.27271e-08
1.02215e-07
3.04889e-07
8.69184e-07
2.37017e-06
6.18765e-06
1.54787e-05
3.71357e-05
8.55205e-05
0.000189205
0.000402462
0.000823713
0.00162328
0.00308227
0.00564259
0.00996484
0.0169857
0.0279599
0.0444667
0.0683551
0.101608
0.146109
0.203327
0.273938
0.357468
0.452017
0.554174
0.659183
0.761382
0.854894
0.93444
0.996147
1.03814
1.06084
1.06675
1.06002
1.04557
1.02825
1.01202
0.999502
0.991781
0.988582
0.988664
0.990289
0.991642
0.991085
0.987225
0.978826
0.964634
0.94323
0.912981
0.872145
0.819143
0.75295
0.673525
0.582181
0.48178
0.376678
0.272361
0.174811
0.0896889
0.0214808
-0.0272014
-0.0560178
-0.0668864
-0.063556
-0.0508591
-0.0338169
-0.0167999
-0.00292268
0.00621885
0.0104573
0.0106885
0.00836708
0.00501046
0.00182893
-0.000460082
-0.00163692
-0.00185565
-0.00146402
-0.000834747
-0.000251813
