VARIABLEs = X,u
ZONE I=101
datapacking=block
0
0.01
0.02
0.03
0.04
0.05
0.06
0.07
0.08
0.09
0.1
0.11
0.12
0.13
0.14
0.15
0.16
0.17
0.18
0.19
0.2
0.21
0.22
0.23
0.24
0.25
0.26
0.27
0.28
0.29
0.3
0.31
0.32
0.33
0.34
0.35
0.36
0.37
0.38
0.39
0.4
0.41
0.42
0.43
0.44
0.45
0.46
0.47
0.48
0.49
0.5
0.51
0.52
0.53
0.54
0.55
0.56
0.57
0.58
0.59
0.6
0.61
0.62
0.63
0.64
0.65
0.66
0.67
0.68
0.69
0.7
0.71
0.72
0.73
0.74
0.75
0.76
0.77
0.78
0.79
0.8
0.81
0.82
0.83
0.84
0.85
0.86
0.87
0.88
0.89
0.9
0.91
0.92
0.93
0.94
0.95
0.96
0.97
0.98
0.99
1
0
6.29471e-13
3.23681e-12
1.58169e-11
7.67411e-11
3.67944e-10
1.72455e-09
7.80139e-09
3.36566e-08
1.37179e-07
5.24903e-07
1.87892e-06
6.28263e-06
1.96236e-05
5.73076e-05
0.000156701
0.00040189
0.000968543
0.00219743
0.00470196
0.00950523
0.0181833
0.032966
0.0567233
0.0927543
0.14432
0.213924
0.302443
0.408321
0.5271
0.651547
0.772521
0.880473
0.967275
1.02788
1.06133
1.07079
1.06254
1.04438
1.02371
1.00612
0.994579
0.989532
0.989597
0.992556
0.996258
0.99918
1.00057
1.00022
0.998072
0.993787
0.986367
0.973975
0.95392
0.922865
0.877283
0.814158
0.731861
0.631023
0.515165
0.390773
0.266667
0.152636
0.0576262
-0.0120802
-0.0541484
-0.0705476
-0.0668511
-0.0507011
-0.0299193
-0.0108323
0.00274016
0.00965091
0.01086
0.00846626
0.00472225
0.00133351
-0.000831368
-0.00166497
-0.00153322
-0.000949754
-0.000337623
7.45323e-05
0.00024152
0.000229652
0.000137626
4.32768e-05
-1.55913e-05
-3.52209e-05
-2.95026e-05
-1.49733e-05
-2.62378e-06
3.62355e-06
4.64593e-06
3.05342e-06
1.07894e-06
-1.8135e-07
-5.94191e-07
-4.85558e-07
-2.2222e-07
-1.99879e-08
