VARIABLEs = X,u
ZONE I=101
datapacking=block
0
0.01
0.02
0.03
0.04
0.05
0.06
0.07
0.08
0.09
0.1
0.11
0.12
0.13
0.14
0.15
0.16
0.17
0.18
0.19
0.2
0.21
0.22
0.23
0.24
0.25
0.26
0.27
0.28
0.29
0.3
0.31
0.32
0.33
0.34
0.35
0.36
0.37
0.38
0.39
0.4
0.41
0.42
0.43
0.44
0.45
0.46
0.47
0.48
0.49
0.5
0.51
0.52
0.53
0.54
0.55
0.56
0.57
0.58
0.59
0.6
0.61
0.62
0.63
0.64
0.65
0.66
0.67
0.68
0.69
0.7
0.71
0.72
0.73
0.74
0.75
0.76
0.77
0.78
0.79
0.8
0.81
0.82
0.83
0.84
0.85
0.86
0.87
0.88
0.89
0.9
0.91
0.92
0.93
0.94
0.95
0.96
0.97
0.98
0.99
1
0
1.18519e-06
6.02128e-06
2.78437e-05
0.00011829
0.000450602
0.00152052
0.00453578
0.0120013
0.0283251
0.0600117
0.114854
0.199748
0.317445
0.463476
0.624999
0.782865
0.916758
1.0115
1.06175
1.07298
1.05837
1.03332
1.01024
0.99568
0.99041
0.991563
0.995314
0.998791
1.00075
1.00123
1.00089
1.00036
0.999994
0.999832
0.999713
0.999238
0.997512
0.99259
0.980758
0.956048
0.910621
0.836566
0.729073
0.589948
0.429687
0.266425
0.121407
0.0124768
-0.0515978
-0.0733604
-0.0645369
-0.0408041
-0.0160753
0.00123677
0.00891126
0.00913155
0.0057411
0.00200813
-0.000379995
-0.00119847
-0.00100851
-0.000488632
-6.95456e-05
0.000118833
0.000131725
7.33168e-05
1.72142e-05
-1.05422e-05
-1.46071e-05
-8.53537e-06
-2.17772e-06
9.81673e-07
1.4552e-06
8.27548e-07
1.9299e-07
-1.0091e-07
-1.32052e-07
-6.82291e-08
-1.20976e-08
1.04542e-08
1.0802e-08
4.75681e-09
4.0448e-10
-9.86924e-10
-7.80658e-10
-2.72079e-10
1.77969e-11
8.07391e-11
4.86633e-11
1.1748e-11
-4.31649e-12
-5.61095e-12
-2.53318e-12
-2.67669e-13
4.26716e-13
3.27069e-13
1.03422e-13
-1.12109e-14
-3.01311e-14
-1.56628e-14
