VARIABLEs = X,u
ZONE I=101
datapacking=block
0
0.01
0.02
0.03
0.04
0.05
0.06
0.07
0.08
0.09
0.1
0.11
0.12
0.13
0.14
0.15
0.16
0.17
0.18
0.19
0.2
0.21
0.22
0.23
0.24
0.25
0.26
0.27
0.28
0.29
0.3
0.31
0.32
0.33
0.34
0.35
0.36
0.37
0.38
0.39
0.4
0.41
0.42
0.43
0.44
0.45
0.46
0.47
0.48
0.49
0.5
0.51
0.52
0.53
0.54
0.55
0.56
0.57
0.58
0.59
0.6
0.61
0.62
0.63
0.64
0.65
0.66
0.67
0.68
0.69
0.7
0.71
0.72
0.73
0.74
0.75
0.76
0.77
0.78
0.79
0.8
0.81
0.82
0.83
0.84
0.85
0.86
0.87
0.88
0.89
0.9
0.91
0.92
0.93
0.94
0.95
0.96
0.97
0.98
0.99
1
0
2.48694e-18
1.27899e-17
6.25767e-17
3.053e-16
1.48802e-15
7.23469e-15
3.49774e-14
1.67316e-13
7.86721e-13
3.60952e-12
1.60442e-11
6.86644e-11
2.81565e-10
1.10244e-09
4.11235e-09
1.45969e-08
4.92802e-08
1.58258e-07
4.83667e-07
1.40777e-06
3.90574e-06
1.0339e-05
2.61394e-05
6.31815e-05
0.000146148
0.000323832
0.000687969
0.00140255
0.00274616
0.00516802
0.00935459
0.0162974
0.0273449
0.0442131
0.0689252
0.103653
0.150445
0.21085
0.285485
0.373623
0.472905
0.579288
0.687304
0.790644
0.883005
0.95904
1.01523
1.05044
1.06608
1.06572
1.05434
1.03734
1.01961
1.00472
0.994598
0.989581
0.988738
0.990423
0.992785
0.994142
0.993126
0.988625
0.979578
0.964753
0.942584
0.911181
0.86852
0.812803
0.742948
0.659077
0.56291
0.457931
0.349232
0.24302
0.145811
0.0634678
0.000252401
-0.0418692
-0.063514
-0.0676724
-0.0590452
-0.0430881
-0.0249939
-0.00884979
0.0028542
0.00929772
0.0110334
0.0094593
0.00623763
0.00281532
0.000142886
-0.00139075
-0.00185401
-0.00158056
-0.000972716
-0.000358455
7.45983e-05
0.00027683
0.000292742
0.000205711
