VARIABLEs = X,u
ZONE I=101
datapacking=block
0
0.01
0.02
0.03
0.04
0.05
0.06
0.07
0.08
0.09
0.1
0.11
0.12
0.13
0.14
0.15
0.16
0.17
0.18
0.19
0.2
0.21
0.22
0.23
0.24
0.25
0.26
0.27
0.28
0.29
0.3
0.31
0.32
0.33
0.34
0.35
0.36
0.37
0.38
0.39
0.4
0.41
0.42
0.43
0.44
0.45
0.46
0.47
0.48
0.49
0.5
0.51
0.52
0.53
0.54
0.55
0.56
0.57
0.58
0.59
0.6
0.61
0.62
0.63
0.64
0.65
0.66
0.67
0.68
0.69
0.7
0.71
0.72
0.73
0.74
0.75
0.76
0.77
0.78
0.79
0.8
0.81
0.82
0.83
0.84
0.85
0.86
0.87
0.88
0.89
0.9
0.91
0.92
0.93
0.94
0.95
0.96
0.97
0.98
0.99
1
0
1.26408e-13
6.50041e-13
3.17792e-12
1.54474e-11
7.44347e-11
3.52396e-10
1.6206e-09
7.15618e-09
3.00458e-08
1.19088e-07
4.43578e-07
1.54911e-06
5.06858e-06
1.55429e-05
4.47162e-05
0.000120864
0.000307417
0.000737041
0.00166848
0.00357214
0.0072442
0.0139362
0.0254677
0.0442671
0.0732722
0.115625
0.174134
0.250546
0.344759
0.454195
0.573573
0.695283
0.810397
0.910179
0.987746
1.03943
1.06547
1.06974
1.05871
1.03981
1.01979
1.00349
0.993279
0.989228
0.989838
0.992948
0.996536
0.999186
1.00017
0.999211
0.996085
0.990205
0.980308
0.964315
0.939401
0.902295
0.849823
0.77964
0.691057
0.585766
0.468223
0.345478
0.226335
0.119939
0.0340739
-0.0263786
-0.0603879
-0.0708273
-0.0636089
-0.0461595
-0.0256954
-0.00779022
0.00440835
0.0101988
0.0107246
0.00805944
0.00431979
0.0010577
-0.000970293
-0.00170978
-0.00153298
-0.000936985
-0.000325682
8.3943e-05
0.000250047
0.000237813
0.000144311
4.71387e-05
-1.48877e-05
-3.68018e-05
-3.1914e-05
-1.69755e-05
-3.64e-06
3.52586e-06
5.05694e-06
3.54903e-06
1.40926e-06
-6.86942e-08
-6.30275e-07
-5.73096e-07
