VARIABLEs = X,u
ZONE I=101
datapacking=block
0
0.01
0.02
0.03
0.04
0.05
0.06
0.07
0.08
0.09
0.1
0.11
0.12
0.13
0.14
0.15
0.16
0.17
0.18
0.19
0.2
0.21
0.22
0.23
0.24
0.25
0.26
0.27
0.28
0.29
0.3
0.31
0.32
0.33
0.34
0.35
0.36
0.37
0.38
0.39
0.4
0.41
0.42
0.43
0.44
0.45
0.46
0.47
0.48
0.49
0.5
0.51
0.52
0.53
0.54
0.55
0.56
0.57
0.58
0.59
0.6
0.61
0.62
0.63
0.64
0.65
0.66
0.67
0.68
0.69
0.7
0.71
0.72
0.73
0.74
0.75
0.76
0.77
0.78
0.79
0.8
0.81
0.82
0.83
0.84
0.85
0.86
0.87
0.88
0.89
0.9
0.91
0.92
0.93
0.94
0.95
0.96
0.97
0.98
0.99
1
0
1.23841e-17
6.36895e-17
3.11604e-16
1.52006e-15
7.40497e-15
3.59514e-14
1.7326e-13
8.23905e-13
3.83734e-12
1.73682e-11
7.58423e-11
3.17622e-10
1.27007e-09
4.83474e-09
1.74899e-08
6.008e-08
1.95954e-07
6.07051e-07
1.78751e-06
5.00739e-06
1.33584e-05
3.39737e-05
8.24598e-05
0.000191212
0.000424046
0.000900245
0.00183133
0.00357287
0.00669064
0.0120353
0.020811
0.0346155
0.0554194
0.0854518
0.126967
0.18189
0.251365
0.335292
0.431939
0.537774
0.647598
0.755048
0.853415
0.936652
1.00037
1.04255
1.06389
1.06753
1.05835
1.04199
1.02374
1.00772
0.996329
0.990253
0.988762
0.99027
0.992908
0.994951
0.995028
0.992081
0.98516
0.973165
0.954633
0.927683
0.890157
0.839947
0.775485
0.696278
0.60339
0.499729
0.390017
0.2804
0.177694
0.0883836
0.0175811
-0.0318381
-0.0596948
-0.0684424
-0.0625828
-0.0477054
-0.0293886
-0.0122304
0.000776092
0.00841908
0.0110237
0.00992339
0.00683656
0.00332861
0.000475238
-0.00123945
-0.00183259
-0.001626
-0.00103486
-0.000409017
4.45338e-05
0.000264426
0.000291003
0.000208373
9.71373e-05
9.09056e-06
