VARIABLEs = X,u
ZONE I=101
datapacking=block
0
0.01
0.02
0.03
0.04
0.05
0.06
0.07
0.08
0.09
0.1
0.11
0.12
0.13
0.14
0.15
0.16
0.17
0.18
0.19
0.2
0.21
0.22
0.23
0.24
0.25
0.26
0.27
0.28
0.29
0.3
0.31
0.32
0.33
0.34
0.35
0.36
0.37
0.38
0.39
0.4
0.41
0.42
0.43
0.44
0.45
0.46
0.47
0.48
0.49
0.5
0.51
0.52
0.53
0.54
0.55
0.56
0.57
0.58
0.59
0.6
0.61
0.62
0.63
0.64
0.65
0.66
0.67
0.68
0.69
0.7
0.71
0.72
0.73
0.74
0.75
0.76
0.77
0.78
0.79
0.8
0.81
0.82
0.83
0.84
0.85
0.86
0.87
0.88
0.89
0.9
0.91
0.92
0.93
0.94
0.95
0.96
0.97
0.98
0.99
1
0
4.68249e-12
2.4075e-11
1.17535e-10
5.68252e-10
2.7006e-09
1.2448e-08
5.48678e-08
2.28519e-07
8.91788e-07
3.24475e-06
1.09829e-05
3.45723e-05
0.000101297
0.000276698
0.000705989
0.00168609
0.00377717
0.00795327
0.0157711
0.0295061
0.052172
0.0873233
0.138561
0.208734
0.298943
0.407606
0.529904
0.657936
0.781727
0.890978
0.97716
1.03534
1.06517
1.07077
1.0594
1.03949
1.01866
1.00219
0.99243
0.989152
0.990476
0.993984
0.997616
1.00012
1.00107
1.0005
0.998509
0.99477
0.988247
0.976997
0.958166
0.928174
0.883178
0.819813
0.736175
0.632832
0.513556
0.385431
0.258099
0.14218
0.0471721
-0.0205832
-0.0592425
-0.0716772
-0.0644801
-0.0460961
-0.0246911
-0.00641733
0.00546723
0.0105148
0.0102658
0.00711665
0.00330832
0.000316852
-0.0012915
-0.0016556
-0.00126418
-0.000631432
-0.000105451
0.000177507
0.000239963
0.000175911
7.86703e-05
4.83721e-06
-2.89331e-05
-3.1374e-05
-1.92893e-05
-6.11809e-06
1.88365e-06
4.28526e-06
3.35072e-06
1.48898e-06
9.52879e-08
-4.81927e-07
-4.78129e-07
-2.54002e-07
-5.16839e-08
4.67959e-08
5.99706e-08
3.57024e-08
