VARIABLEs = X,u
ZONE I=101
datapacking=block
0
0.01
0.02
0.03
0.04
0.05
0.06
0.07
0.08
0.09
0.1
0.11
0.12
0.13
0.14
0.15
0.16
0.17
0.18
0.19
0.2
0.21
0.22
0.23
0.24
0.25
0.26
0.27
0.28
0.29
0.3
0.31
0.32
0.33
0.34
0.35
0.36
0.37
0.38
0.39
0.4
0.41
0.42
0.43
0.44
0.45
0.46
0.47
0.48
0.49
0.5
0.51
0.52
0.53
0.54
0.55
0.56
0.57
0.58
0.59
0.6
0.61
0.62
0.63
0.64
0.65
0.66
0.67
0.68
0.69
0.7
0.71
0.72
0.73
0.74
0.75
0.76
0.77
0.78
0.79
0.8
0.81
0.82
0.83
0.84
0.85
0.86
0.87
0.88
0.89
0.9
0.91
0.92
0.93
0.94
0.95
0.96
0.97
0.98
0.99
1
0
1.09183e-22
5.61513e-22
2.7474e-21
1.34073e-20
6.54131e-20
3.19049e-19
1.55481e-18
7.56136e-18
3.6617e-17
1.7599e-16
8.35824e-16
3.90259e-15
1.78198e-14
7.91766e-14
3.40843e-13
1.41665e-12
5.67004e-12
2.18141e-11
8.05783e-11
2.85606e-10
9.71179e-10
3.16857e-09
9.92211e-09
2.98354e-08
8.61985e-08
2.39437e-07
6.39887e-07
1.64641e-06
4.08132e-06
9.75411e-06
2.24899e-05
5.00591e-05
0.000107631
0.00022367
0.000449504
0.000874061
0.0016453
0.00299948
0.00529818
0.00907116
0.0150597
0.0242512
0.0378927
0.0574664
0.0846117
0.120982
0.168036
0.226772
0.297442
0.379296
0.470403
0.56763
0.666805
0.76308
0.851467
0.927471
0.9877
1.03036
1.05547
1.06485
1.06174
1.05021
1.03452
1.01843
1.0047
0.994857
0.989182
0.986914
0.986601
0.986455
0.98464
0.97944
0.969305
0.952801
0.928541
0.895162
0.851393
0.796231
0.729212
0.650709
0.562187
0.466326
0.366954
0.268762
0.176806
0.0958805
0.029865
-0.0188367
-0.0496354
-0.063803
-0.0642072
-0.0547859
-0.0398697
-0.023495
-0.00884442
0.0020831
0.0085338
0.0108159
0.0099507
0.00726344
