VARIABLEs = X,u
ZONE I=101
datapacking=block
0
0.01
0.02
0.03
0.04
0.05
0.06
0.07
0.08
0.09
0.1
0.11
0.12
0.13
0.14
0.15
0.16
0.17
0.18
0.19
0.2
0.21
0.22
0.23
0.24
0.25
0.26
0.27
0.28
0.29
0.3
0.31
0.32
0.33
0.34
0.35
0.36
0.37
0.38
0.39
0.4
0.41
0.42
0.43
0.44
0.45
0.46
0.47
0.48
0.49
0.5
0.51
0.52
0.53
0.54
0.55
0.56
0.57
0.58
0.59
0.6
0.61
0.62
0.63
0.64
0.65
0.66
0.67
0.68
0.69
0.7
0.71
0.72
0.73
0.74
0.75
0.76
0.77
0.78
0.79
0.8
0.81
0.82
0.83
0.84
0.85
0.86
0.87
0.88
0.89
0.9
0.91
0.92
0.93
0.94
0.95
0.96
0.97
0.98
0.99
1
0
9.4032e-13
4.83515e-12
2.36238e-11
1.14552e-10
5.48405e-10
2.56283e-09
1.15394e-08
4.94618e-08
1.99971e-07
7.5795e-07
2.68447e-06
8.8734e-06
2.73784e-05
7.8935e-05
0.000212983
0.000538787
0.0012803
0.00286319
0.00603719
0.0120233
0.022653
0.0404399
0.0685013
0.110249
0.168805
0.246187
0.342409
0.454752
0.5775
0.70237
0.819692
0.920143
0.996609
1.04567
1.0682
1.06898
1.05528
1.03505
1.01514
1.00003
0.991507
0.989064
0.990776
0.994337
0.997832
1.00011
1.00073
0.999656
0.996783
0.991542
0.9826
0.967743
0.943943
0.907663
0.855421
0.784583
0.694289
0.586287
0.465386
0.339258
0.217469
0.109844
0.0245364
-0.0336651
-0.0642887
-0.0710685
-0.0608085
-0.0415786
-0.0208096
-0.00384238
0.00671795
0.0107972
0.0100348
0.0067394
0.00299223
0.00012604
-0.00137722
-0.00168222
-0.0012682
-0.00062998
-0.000101907
0.000184199
0.000249501
0.000185747
8.58498e-05
7.88403e-06
-2.95111e-05
-3.38457e-05
-2.1864e-05
-7.73479e-06
1.40866e-06
4.57177e-06
3.88397e-06
1.91058e-06
2.8302e-07
-4.81582e-07
-5.60238e-07
-3.34583e-07
-9.48337e-08
3.91164e-08
