VARIABLEs = X,u
ZONE I=101
datapacking=block
0
0.01
0.02
0.03
0.04
0.05
0.06
0.07
0.08
0.09
0.1
0.11
0.12
0.13
0.14
0.15
0.16
0.17
0.18
0.19
0.2
0.21
0.22
0.23
0.24
0.25
0.26
0.27
0.28
0.29
0.3
0.31
0.32
0.33
0.34
0.35
0.36
0.37
0.38
0.39
0.4
0.41
0.42
0.43
0.44
0.45
0.46
0.47
0.48
0.49
0.5
0.51
0.52
0.53
0.54
0.55
0.56
0.57
0.58
0.59
0.6
0.61
0.62
0.63
0.64
0.65
0.66
0.67
0.68
0.69
0.7
0.71
0.72
0.73
0.74
0.75
0.76
0.77
0.78
0.79
0.8
0.81
0.82
0.83
0.84
0.85
0.86
0.87
0.88
0.89
0.9
0.91
0.92
0.93
0.94
0.95
0.96
0.97
0.98
0.99
1
0
4.12826e-17
2.12309e-16
1.0387e-15
5.06626e-15
2.46676e-14
1.19594e-13
5.74619e-13
2.7177e-12
1.25513e-11
5.61462e-11
2.41529e-10
9.93491e-10
3.89177e-09
1.44811e-08
5.11129e-08
1.71051e-07
5.42817e-07
1.63444e-06
4.67349e-06
1.27033e-05
3.28601e-05
8.09833e-05
0.000190365
0.000427287
0.000916762
0.00188206
0.00370053
0.00697484
0.0126126
0.0218984
0.0365319
0.0585972
0.0904275
0.13434
0.192242
0.265143
0.352666
0.452673
0.561134
0.672354
0.779579
0.875927
0.955471
1.01424
1.0509
1.06691
1.06614
1.05398
1.03625
1.01813
1.0033
0.993644
0.989301
0.989153
0.991417
0.994223
0.995982
0.995505
0.991882
0.98422
0.971369
0.951733
0.92326
0.883642
0.830711
0.762966
0.680146
0.583702
0.477038
0.365411
0.25542
0.154143
0.0680451
0.00189872
-0.0420347
-0.0643518
-0.0682788
-0.0589183
-0.0421621
-0.0235461
-0.00732543
0.0040326
0.00987335
0.0109724
0.0089206
0.00548333
0.0021059
-0.000343372
-0.0015917
-0.00181049
-0.00139304
-0.000750823
-0.000183024
0.000167585
0.000291761
0.00025774
0.000153933
5.00695e-05
-1.78692e-05
-4.4132e-05
