VARIABLEs = X,u
ZONE I=101
datapacking=block
0
0.01
0.02
0.03
0.04
0.05
0.06
0.07
0.08
0.09
0.1
0.11
0.12
0.13
0.14
0.15
0.16
0.17
0.18
0.19
0.2
0.21
0.22
0.23
0.24
0.25
0.26
0.27
0.28
0.29
0.3
0.31
0.32
0.33
0.34
0.35
0.36
0.37
0.38
0.39
0.4
0.41
0.42
0.43
0.44
0.45
0.46
0.47
0.48
0.49
0.5
0.51
0.52
0.53
0.54
0.55
0.56
0.57
0.58
0.59
0.6
0.61
0.62
0.63
0.64
0.65
0.66
0.67
0.68
0.69
0.7
0.71
0.72
0.73
0.74
0.75
0.76
0.77
0.78
0.79
0.8
0.81
0.82
0.83
0.84
0.85
0.86
0.87
0.88
0.89
0.9
0.91
0.92
0.93
0.94
0.95
0.96
0.97
0.98
0.99
1
0
1.96739e-05
9.82669e-05
0.000429666
0.00165052
0.00547888
0.0156889
0.0389964
0.0848982
0.163425
0.280677
0.433767
0.60817
0.780081
0.923795
1.02093
1.0668
1.07066
1.05018
1.02344
1.00277
0.992553
0.991111
0.994162
0.997873
1.00026
1.00105
1.00086
1.00038
1.00003
0.999895
0.999902
0.999942
0.999887
0.999383
0.997313
0.990805
0.974098
0.938119
0.87202
0.767276
0.623213
0.451009
0.272975
0.116117
0.00252557
-0.058588
-0.0730552
-0.0573713
-0.0306697
-0.00747303
0.00563857
0.00906369
0.00678836
0.00299724
0.000202786
-0.000951779
-0.00093987
-0.000491528
-9.68377e-05
8.6006e-05
0.000104022
5.68851e-05
1.23832e-05
-8.02846e-06
-1.00036e-05
-5.2062e-06
-9.57631e-07
7.95926e-07
8.49571e-07
3.86998e-07
4.1019e-08
-7.54726e-08
-6.27654e-08
-2.29858e-08
6.65319e-10
6.24566e-09
3.92936e-09
1.01558e-09
-2.99243e-10
-4.32391e-10
-2.01227e-10
-2.46539e-11
3.10221e-11
2.45366e-11
7.89279e-12
-7.02968e-13
-2.14727e-12
-1.11405e-12
-1.91481e-13
1.25114e-13
1.12236e-13
3.8158e-14
-1.43553e-15
-8.58105e-15
-4.5104e-15
-7.90593e-16
4.57046e-16
4.05772e-16
1.32123e-16
-6.74839e-18
