VARIABLEs = X,u
ZONE I=101
datapacking=block
0
0.01
0.02
0.03
0.04
0.05
0.06
0.07
0.08
0.09
0.1
0.11
0.12
0.13
0.14
0.15
0.16
0.17
0.18
0.19
0.2
0.21
0.22
0.23
0.24
0.25
0.26
0.27
0.28
0.29
0.3
0.31
0.32
0.33
0.34
0.35
0.36
0.37
0.38
0.39
0.4
0.41
0.42
0.43
0.44
0.45
0.46
0.47
0.48
0.49
0.5
0.51
0.52
0.53
0.54
0.55
0.56
0.57
0.58
0.59
0.6
0.61
0.62
0.63
0.64
0.65
0.66
0.67
0.68
0.69
0.7
0.71
0.72
0.73
0.74
0.75
0.76
0.77
0.78
0.79
0.8
0.81
0.82
0.83
0.84
0.85
0.86
0.87
0.88
0.89
0.9
0.91
0.92
0.93
0.94
0.95
0.96
0.97
0.98
0.99
1
0
2.33173e-11
1.19866e-10
5.84483e-10
2.81395e-09
1.32422e-08
5.9978e-08
2.57609e-07
1.03731e-06
3.8875e-06
1.35099e-05
4.34888e-05
0.000129746
0.000359321
0.00092564
0.00222316
0.00498988
0.0104905
0.020703
0.0384323
0.0672386
0.111065
0.173503
0.256751
0.360486
0.481009
0.611062
0.740589
0.858435
0.954625
1.02257
1.0605
1.07166
1.06316
1.04391
1.02233
1.00451
0.993481
0.98933
0.990234
0.99366
0.997391
1.00007
1.00123
1.00101
0.99964
0.997041
0.992464
0.984286
0.969913
0.945859
0.908066
0.852554
0.776403
0.678912
0.562615
0.433739
0.301757
0.177922
0.0730574
-0.00482104
-0.0522968
-0.0711665
-0.0676564
-0.0505203
-0.0286749
-0.00914782
0.00407864
0.0101307
0.0104257
0.00744378
0.00359078
0.000489733
-0.00120921
-0.00162194
-0.00124868
-0.000622539
-0.000102865
0.000172529
0.000229358
0.000164215
7.01348e-05
1.29621e-06
-2.82553e-05
-2.86334e-05
-1.65499e-05
-4.49523e-06
2.28196e-06
3.92977e-06
2.79804e-06
1.08899e-06
-5.91681e-08
-4.60203e-07
-3.91365e-07
-1.80156e-07
-1.76191e-08
4.87548e-08
4.82728e-08
2.43095e-08
3.98505e-09
-4.92689e-09
