VARIABLEs = X,u
ZONE I=101
datapacking=block
0
0.01
0.02
0.03
0.04
0.05
0.06
0.07
0.08
0.09
0.1
0.11
0.12
0.13
0.14
0.15
0.16
0.17
0.18
0.19
0.2
0.21
0.22
0.23
0.24
0.25
0.26
0.27
0.28
0.29
0.3
0.31
0.32
0.33
0.34
0.35
0.36
0.37
0.38
0.39
0.4
0.41
0.42
0.43
0.44
0.45
0.46
0.47
0.48
0.49
0.5
0.51
0.52
0.53
0.54
0.55
0.56
0.57
0.58
0.59
0.6
0.61
0.62
0.63
0.64
0.65
0.66
0.67
0.68
0.69
0.7
0.71
0.72
0.73
0.74
0.75
0.76
0.77
0.78
0.79
0.8
0.81
0.82
0.83
0.84
0.85
0.86
0.87
0.88
0.89
0.9
0.91
0.92
0.93
0.94
0.95
0.96
0.97
0.98
0.99
1
0
9.21229e-17
4.73771e-16
2.31783e-15
1.13038e-14
5.50145e-14
2.6642e-13
1.27705e-12
6.01485e-12
2.76039e-11
1.22422e-10
5.20956e-10
2.11554e-09
8.16734e-09
2.99078e-08
1.03763e-07
3.40988e-07
1.06172e-06
3.13449e-06
8.78262e-06
2.33807e-05
5.92068e-05
0.000142784
0.000328309
0.000720565
0.00151118
0.0030315
0.00582248
0.0107167
0.0189179
0.0320545
0.0521698
0.0816134
0.122799
0.177824
0.247978
0.333226
0.431775
0.539883
0.652009
0.761372
0.860868
0.944185
1.00688
1.04713
1.06602
1.06721
1.05607
1.03857
1.02012
1.00468
0.994376
0.989526
0.989087
0.991288
0.994234
0.99631
0.996328
0.993414
0.986747
0.975258
0.957418
0.931194
0.894219
0.844167
0.779282
0.69897
0.604322
0.498421
0.386312
0.27456
0.170402
0.0806494
0.0105417
-0.0371656
-0.0626458
-0.0688528
-0.0608065
-0.0444956
-0.0256814
-0.00889852
0.0031246
0.00954276
0.011033
0.00917175
0.00576661
0.00232869
-0.000212078
-0.00154123
-0.00181181
-0.00141679
-0.00077677
-0.000201748
0.000157546
0.000288024
0.000257273
0.000154621
5.09413e-05
-1.70621e-05
-4.33954e-05
-4.0009e-05
