VARIABLEs = X,u
ZONE I=101
datapacking=block
0
0.01
0.02
0.03
0.04
0.05
0.06
0.07
0.08
0.09
0.1
0.11
0.12
0.13
0.14
0.15
0.16
0.17
0.18
0.19
0.2
0.21
0.22
0.23
0.24
0.25
0.26
0.27
0.28
0.29
0.3
0.31
0.32
0.33
0.34
0.35
0.36
0.37
0.38
0.39
0.4
0.41
0.42
0.43
0.44
0.45
0.46
0.47
0.48
0.49
0.5
0.51
0.52
0.53
0.54
0.55
0.56
0.57
0.58
0.59
0.6
0.61
0.62
0.63
0.64
0.65
0.66
0.67
0.68
0.69
0.7
0.71
0.72
0.73
0.74
0.75
0.76
0.77
0.78
0.79
0.8
0.81
0.82
0.83
0.84
0.85
0.86
0.87
0.88
0.89
0.9
0.91
0.92
0.93
0.94
0.95
0.96
0.97
0.98
0.99
1
0
3.71505e-18
1.91059e-17
9.34783e-17
4.56051e-16
2.22253e-15
1.08024e-14
5.21888e-14
2.4931e-13
1.16968e-12
5.34944e-12
2.36781e-11
1.00812e-10
4.10892e-10
1.59788e-09
5.91626e-09
2.08332e-08
6.97445e-08
2.22017e-07
6.7238e-07
1.93879e-06
5.32759e-06
1.39651e-05
3.49556e-05
8.36358e-05
0.000191472
0.00041983
0.000882472
0.00177978
0.00344686
0.00641522
0.0114826
0.0197787
0.0328065
0.0524296
0.0807766
0.120036
0.172137
0.238336
0.31877
0.412077
0.515182
0.623367
0.730669
0.830598
0.917062
0.985332
1.03282
1.05947
1.06772
1.0619
1.04735
1.02942
1.01253
0.999571
0.991759
0.988795
0.989354
0.99163
0.993816
0.994377
0.992099
0.985946
0.974827
0.957384
0.931888
0.896326
0.84867
0.787314
0.711576
0.622181
0.521578
0.413981
0.30508
0.201391
0.109353
0.0343258
-0.0202885
-0.0535996
-0.0673081
-0.0652824
-0.0527309
-0.0351719
-0.0174484
-0.00301258
0.00638653
0.0105965
0.0106336
0.00809973
0.00462266
0.00145396
-0.000713056
-0.00172096
-0.00178972
-0.00131038
-0.000666099
-0.000123587
0.000198228
0.000301721
0.000257111
0.000149916
