VARIABLEs = X,u
ZONE I=101
datapacking=block
0
0.01
0.02
0.03
0.04
0.05
0.06
0.07
0.08
0.09
0.1
0.11
0.12
0.13
0.14
0.15
0.16
0.17
0.18
0.19
0.2
0.21
0.22
0.23
0.24
0.25
0.26
0.27
0.28
0.29
0.3
0.31
0.32
0.33
0.34
0.35
0.36
0.37
0.38
0.39
0.4
0.41
0.42
0.43
0.44
0.45
0.46
0.47
0.48
0.49
0.5
0.51
0.52
0.53
0.54
0.55
0.56
0.57
0.58
0.59
0.6
0.61
0.62
0.63
0.64
0.65
0.66
0.67
0.68
0.69
0.7
0.71
0.72
0.73
0.74
0.75
0.76
0.77
0.78
0.79
0.8
0.81
0.82
0.83
0.84
0.85
0.86
0.87
0.88
0.89
0.9
0.91
0.92
0.93
0.94
0.95
0.96
0.97
0.98
0.99
1
0
7.30896e-23
3.75889e-22
1.83917e-21
8.97515e-21
4.37894e-20
2.13588e-19
1.04098e-18
5.06371e-18
2.45341e-17
1.18024e-16
5.61337e-16
2.62646e-15
1.20265e-14
5.36241e-14
2.31814e-13
9.68136e-13
3.89568e-12
1.50751e-11
5.60328e-11
1.99911e-10
6.8445e-10
2.24898e-09
7.09409e-09
2.1492e-08
6.25703e-08
1.75165e-07
4.71851e-07
1.22388e-06
3.0588e-06
7.37114e-06
1.71387e-05
3.84733e-05
8.34344e-05
0.0001749
0.000354594
0.000695663
0.00132131
0.00243082
0.00433337
0.00748856
0.0125497
0.0204024
0.032187
0.0492906
0.0732911
0.105843
0.148492
0.202438
0.268252
0.345607
0.433064
0.527987
0.626622
0.724379
0.816301
0.897654
0.964555
1.01452
1.04681
1.0625
1.06425
1.05585
1.04151
1.02524
1.01026
0.998632
0.991156
0.987491
0.986446
0.986343
0.985335
0.981637
0.973615
0.959785
0.938743
0.909123
0.869619
0.819115
0.756919
0.683051
0.598513
0.50548
0.407309
0.308351
0.213535
0.127798
0.0554353
-0.000508906
-0.038674
-0.0595582
-0.0653844
-0.0596805
-0.0466591
-0.0305265
-0.0148614
-0.00218198
0.00623124
0.010254
0.0106342
0.00860156
