VARIABLEs = X,u
ZONE I=101
datapacking=block
0
0.01
0.02
0.03
0.04
0.05
0.06
0.07
0.08
0.09
0.1
0.11
0.12
0.13
0.14
0.15
0.16
0.17
0.18
0.19
0.2
0.21
0.22
0.23
0.24
0.25
0.26
0.27
0.28
0.29
0.3
0.31
0.32
0.33
0.34
0.35
0.36
0.37
0.38
0.39
0.4
0.41
0.42
0.43
0.44
0.45
0.46
0.47
0.48
0.49
0.5
0.51
0.52
0.53
0.54
0.55
0.56
0.57
0.58
0.59
0.6
0.61
0.62
0.63
0.64
0.65
0.66
0.67
0.68
0.69
0.7
0.71
0.72
0.73
0.74
0.75
0.76
0.77
0.78
0.79
0.8
0.81
0.82
0.83
0.84
0.85
0.86
0.87
0.88
0.89
0.9
0.91
0.92
0.93
0.94
0.95
0.96
0.97
0.98
0.99
1
0
7.77284e-11
3.99495e-10
1.94547e-09
9.32621e-09
4.34741e-08
1.93764e-07
8.13399e-07
3.18171e-06
1.15251e-05
3.85575e-05
0.000119111
0.000340182
0.000900069
0.00221157
0.00505936
0.0108033
0.0215844
0.0404422
0.0712151
0.118091
0.184753
0.273198
0.38252
0.508071
0.641453
0.771587
0.886779
0.977248
1.03738
1.06696
1.07084
1.05742
1.03611
1.01503
0.999406
0.991112
0.989292
0.991586
0.9954
0.998797
1.00083
1.0014
1.00082
0.999339
0.996769
0.992175
0.983708
0.968522
0.942853
0.902381
0.842977
0.761817
0.658661
0.536905
0.403914
0.270293
0.148055
0.0480782
-0.0223865
-0.0613621
-0.0723494
-0.0630289
-0.0429349
-0.02092
-0.00323657
0.00726033
0.0107568
0.00934962
0.00570949
0.00203337
-0.000459624
-0.00150916
-0.00147439
-0.000922508
-0.000325537
6.81283e-05
0.000216551
0.000195491
0.000107362
2.58287e-05
-1.8996e-05
-2.93319e-05
-2.08464e-05
-8.32486e-06
3.00004e-07
3.51158e-06
3.14071e-06
1.55248e-06
2.36499e-07
-3.59225e-07
-4.04576e-07
-2.2623e-07
-5.31384e-08
3.35352e-08
4.69599e-08
2.81399e-08
7.62777e-09
-3.0993e-09
-5.06719e-09
-3.10617e-09
