VARIABLEs = X,u
ZONE I=101
datapacking=block
0
0.01
0.02
0.03
0.04
0.05
0.06
0.07
0.08
0.09
0.1
0.11
0.12
0.13
0.14
0.15
0.16
0.17
0.18
0.19
0.2
0.21
0.22
0.23
0.24
0.25
0.26
0.27
0.28
0.29
0.3
0.31
0.32
0.33
0.34
0.35
0.36
0.37
0.38
0.39
0.4
0.41
0.42
0.43
0.44
0.45
0.46
0.47
0.48
0.49
0.5
0.51
0.52
0.53
0.54
0.55
0.56
0.57
0.58
0.59
0.6
0.61
0.62
0.63
0.64
0.65
0.66
0.67
0.68
0.69
0.7
0.71
0.72
0.73
0.74
0.75
0.76
0.77
0.78
0.79
0.8
0.81
0.82
0.83
0.84
0.85
0.86
0.87
0.88
0.89
0.9
0.91
0.92
0.93
0.94
0.95
0.96
0.97
0.98
0.99
1
0
0.000487858
0.00231514
0.00887901
0.0279578
0.0726917
0.158465
0.294671
0.47518
0.674865
0.857137
0.989576
1.05814
1.0711
1.05127
1.02296
1.00194
0.992831
0.992592
0.995943
0.999064
1.00058
1.00079
1.00045
1.0001
0.999947
0.99993
0.999964
0.999994
1.00001
1.00001
0.999955
0.999406
0.99626
0.984435
0.951858
0.882032
0.761468
0.590443
0.389497
0.194806
0.0430945
-0.0448766
-0.0717687
-0.0583067
-0.0302146
-0.00639393
0.00572959
0.00777032
0.00492245
0.00157138
-0.000337623
-0.000793809
-0.000529457
-0.000169274
2.93739e-05
7.124e-05
4.36824e-05
1.15364e-05
-3.70281e-06
-5.59172e-06
-2.82595e-06
-4.67073e-07
3.93208e-07
3.66353e-07
1.38893e-07
1.35238e-09
-3.10011e-08
-1.91707e-08
-4.65104e-09
1.41828e-09
1.83002e-09
7.61526e-10
5.56538e-11
-1.24785e-10
-8.13747e-11
-2.03306e-11
4.84902e-12
6.60682e-12
2.64165e-12
1.60922e-13
-4.10791e-13
-2.46616e-13
-5.35947e-14
1.69965e-14
1.84046e-14
6.39332e-15
4.23308e-18
-1.11428e-15
-5.59472e-16
-8.77536e-17
5.15832e-17
4.01557e-17
1.10303e-17
-1.28306e-18
-2.43122e-18
-9.60094e-19
-6.63336e-20
1.22387e-19
6.84826e-20
1.29169e-20
