VARIABLEs = X,u
ZONE I=101
datapacking=block
0
0.01
0.02
0.03
0.04
0.05
0.06
0.07
0.08
0.09
0.1
0.11
0.12
0.13
0.14
0.15
0.16
0.17
0.18
0.19
0.2
0.21
0.22
0.23
0.24
0.25
0.26
0.27
0.28
0.29
0.3
0.31
0.32
0.33
0.34
0.35
0.36
0.37
0.38
0.39
0.4
0.41
0.42
0.43
0.44
0.45
0.46
0.47
0.48
0.49
0.5
0.51
0.52
0.53
0.54
0.55
0.56
0.57
0.58
0.59
0.6
0.61
0.62
0.63
0.64
0.65
0.66
0.67
0.68
0.69
0.7
0.71
0.72
0.73
0.74
0.75
0.76
0.77
0.78
0.79
0.8
0.81
0.82
0.83
0.84
0.85
0.86
0.87
0.88
0.89
0.9
0.91
0.92
0.93
0.94
0.95
0.96
0.97
0.98
0.99
1
0
2.014e-20
1.03577e-19
5.06784e-19
2.47296e-18
1.20623e-17
5.87819e-17
2.85779e-16
1.38238e-15
6.62577e-15
3.12977e-14
1.44807e-13
6.52219e-13
2.84386e-12
1.19492e-11
4.82145e-11
1.86366e-10
6.89034e-10
2.43473e-09
8.22015e-09
2.65209e-08
8.18001e-08
2.41346e-07
6.81648e-07
1.84441e-06
4.78513e-06
1.19133e-05
2.84859e-05
6.54698e-05
0.000144745
0.000308064
0.000631626
0.00124839
0.00238005
0.00437946
0.00778201
0.0133605
0.0221726
0.0355851
0.0552531
0.0830328
0.120812
0.170252
0.232462
0.307649
0.394801
0.491498
0.593922
0.697109
0.79546
0.883442
0.956367
1.0111
1.04652
1.06369
1.06556
1.0564
1.04101
1.0239
1.0086
0.997277
0.990646
0.98818
0.988513
0.989876
0.990463
0.988646
0.983008
0.972253
0.955057
0.929958
0.895358
0.849673
0.791623
0.720617
0.637144
0.543064
0.441709
0.337724
0.23663
0.144152
0.0654234
0.00421814
-0.0376316
-0.06049
-0.0667834
-0.0604981
-0.0464208
-0.0292926
-0.0130621
-0.000390017
0.00751879
0.0107626
0.0103589
0.00775934
0.00439675
0.001365
-0.000725769
-0.00172991
-0.00183606
-0.00139423
