VARIABLEs = X,u
ZONE I=101
datapacking=block
0
0.01
0.02
0.03
0.04
0.05
0.06
0.07
0.08
0.09
0.1
0.11
0.12
0.13
0.14
0.15
0.16
0.17
0.18
0.19
0.2
0.21
0.22
0.23
0.24
0.25
0.26
0.27
0.28
0.29
0.3
0.31
0.32
0.33
0.34
0.35
0.36
0.37
0.38
0.39
0.4
0.41
0.42
0.43
0.44
0.45
0.46
0.47
0.48
0.49
0.5
0.51
0.52
0.53
0.54
0.55
0.56
0.57
0.58
0.59
0.6
0.61
0.62
0.63
0.64
0.65
0.66
0.67
0.68
0.69
0.7
0.71
0.72
0.73
0.74
0.75
0.76
0.77
0.78
0.79
0.8
0.81
0.82
0.83
0.84
0.85
0.86
0.87
0.88
0.89
0.9
0.91
0.92
0.93
0.94
0.95
0.96
0.97
0.98
0.99
1
0
1.77562e-25
9.13176e-25
4.46804e-24
2.18043e-23
1.0639e-22
5.19069e-22
2.53193e-21
1.23426e-20
6.00799e-20
2.91584e-19
1.40762e-18
6.73737e-18
3.1846e-17
1.48007e-16
6.73386e-16
2.98698e-15
1.28723e-14
5.37395e-14
2.16869e-13
8.44672e-13
3.17186e-12
1.14766e-11
4.0001e-11
1.34304e-10
4.34458e-10
1.35455e-09
4.07206e-09
1.18093e-08
3.30568e-08
8.93648e-08
2.33448e-07
5.89635e-07
1.44075e-06
3.40758e-06
7.80526e-06
1.73235e-05
3.7274e-05
7.77859e-05
0.000157512
0.000309616
0.000591025
0.00109603
0.00197525
0.00346056
0.00589558
0.00976978
0.0157519
0.0247159
0.0377496
0.0561346
0.0812859
0.114643
0.157511
0.210854
0.275072
0.349784
0.433665
0.524379
0.618643
0.712458
0.801467
0.881437
0.948766
1.00095
1.03692
1.05715
1.06354
1.05914
1.04757
1.03254
1.01726
1.00409
0.994296
0.98806
0.984639
0.982628
0.980254
0.975636
0.966956
0.952555
0.930944
0.900815
0.861053
0.810826
0.749726
0.677967
0.596575
0.507523
0.41375
0.319018
0.22761
0.143879
0.0717336
0.0141256
-0.0273434
-0.0526313
-0.063225
-0.0618727
-0.0521271
-0.037788
