VARIABLEs = X,u
ZONE I=101
datapacking=block
0
0.01
0.02
0.03
0.04
0.05
0.06
0.07
0.08
0.09
0.1
0.11
0.12
0.13
0.14
0.15
0.16
0.17
0.18
0.19
0.2
0.21
0.22
0.23
0.24
0.25
0.26
0.27
0.28
0.29
0.3
0.31
0.32
0.33
0.34
0.35
0.36
0.37
0.38
0.39
0.4
0.41
0.42
0.43
0.44
0.45
0.46
0.47
0.48
0.49
0.5
0.51
0.52
0.53
0.54
0.55
0.56
0.57
0.58
0.59
0.6
0.61
0.62
0.63
0.64
0.65
0.66
0.67
0.68
0.69
0.7
0.71
0.72
0.73
0.74
0.75
0.76
0.77
0.78
0.79
0.8
0.81
0.82
0.83
0.84
0.85
0.86
0.87
0.88
0.89
0.9
0.91
0.92
0.93
0.94
0.95
0.96
0.97
0.98
0.99
1
0
5.09766e-15
2.62157e-14
1.28226e-13
6.2463e-13
3.0287e-12
1.4535e-11
6.84556e-11
3.13263e-10
1.37935e-09
5.79608e-09
2.31023e-08
8.7002e-08
3.08897e-07
1.03312e-06
3.25523e-06
9.66982e-06
2.71101e-05
7.18268e-05
0.000180091
0.000427923
0.000964988
0.002068
0.00421708
0.00819288
0.0151817
0.0268612
0.0454237
0.0734843
0.113826
0.16896
0.240535
0.328685
0.431485
0.54469
0.661934
0.77544
0.877188
0.96029
1.02027
1.05586
1.0692
1.06513
1.05012
1.03075
1.0125
0.998875
0.991197
0.988948
0.990464
0.993705
0.996869
0.998692
0.998435
0.995609
0.989615
0.979392
0.96322
0.938713
0.903047
0.853411
0.787633
0.704879
0.606291
0.495367
0.377916
0.261492
0.15433
0.0639629
-0.00415071
-0.0476466
-0.0676269
-0.0682673
-0.0557627
-0.0369074
-0.0177018
-0.00234481
0.00717688
0.0108922
0.0102105
0.00711578
0.00345363
0.00048517
-0.0012435
-0.00177837
-0.00150396
-0.000884293
-0.000282632
0.000111602
0.000267391
0.000249869
0.000152736
5.15368e-05
-1.47053e-05
-3.9756e-05
-3.60439e-05
-2.04461e-05
-5.48975e-06
3.27012e-06
5.76032e-06
4.47911e-06
