VARIABLEs = X,u
ZONE I=101
datapacking=block
0
0.01
0.02
0.03
0.04
0.05
0.06
0.07
0.08
0.09
0.1
0.11
0.12
0.13
0.14
0.15
0.16
0.17
0.18
0.19
0.2
0.21
0.22
0.23
0.24
0.25
0.26
0.27
0.28
0.29
0.3
0.31
0.32
0.33
0.34
0.35
0.36
0.37
0.38
0.39
0.4
0.41
0.42
0.43
0.44
0.45
0.46
0.47
0.48
0.49
0.5
0.51
0.52
0.53
0.54
0.55
0.56
0.57
0.58
0.59
0.6
0.61
0.62
0.63
0.64
0.65
0.66
0.67
0.68
0.69
0.7
0.71
0.72
0.73
0.74
0.75
0.76
0.77
0.78
0.79
0.8
0.81
0.82
0.83
0.84
0.85
0.86
0.87
0.88
0.89
0.9
0.91
0.92
0.93
0.94
0.95
0.96
0.97
0.98
0.99
1
0
1.52922e-15
7.86439e-15
3.84699e-14
1.87487e-13
9.10419e-13
4.38421e-12
2.07821e-11
9.60805e-11
4.29154e-10
1.8365e-09
7.48074e-09
2.88761e-08
1.05344e-07
3.62745e-07
1.1787e-06
3.61578e-06
1.04803e-05
2.87347e-05
7.46213e-05
0.000183789
0.000429892
0.000956206
0.00202509
0.0040884
0.00787717
0.0144994
0.0255221
0.0430001
0.069403
0.107397
0.159457
0.227332
0.311434
0.410302
0.520295
0.635682
0.749209
0.853102
0.940345
1.00593
1.04776
1.06698
1.06759
1.05548
1.03712
1.01826
1.00297
0.993266
0.989218
0.989531
0.992271
0.995523
0.997794
0.998109
0.995835
0.990352
0.980707
0.965373
0.942189
0.908527
0.861681
0.799433
0.72072
0.626253
0.518939
0.403925
0.288174
0.17956
0.0856169
0.0122206
-0.0374898
-0.063644
-0.0694771
-0.0605002
-0.0432337
-0.0238455
-0.00705014
0.00448306
0.0101366
0.0108691
0.00848139
0.00488248
0.00155371
-0.000694157
-0.00169161
-0.00170602
-0.00118401
-0.000539487
-3.74828e-05
0.000225817
0.000278875
0.000207951
0.000100311
1.30718e-05
-3.26442e-05
-4.16771e-05
-3.00473e-05
-1.32427e-05
-5.62713e-07
5.26989e-06
