VARIABLEs = X,u
ZONE I=101
datapacking=block
0
0.01
0.02
0.03
0.04
0.05
0.06
0.07
0.08
0.09
0.1
0.11
0.12
0.13
0.14
0.15
0.16
0.17
0.18
0.19
0.2
0.21
0.22
0.23
0.24
0.25
0.26
0.27
0.28
0.29
0.3
0.31
0.32
0.33
0.34
0.35
0.36
0.37
0.38
0.39
0.4
0.41
0.42
0.43
0.44
0.45
0.46
0.47
0.48
0.49
0.5
0.51
0.52
0.53
0.54
0.55
0.56
0.57
0.58
0.59
0.6
0.61
0.62
0.63
0.64
0.65
0.66
0.67
0.68
0.69
0.7
0.71
0.72
0.73
0.74
0.75
0.76
0.77
0.78
0.79
0.8
0.81
0.82
0.83
0.84
0.85
0.86
0.87
0.88
0.89
0.9
0.91
0.92
0.93
0.94
0.95
0.96
0.97
0.98
0.99
1
0
0.299985
0.684476
0.957982
1.05169
1.04165
1.01342
0.999494
0.99744
0.998842
0.999852
1.0001
1.00007
1.00001
0.999997
0.999997
0.999999
1
1
1
1
1
1
1
1
1
1
1
1
1
1
0.792824
0.410345
0.0940638
-0.0379556
-0.0442012
-0.0175786
-0.00127954
0.00234429
0.00133522
0.00026376
-7.55176e-05
-7.00152e-05
-1.97698e-05
8.8764e-07
2.88807e-06
1.06037e-06
7.22025e-08
-9.79808e-08
-4.66486e-08
-6.71653e-09
2.719e-09
1.77907e-09
3.68414e-10
-5.62559e-11
-6.04204e-11
-1.62244e-11
4.33118e-13
1.8488e-12
6.23213e-13
3.4641e-14
-5.09399e-14
-2.16401e-14
-2.57581e-15
1.24211e-15
6.91804e-16
1.20693e-16
-2.53497e-17
-2.05535e-17
-4.69319e-18
3.49031e-19
5.69382e-19
1.62987e-19
2.07018e-21
-1.46688e-20
-5.21306e-21
-4.06587e-22
3.47594e-22
1.55942e-22
2.07296e-23
-7.36845e-24
-4.39739e-24
-8.08407e-25
1.29586e-25
1.17262e-25
2.76034e-26
-1.37129e-27
-2.95423e-27
-8.64162e-28
-2.28678e-29
6.99051e-29
2.53287e-29
2.1823e-30
-1.53199e-30
-7.02448e-31
-9.69054e-32
3.01197e-32
1.85275e-32
3.46494e-33
-4.8763e-34
-4.65355e-34
