VARIABLEs = X,u
ZONE I=101
datapacking=block
0
0.01
0.02
0.03
0.04
0.05
0.06
0.07
0.08
0.09
0.1
0.11
0.12
0.13
0.14
0.15
0.16
0.17
0.18
0.19
0.2
0.21
0.22
0.23
0.24
0.25
0.26
0.27
0.28
0.29
0.3
0.31
0.32
0.33
0.34
0.35
0.36
0.37
0.38
0.39
0.4
0.41
0.42
0.43
0.44
0.45
0.46
0.47
0.48
0.49
0.5
0.51
0.52
0.53
0.54
0.55
0.56
0.57
0.58
0.59
0.6
0.61
0.62
0.63
0.64
0.65
0.66
0.67
0.68
0.69
0.7
0.71
0.72
0.73
0.74
0.75
0.76
0.77
0.78
0.79
0.8
0.81
0.82
0.83
0.84
0.85
0.86
0.87
0.88
0.89
0.9
0.91
0.92
0.93
0.94
0.95
0.96
0.97
0.98
0.99
1
0
6.99484e-12
3.59627e-11
1.75526e-10
8.47846e-10
4.02052e-09
1.84581e-08
8.08706e-08
3.34153e-07
1.29154e-06
4.64788e-06
1.55434e-05
4.82987e-05
0.000139599
0.000375944
0.000945245
0.00222372
0.00490528
0.0101672
0.0198404
0.0365185
0.0635096
0.104528
0.163062
0.241454
0.339862
0.45541
0.581871
0.710178
0.829805
0.930775
1.00577
1.05172
1.07034
1.0674
1.05109
1.02983
1.01041
0.996834
0.990202
0.989362
0.992018
0.995809
0.999019
1.00081
1.00106
0.99992
0.997372
0.992839
0.98492
0.971277
0.94869
0.913349
0.861422
0.789929
0.697793
0.586813
0.462205
0.332373
0.207768
0.0989866
0.0145559
-0.0409224
-0.0676944
-0.0705192
-0.0571906
-0.036414
-0.0157279
-8.52893e-05
0.00858628
0.0109031
0.00897659
0.00526534
0.00171488
-0.000632297
-0.00158934
-0.00151523
-0.000949337
-0.000341235
6.70541e-05
0.000229033
0.000214512
0.000124403
3.55347e-05
-1.71816e-05
-3.25594e-05
-2.54345e-05
-1.17222e-05
-1.09274e-06
3.66526e-06
3.9429e-06
2.29374e-06
6.19565e-07
-3.04186e-07
-5.13389e-07
-3.52425e-07
-1.27151e-07
1.55089e-08
5.95866e-08
4.65142e-08
1.92166e-08
