VARIABLEs = X,u
ZONE I=101
datapacking=block
0
0.01
0.02
0.03
0.04
0.05
0.06
0.07
0.08
0.09
0.1
0.11
0.12
0.13
0.14
0.15
0.16
0.17
0.18
0.19
0.2
0.21
0.22
0.23
0.24
0.25
0.26
0.27
0.28
0.29
0.3
0.31
0.32
0.33
0.34
0.35
0.36
0.37
0.38
0.39
0.4
0.41
0.42
0.43
0.44
0.45
0.46
0.47
0.48
0.49
0.5
0.51
0.52
0.53
0.54
0.55
0.56
0.57
0.58
0.59
0.6
0.61
0.62
0.63
0.64
0.65
0.66
0.67
0.68
0.69
0.7
0.71
0.72
0.73
0.74
0.75
0.76
0.77
0.78
0.79
0.8
0.81
0.82
0.83
0.84
0.85
0.86
0.87
0.88
0.89
0.9
0.91
0.92
0.93
0.94
0.95
0.96
0.97
0.98
0.99
1
0
2.94749e-24
1.51585e-23
7.41684e-23
3.61946e-22
1.76601e-21
8.61552e-21
4.20138e-20
2.04664e-19
9.94636e-19
4.81193e-18
2.3101e-17
1.09607e-16
5.11596e-16
2.33793e-15
1.04134e-14
4.50308e-14
1.88447e-13
7.6132e-13
2.96405e-12
1.11082e-11
4.00458e-11
1.38836e-10
4.62901e-10
1.4846e-09
4.58171e-09
1.36131e-08
3.89615e-08
1.07478e-07
2.85945e-07
7.34158e-07
1.82017e-06
4.3603e-06
1.00985e-05
2.26247e-05
4.90606e-05
0.000103022
0.000209601
0.000413355
0.000790517
0.00146668
0.002641
0.00461702
0.00783904
0.0129303
0.0207262
0.0322937
0.0489226
0.0720768
0.103294
0.144025
0.195424
0.258106
0.331892
0.415623
0.507047
0.602867
0.69895
0.790712
0.873615
0.943743
0.998312
1.03605
1.05736
1.06421
1.05977
1.04789
1.03248
1.01694
1.00373
0.994168
0.98841
0.985665
0.984483
0.983071
0.979564
0.972189
0.959326
0.939505
0.911376
0.87372
0.825529
0.766172
0.695629
0.614719
0.525285
0.430237
0.333435
0.239371
0.152692
0.0776362
0.0174617
-0.0260006
-0.0525939
-0.0638171
-0.0625421
-0.0525178
-0.0377609
-0.0219542
-0.00796761
0.00241705
