VARIABLEs = X,u
ZONE I=101
datapacking=block
0
0.01
0.02
0.03
0.04
0.05
0.06
0.07
0.08
0.09
0.1
0.11
0.12
0.13
0.14
0.15
0.16
0.17
0.18
0.19
0.2
0.21
0.22
0.23
0.24
0.25
0.26
0.27
0.28
0.29
0.3
0.31
0.32
0.33
0.34
0.35
0.36
0.37
0.38
0.39
0.4
0.41
0.42
0.43
0.44
0.45
0.46
0.47
0.48
0.49
0.5
0.51
0.52
0.53
0.54
0.55
0.56
0.57
0.58
0.59
0.6
0.61
0.62
0.63
0.64
0.65
0.66
0.67
0.68
0.69
0.7
0.71
0.72
0.73
0.74
0.75
0.76
0.77
0.78
0.79
0.8
0.81
0.82
0.83
0.84
0.85
0.86
0.87
0.88
0.89
0.9
0.91
0.92
0.93
0.94
0.95
0.96
0.97
0.98
0.99
1
0
1.32084e-24
6.79292e-24
3.32368e-23
1.62197e-22
7.91399e-22
3.86098e-21
1.88299e-20
9.17491e-20
4.46128e-19
2.16058e-18
1.03912e-17
4.94405e-17
2.31683e-16
1.06431e-15
4.77156e-15
2.07938e-14
8.77913e-14
3.58178e-13
1.40948e-12
5.34293e-12
1.94952e-11
6.84456e-11
2.31207e-10
7.51566e-10
2.35172e-09
7.08673e-09
2.05767e-08
5.75998e-08
1.5554e-07
4.05417e-07
1.02062e-06
2.48308e-06
5.84162e-06
1.32966e-05
2.92985e-05
6.25281e-05
0.000129314
0.000259274
0.000504206
0.00095142
0.00174269
0.00309965
0.00535543
0.0089909
0.0146712
0.0232755
0.0359099
0.0538904
0.0786843
0.111798
0.154611
0.208159
0.272893
0.348449
0.433464
0.52551
0.621161
0.716234
0.80619
0.886636
0.953879
1.00541
1.04026
1.05907
1.06398
1.05827
1.04575
1.03025
1.01498
1.00224
0.993157
0.987751
0.985131
0.983791
0.98192
0.977649
0.96921
0.954994
0.933545
0.903542
0.863822
0.813472
0.752003
0.679568
0.597183
0.50688
0.411722
0.31565
0.223145
0.138744
0.06648
0.00934277
-0.0311298
-0.0550532
-0.0641367
-0.0613706
-0.0505206
-0.0355269
-0.0199291
-0.00642177
