VARIABLEs = X,u
ZONE I=101
datapacking=block
0
0.01
0.02
0.03
0.04
0.05
0.06
0.07
0.08
0.09
0.1
0.11
0.12
0.13
0.14
0.15
0.16
0.17
0.18
0.19
0.2
0.21
0.22
0.23
0.24
0.25
0.26
0.27
0.28
0.29
0.3
0.31
0.32
0.33
0.34
0.35
0.36
0.37
0.38
0.39
0.4
0.41
0.42
0.43
0.44
0.45
0.46
0.47
0.48
0.49
0.5
0.51
0.52
0.53
0.54
0.55
0.56
0.57
0.58
0.59
0.6
0.61
0.62
0.63
0.64
0.65
0.66
0.67
0.68
0.69
0.7
0.71
0.72
0.73
0.74
0.75
0.76
0.77
0.78
0.79
0.8
0.81
0.82
0.83
0.84
0.85
0.86
0.87
0.88
0.89
0.9
0.91
0.92
0.93
0.94
0.95
0.96
0.97
0.98
0.99
1
0
8.1219e-22
4.17697e-21
2.04373e-20
9.97324e-20
4.86555e-19
2.37261e-18
1.15549e-17
5.61085e-17
2.70887e-16
1.29502e-15
6.0994e-15
2.81445e-14
1.26532e-13
5.5152e-13
2.32115e-12
9.40304e-12
3.65841e-11
1.36506e-10
4.88092e-10
1.67187e-09
5.48632e-09
1.72532e-08
5.20213e-08
1.50482e-07
4.17904e-07
1.115e-06
2.86025e-06
7.0597e-06
1.6778e-05
3.84219e-05
8.48392e-05
0.000180751
0.000371791
0.00073877
0.0014189
0.00263543
0.00473609
0.00823859
0.0138782
0.022648
0.0358182
0.0549161
0.0816504
0.117764
0.164812
0.223881
0.295282
0.378261
0.470816
0.569666
0.670425
0.768004
0.85719
0.933332
0.992992
1.03445
1.05795
1.06558
1.06087
1.04816
1.03187
1.01577
1.00253
0.993506
0.988754
0.987338
0.987691
0.987994
0.986455
0.981445
0.971499
0.955235
0.93126
0.898142
0.854495
0.799187
0.731647
0.6522
0.562343
0.464884
0.363856
0.264202
0.171227
0.0899198
0.0242469
-0.0234302
-0.0526954
-0.0650908
-0.0637936
-0.0530224
-0.0372986
-0.0207222
-0.00640883
0.00381221
0.0094068
0.0108944
0.00945035
0.00647016
0.00320173
0.00051411
