VARIABLEs = X,u
ZONE I=101
datapacking=block
0
0.01
0.02
0.03
0.04
0.05
0.06
0.07
0.08
0.09
0.1
0.11
0.12
0.13
0.14
0.15
0.16
0.17
0.18
0.19
0.2
0.21
0.22
0.23
0.24
0.25
0.26
0.27
0.28
0.29
0.3
0.31
0.32
0.33
0.34
0.35
0.36
0.37
0.38
0.39
0.4
0.41
0.42
0.43
0.44
0.45
0.46
0.47
0.48
0.49
0.5
0.51
0.52
0.53
0.54
0.55
0.56
0.57
0.58
0.59
0.6
0.61
0.62
0.63
0.64
0.65
0.66
0.67
0.68
0.69
0.7
0.71
0.72
0.73
0.74
0.75
0.76
0.77
0.78
0.79
0.8
0.81
0.82
0.83
0.84
0.85
0.86
0.87
0.88
0.89
0.9
0.91
0.92
0.93
0.94
0.95
0.96
0.97
0.98
0.99
1
0
1.46776e-23
7.54846e-23
3.69335e-22
1.80237e-21
8.79393e-21
4.28982e-20
2.09145e-19
1.01819e-18
4.94173e-18
2.38476e-17
1.14006e-16
5.37482e-16
2.48654e-15
1.12328e-14
4.93293e-14
2.09801e-13
8.61614e-13
3.40935e-12
1.2979e-11
4.74926e-11
1.66968e-10
5.6392e-10
1.82999e-09
5.7079e-09
1.71201e-08
4.94063e-08
1.37268e-07
3.67409e-07
9.47995e-07
2.35952e-06
5.66865e-06
1.31537e-05
2.94978e-05
6.3967e-05
0.000134211
0.00027259
0.000536217
0.00102206
0.00188849
0.00338395
0.00588266
0.00992467
0.0162553
0.0258547
0.0399462
0.0599676
0.0874928
0.124093
0.171135
0.229539
0.299507
0.38029
0.470024
0.565714
0.663382
0.758402
0.845996
0.921816
0.982525
1.02626
1.05287
1.06391
1.06235
1.05201
1.03699
1.021
1.00688
0.996307
0.989748
0.986624
0.985605
0.984952
0.982805
0.977383
0.967057
0.950341
0.925847
0.892264
0.848418
0.793422
0.72691
0.649302
0.562035
0.467677
0.369872
0.273077
0.182118
0.101607
0.0353299
-0.0142807
-0.0464876
-0.0623215
-0.0643656
-0.0562908
-0.0422354
-0.0261556
-0.0112754
0.000264844
0.00751345
0.010577
