VARIABLEs = X,u
ZONE I=101
datapacking=block
0
0.01
0.02
0.03
0.04
0.05
0.06
0.07
0.08
0.09
0.1
0.11
0.12
0.13
0.14
0.15
0.16
0.17
0.18
0.19
0.2
0.21
0.22
0.23
0.24
0.25
0.26
0.27
0.28
0.29
0.3
0.31
0.32
0.33
0.34
0.35
0.36
0.37
0.38
0.39
0.4
0.41
0.42
0.43
0.44
0.45
0.46
0.47
0.48
0.49
0.5
0.51
0.52
0.53
0.54
0.55
0.56
0.57
0.58
0.59
0.6
0.61
0.62
0.63
0.64
0.65
0.66
0.67
0.68
0.69
0.7
0.71
0.72
0.73
0.74
0.75
0.76
0.77
0.78
0.79
0.8
0.81
0.82
0.83
0.84
0.85
0.86
0.87
0.88
0.89
0.9
0.91
0.92
0.93
0.94
0.95
0.96
0.97
0.98
0.99
1
0
0.000218621
0.00105647
0.00422828
0.0141524
0.0395618
0.0933415
0.188551
0.330799
0.51089
0.703565
0.875315
0.99802
1.06052
1.07129
1.05148
1.02356
1.00241
0.992778
0.992115
0.995401
0.998737
1.00052
1.00088
1.00056
1.00017
0.999958
0.999916
0.999949
0.999986
1
0.999991
0.999776
0.998425
0.992804
0.975578
0.934339
0.854375
0.725993
0.553243
0.357795
0.173347
0.0321676
-0.0485493
-0.072353
-0.0585508
-0.0308551
-0.00699937
0.00563711
0.00818684
0.00549715
0.00197271
-0.000214186
-0.00085949
-0.000644017
-0.000245218
7.78948e-06
8.09718e-05
5.91136e-05
2.04244e-05
-1.8747e-06
-7.00222e-06
-4.41397e-06
-1.19207e-06
3.37139e-07
5.295e-07
2.64796e-07
4.20887e-08
-3.68824e-08
-3.32992e-08
-1.21906e-08
1.21099e-10
2.82628e-09
1.67513e-09
3.78293e-10
-1.38981e-10
-1.6162e-10
-6.40733e-11
-3.09658e-12
1.13692e-11
7.00462e-12
1.62276e-12
-4.88896e-13
-5.84116e-13
-2.22328e-13
-8.04219e-15
3.77216e-14
2.14919e-14
4.32165e-15
-1.68271e-15
-1.65758e-15
-5.51473e-16
1.30937e-17
1.04063e-16
5.03159e-17
7.22058e-18
-5.0535e-18
-3.74254e-18
-9.92625e-19
1.41218e-19
2.34478e-19
