VARIABLEs = X,u
ZONE I=101
datapacking=block
0
0.01
0.02
0.03
0.04
0.05
0.06
0.07
0.08
0.09
0.1
0.11
0.12
0.13
0.14
0.15
0.16
0.17
0.18
0.19
0.2
0.21
0.22
0.23
0.24
0.25
0.26
0.27
0.28
0.29
0.3
0.31
0.32
0.33
0.34
0.35
0.36
0.37
0.38
0.39
0.4
0.41
0.42
0.43
0.44
0.45
0.46
0.47
0.48
0.49
0.5
0.51
0.52
0.53
0.54
0.55
0.56
0.57
0.58
0.59
0.6
0.61
0.62
0.63
0.64
0.65
0.66
0.67
0.68
0.69
0.7
0.71
0.72
0.73
0.74
0.75
0.76
0.77
0.78
0.79
0.8
0.81
0.82
0.83
0.84
0.85
0.86
0.87
0.88
0.89
0.9
0.91
0.92
0.93
0.94
0.95
0.96
0.97
0.98
0.99
1
0
1.31701e-05
6.60084e-05
0.000291648
0.00114033
0.00387425
0.0113976
0.0291781
0.0655355
0.130296
0.23129
0.369547
0.535577
0.70951
0.866269
0.984029
1.05193
1.07312
1.06182
1.03629
1.01176
0.996306
0.990896
0.992203
0.995962
0.999196
1.00081
1.00106
1.00066
1.0002
0.999945
0.999882
0.999913
0.999905
0.999593
0.99818
0.993536
0.981129
0.953294
0.899925
0.811461
0.683796
0.522962
0.346496
0.179537
0.046577
-0.0373157
-0.0713183
-0.0674195
-0.0439546
-0.017871
0.000493085
0.00842612
0.00849366
0.00503541
0.0015038
-0.00053696
-0.0010722
-0.000775821
-0.000302582
9.91659e-06
0.000112471
9.06755e-05
3.74361e-05
1.01769e-06
-1.09698e-05
-8.84859e-06
-3.45904e-06
1.60746e-08
1.01828e-06
7.40251e-07
2.47975e-07
-2.79185e-08
-8.69307e-08
-5.28002e-08
-1.32836e-08
4.69323e-09
6.52941e-09
3.13629e-09
4.31031e-10
-4.88722e-10
-4.17114e-10
-1.4797e-10
5.27396e-12
3.76847e-11
2.20138e-11
4.89079e-12
-1.97906e-12
-2.27346e-12
-9.19258e-13
-4.9287e-14
1.68627e-13
1.08535e-13
2.71405e-14
-7.075e-15
-9.62772e-15
-3.99174e-15
-2.8883e-16
6.40503e-16
4.12126e-16
1.00392e-16
