VARIABLEs = X,u
ZONE I=101
datapacking=block
0
0.01
0.02
0.03
0.04
0.05
0.06
0.07
0.08
0.09
0.1
0.11
0.12
0.13
0.14
0.15
0.16
0.17
0.18
0.19
0.2
0.21
0.22
0.23
0.24
0.25
0.26
0.27
0.28
0.29
0.3
0.31
0.32
0.33
0.34
0.35
0.36
0.37
0.38
0.39
0.4
0.41
0.42
0.43
0.44
0.45
0.46
0.47
0.48
0.49
0.5
0.51
0.52
0.53
0.54
0.55
0.56
0.57
0.58
0.59
0.6
0.61
0.62
0.63
0.64
0.65
0.66
0.67
0.68
0.69
0.7
0.71
0.72
0.73
0.74
0.75
0.76
0.77
0.78
0.79
0.8
0.81
0.82
0.83
0.84
0.85
0.86
0.87
0.88
0.89
0.9
0.91
0.92
0.93
0.94
0.95
0.96
0.97
0.98
0.99
1
0
6.57738e-24
3.38265e-23
1.65508e-22
8.07687e-22
3.94084e-21
1.92248e-20
9.37402e-20
4.56511e-19
2.21721e-18
1.07139e-17
5.13326e-17
2.42814e-16
1.12851e-15
5.12844e-15
2.2686e-14
9.73089e-14
4.03485e-13
1.61353e-12
6.21298e-12
2.30117e-11
8.19372e-11
2.80426e-10
9.2256e-10
2.91834e-09
8.88031e-09
2.60074e-08
7.33492e-08
1.9934e-07
5.22357e-07
1.32067e-06
3.22368e-06
7.60158e-06
1.73266e-05
3.81968e-05
8.14866e-05
0.000168313
0.000336771
0.000653041
0.00122779
0.00223907
0.00396219
0.00680582
0.0113514
0.0183897
0.0289454
0.0442774
0.0658398
0.0951921
0.13385
0.183079
0.243648
0.315571
0.397889
0.488542
0.584376
0.681326
0.774778
0.860068
0.933057
0.990686
1.03139
1.0553
1.06419
1.06113
1.04998
1.03473
1.01895
1.00528
0.995216
0.989073
0.98616
0.985084
0.984078
0.981279
0.974909
0.963343
0.945101
0.91881
0.883202
0.83718
0.779984
0.711418
0.632102
0.543679
0.448898
0.351516
0.25602
0.167152
0.0893443
0.0261207
-0.0203895
-0.0497449
-0.0632182
-0.0635459
-0.0544455
-0.0399999
-0.0240312
-0.00958591
0.00137747
0.00806021
