VARIABLEs = X,u
ZONE I=101
datapacking=block
0
0.01
0.02
0.03
0.04
0.05
0.06
0.07
0.08
0.09
0.1
0.11
0.12
0.13
0.14
0.15
0.16
0.17
0.18
0.19
0.2
0.21
0.22
0.23
0.24
0.25
0.26
0.27
0.28
0.29
0.3
0.31
0.32
0.33
0.34
0.35
0.36
0.37
0.38
0.39
0.4
0.41
0.42
0.43
0.44
0.45
0.46
0.47
0.48
0.49
0.5
0.51
0.52
0.53
0.54
0.55
0.56
0.57
0.58
0.59
0.6
0.61
0.62
0.63
0.64
0.65
0.66
0.67
0.68
0.69
0.7
0.71
0.72
0.73
0.74
0.75
0.76
0.77
0.78
0.79
0.8
0.81
0.82
0.83
0.84
0.85
0.86
0.87
0.88
0.89
0.9
0.91
0.92
0.93
0.94
0.95
0.96
0.97
0.98
0.99
1
0
1.02369e-15
5.2646e-15
2.57533e-14
1.25527e-13
6.098e-13
2.93946e-12
1.39602e-11
6.47409e-11
2.90444e-10
1.24997e-09
5.12649e-09
1.99439e-08
7.33901e-08
2.55084e-07
8.37107e-07
2.59462e-06
7.60163e-06
2.1074e-05
5.5352e-05
0.000137921
0.000326445
0.000734911
0.0015756
0.00322077
0.00628435
0.0117166
0.0208934
0.035668
0.0583414
0.0915064
0.137731
0.199083
0.27655
0.369469
0.475113
0.588613
0.70332
0.811628
0.906143
0.980954
1.0327
1.06116
1.06916
1.06185
1.04554
1.02637
1.00919
0.996905
0.990411
0.988953
0.99081
0.994006
0.996823
0.998046
0.996893
0.99275
0.984821
0.971836
0.951908
0.922603
0.881234
0.825359
0.753411
0.665339
0.563121
0.450975
0.33513
0.223125
0.122698
0.0404819
-0.0191852
-0.0550381
-0.0690221
-0.0657437
-0.0513781
-0.0323301
-0.0140023
2.75147e-05
0.00826839
0.0110413
0.0098425
0.00659322
0.00300439
0.000200145
-0.00137057
-0.00179944
-0.00147564
-0.00084617
-0.000253244
0.000128863
0.000275928
0.000253844
0.000154592
5.20819e-05
-1.53014e-05
-4.12048e-05
-3.77829e-05
-2.18792e-05
-6.26722e-06
3.15423e-06
