VARIABLEs = X,u
ZONE I=101
datapacking=block
0
0.01
0.02
0.03
0.04
0.05
0.06
0.07
0.08
0.09
0.1
0.11
0.12
0.13
0.14
0.15
0.16
0.17
0.18
0.19
0.2
0.21
0.22
0.23
0.24
0.25
0.26
0.27
0.28
0.29
0.3
0.31
0.32
0.33
0.34
0.35
0.36
0.37
0.38
0.39
0.4
0.41
0.42
0.43
0.44
0.45
0.46
0.47
0.48
0.49
0.5
0.51
0.52
0.53
0.54
0.55
0.56
0.57
0.58
0.59
0.6
0.61
0.62
0.63
0.64
0.65
0.66
0.67
0.68
0.69
0.7
0.71
0.72
0.73
0.74
0.75
0.76
0.77
0.78
0.79
0.8
0.81
0.82
0.83
0.84
0.85
0.86
0.87
0.88
0.89
0.9
0.91
0.92
0.93
0.94
0.95
0.96
0.97
0.98
0.99
1
0
1.97311e-24
1.01474e-23
4.965e-23
2.42294e-22
1.18221e-21
5.76753e-21
2.81269e-20
1.37033e-19
6.66146e-19
3.22447e-18
1.54943e-17
7.36203e-17
3.44322e-16
1.5777e-15
7.0505e-15
3.0608e-14
1.28663e-13
5.2238e-13
2.04477e-12
7.70732e-12
2.79545e-11
9.75328e-11
3.27332e-10
1.05693e-09
3.2846e-09
9.82863e-09
2.83343e-08
7.87398e-08
2.11057e-07
5.46009e-07
1.36414e-06
3.29336e-06
7.68772e-06
1.73612e-05
3.7951e-05
8.03442e-05
0.000164812
0.000327738
0.000632066
0.0011827
0.00214799
0.00378786
0.0064879
0.0107969
0.0174625
0.0274563
0.0419774
0.0624205
0.0902972
0.127101
0.174117
0.232192
0.301484
0.381245
0.469676
0.563907
0.660139
0.753951
0.840758
0.916358
0.977467
1.02217
1.05017
1.06278
1.06272
1.05357
1.03927
1.02348
1.00906
0.997832
0.990435
0.98646
0.984707
0.983497
0.980968
0.975289
0.964765
0.947859
0.923172
0.889436
0.845557
0.790748
0.724731
0.647974
0.56189
0.46895
0.372627
0.277169
0.187184
0.107111
0.0406432
-0.00977236
-0.0432723
-0.0606719
-0.0642928
-0.0575528
-0.0443987
-0.0286944
-0.0136826
-0.00161987
