VARIABLEs = X,u
ZONE I=101
datapacking=block
0
0.01
0.02
0.03
0.04
0.05
0.06
0.07
0.08
0.09
0.1
0.11
0.12
0.13
0.14
0.15
0.16
0.17
0.18
0.19
0.2
0.21
0.22
0.23
0.24
0.25
0.26
0.27
0.28
0.29
0.3
0.31
0.32
0.33
0.34
0.35
0.36
0.37
0.38
0.39
0.4
0.41
0.42
0.43
0.44
0.45
0.46
0.47
0.48
0.49
0.5
0.51
0.52
0.53
0.54
0.55
0.56
0.57
0.58
0.59
0.6
0.61
0.62
0.63
0.64
0.65
0.66
0.67
0.68
0.69
0.7
0.71
0.72
0.73
0.74
0.75
0.76
0.77
0.78
0.79
0.8
0.81
0.82
0.83
0.84
0.85
0.86
0.87
0.88
0.89
0.9
0.91
0.92
0.93
0.94
0.95
0.96
0.97
0.98
0.99
1
0
1.69931e-14
8.73889e-14
4.27378e-13
2.0806e-12
1.00694e-11
4.81191e-11
2.24889e-10
1.017e-09
4.40631e-09
1.81459e-08
7.06358e-08
2.5903e-07
8.93397e-07
2.89696e-06
8.83575e-06
2.53731e-05
6.86901e-05
0.000175565
0.000424291
0.000971016
0.00210749
0.00434399
0.0085148
0.0158913
0.0282715
0.0479967
0.0778369
0.120694
0.179103
0.254583
0.346939
0.45372
0.570023
0.688815
0.801817
0.900826
0.979199
1.03312
1.06228
1.06982
1.06145
1.04407
1.02428
1.00712
0.995426
0.989816
0.989224
0.991701
0.995195
0.998091
0.999389
0.99857
0.995255
0.988816
0.978046
0.961003
0.935067
0.897226
0.844583
0.775044
0.688056
0.585248
0.47077
0.351133
0.23448
0.129351
0.0431763
-0.0191363
-0.0561217
-0.0699299
-0.0656765
-0.0501594
-0.0303106
-0.0118141
0.00176169
0.00916173
0.0110372
0.00916969
0.00562758
0.00210983
-0.000387642
-0.00158511
-0.00171382
-0.0012329
-0.000587225
-6.96413e-05
0.000207942
0.000269465
0.000202685
9.75413e-05
1.25549e-05
-3.11767e-05
-3.906e-05
-2.74001e-05
-1.14299e-05
1.23382e-07
5.06136e-06
5.08737e-06
2.98001e-06
8.45102e-07
