VARIABLEs = X,u
ZONE I=101
datapacking=block
0
0.01
0.02
0.03
0.04
0.05
0.06
0.07
0.08
0.09
0.1
0.11
0.12
0.13
0.14
0.15
0.16
0.17
0.18
0.19
0.2
0.21
0.22
0.23
0.24
0.25
0.26
0.27
0.28
0.29
0.3
0.31
0.32
0.33
0.34
0.35
0.36
0.37
0.38
0.39
0.4
0.41
0.42
0.43
0.44
0.45
0.46
0.47
0.48
0.49
0.5
0.51
0.52
0.53
0.54
0.55
0.56
0.57
0.58
0.59
0.6
0.61
0.62
0.63
0.64
0.65
0.66
0.67
0.68
0.69
0.7
0.71
0.72
0.73
0.74
0.75
0.76
0.77
0.78
0.79
0.8
0.81
0.82
0.83
0.84
0.85
0.86
0.87
0.88
0.89
0.9
0.91
0.92
0.93
0.94
0.95
0.96
0.97
0.98
0.99
1
0
3.55539e-07
1.81316e-06
8.5081e-06
3.72337e-05
0.000148203
0.000528451
0.0016794
0.00476151
0.012093
0.0276568
0.0572714
0.10796
0.186194
0.295187
0.432148
0.586864
0.742841
0.881183
0.986009
1.04923
1.0726
1.06618
1.04407
1.01945
1.00098
0.991701
0.990236
0.99313
0.997029
0.999896
1.00116
1.00121
1.00071
1.0002
0.999869
0.999625
0.99905
0.997227
0.992296
0.98087
0.957618
0.915546
0.847408
0.748298
0.618692
0.466563
0.307132
0.159629
0.0419179
-0.0349232
-0.0697108
-0.070618
-0.0513888
-0.0261803
-0.00530868
0.00660211
0.00993572
0.00786414
0.00397138
0.000720133
-0.000957786
-0.00126186
-0.000850908
-0.000317868
3.09324e-05
0.000150056
0.00012539
5.75051e-05
5.67837e-06
-1.53466e-05
-1.50841e-05
-7.48301e-06
-1.16957e-06
1.50097e-06
1.58884e-06
7.87817e-07
1.22001e-07
-1.4804e-07
-1.50493e-07
-6.97073e-08
-7.81887e-09
1.44765e-08
1.28402e-08
5.20369e-09
1.43789e-10
-1.33277e-09
-9.75354e-10
-3.2003e-10
3.86944e-11
1.10487e-10
6.47129e-11
1.50334e-11
-6.43798e-12
-8.02215e-12
-3.6461e-12
-3.91861e-13
6.35689e-13
5.00527e-13
1.65542e-13
-1.41813e-14
