VARIABLEs = X,u
ZONE I=101
datapacking=block
0
0.01
0.02
0.03
0.04
0.05
0.06
0.07
0.08
0.09
0.1
0.11
0.12
0.13
0.14
0.15
0.16
0.17
0.18
0.19
0.2
0.21
0.22
0.23
0.24
0.25
0.26
0.27
0.28
0.29
0.3
0.31
0.32
0.33
0.34
0.35
0.36
0.37
0.38
0.39
0.4
0.41
0.42
0.43
0.44
0.45
0.46
0.47
0.48
0.49
0.5
0.51
0.52
0.53
0.54
0.55
0.56
0.57
0.58
0.59
0.6
0.61
0.62
0.63
0.64
0.65
0.66
0.67
0.68
0.69
0.7
0.71
0.72
0.73
0.74
0.75
0.76
0.77
0.78
0.79
0.8
0.81
0.82
0.83
0.84
0.85
0.86
0.87
0.88
0.89
0.9
0.91
0.92
0.93
0.94
0.95
0.96
0.97
0.98
0.99
1
0
6.5583e-05
0.000323223
0.0013606
0.00491528
0.0150869
0.0395039
0.0891398
0.175353
0.304124
0.46997
0.653702
0.826928
0.962194
1.04364
1.07228
1.06324
1.03733
1.01201
0.996373
0.991277
0.992878
0.99661
0.999553
1.00084
1.0009
1.00048
1.0001
0.999925
0.999906
0.99995
0.999986
0.999954
0.99959
0.997836
0.99166
0.97457
0.936038
0.863543
0.747979
0.59055
0.406893
0.224528
0.0734348
-0.0256736
-0.0688845
-0.0684408
-0.0450514
-0.0181806
0.000480918
0.0081337
0.0078396
0.00432288
0.0010484
-0.000641889
-0.000942062
-0.000589156
-0.000177708
4.76112e-05
9.54107e-05
6.04421e-05
1.76281e-05
-4.67195e-06
-8.64366e-06
-5.00461e-06
-1.18689e-06
5.33491e-07
6.93456e-07
3.36654e-07
4.83378e-08
-5.3686e-08
-4.76666e-08
-1.78504e-08
9.09093e-11
4.33784e-09
2.71195e-09
6.80062e-10
-2.03275e-10
-2.77971e-10
-1.22443e-10
-1.19186e-11
1.96008e-11
1.40646e-11
4.01401e-12
-6.39677e-13
-1.19895e-12
-5.48301e-13
-6.48404e-14
7.39874e-14
5.38569e-14
1.50356e-14
-2.29194e-15
-4.14335e-15
-1.79115e-15
-1.72543e-16
2.44542e-16
1.61104e-16
3.93705e-17
-8.93831e-18
-1.17678e-17
-4.45286e-18
