VARIABLEs = X,u
ZONE I=101
datapacking=block
0
0.01
0.02
0.03
0.04
0.05
0.06
0.07
0.08
0.09
0.1
0.11
0.12
0.13
0.14
0.15
0.16
0.17
0.18
0.19
0.2
0.21
0.22
0.23
0.24
0.25
0.26
0.27
0.28
0.29
0.3
0.31
0.32
0.33
0.34
0.35
0.36
0.37
0.38
0.39
0.4
0.41
0.42
0.43
0.44
0.45
0.46
0.47
0.48
0.49
0.5
0.51
0.52
0.53
0.54
0.55
0.56
0.57
0.58
0.59
0.6
0.61
0.62
0.63
0.64
0.65
0.66
0.67
0.68
0.69
0.7
0.71
0.72
0.73
0.74
0.75
0.76
0.77
0.78
0.79
0.8
0.81
0.82
0.83
0.84
0.85
0.86
0.87
0.88
0.89
0.9
0.91
0.92
0.93
0.94
0.95
0.96
0.97
0.98
0.99
1
0
0.00014635
0.000712496
0.0029047
0.00999157
0.028869
0.0706473
0.148325
0.270766
0.435239
0.623462
0.80538
0.950221
1.03906
1.0716
1.06361
1.03743
1.01181
0.99628
0.991505
0.993314
0.997003
0.999745
1.00084
1.00081
1.00039
1.00006
0.999921
0.999921
0.999963
0.999996
0.999998
0.999866
0.998986
0.995151
0.982811
0.951727
0.888173
0.780261
0.626031
0.439464
0.24911
0.0881341
-0.0193012
-0.0674015
-0.0686285
-0.0451749
-0.0179624
0.000658843
0.00798137
0.00741765
0.00388593
0.000795083
-0.000681122
-0.000857764
-0.000489038
-0.000120112
5.89592e-05
8.30372e-05
4.57406e-05
9.90399e-06
-5.83417e-06
-6.98953e-06
-3.35853e-06
-4.65032e-07
5.65461e-07
5.02605e-07
1.91531e-07
6.52517e-10
-4.64555e-08
-2.9871e-08
-7.86775e-09
2.05128e-09
3.0697e-09
1.40742e-09
1.64638e-10
-2.10916e-10
-1.60164e-10
-4.85123e-11
5.71938e-12
1.3387e-11
6.42824e-12
8.97408e-13
-7.9107e-13
-6.16309e-13
-1.82985e-13
2.01228e-14
4.60824e-14
2.08994e-14
2.44839e-15
-2.60572e-15
-1.82166e-15
-4.73466e-16
8.50978e-17
1.28993e-16
5.08705e-17
3.08723e-18
-7.35444e-18
-4.2356e-18
-8.501e-19
3.01833e-19
