VARIABLEs = X,u
ZONE I=101
datapacking=block
0
0.01
0.02
0.03
0.04
0.05
0.06
0.07
0.08
0.09
0.1
0.11
0.12
0.13
0.14
0.15
0.16
0.17
0.18
0.19
0.2
0.21
0.22
0.23
0.24
0.25
0.26
0.27
0.28
0.29
0.3
0.31
0.32
0.33
0.34
0.35
0.36
0.37
0.38
0.39
0.4
0.41
0.42
0.43
0.44
0.45
0.46
0.47
0.48
0.49
0.5
0.51
0.52
0.53
0.54
0.55
0.56
0.57
0.58
0.59
0.6
0.61
0.62
0.63
0.64
0.65
0.66
0.67
0.68
0.69
0.7
0.71
0.72
0.73
0.74
0.75
0.76
0.77
0.78
0.79
0.8
0.81
0.82
0.83
0.84
0.85
0.86
0.87
0.88
0.89
0.9
0.91
0.92
0.93
0.94
0.95
0.96
0.97
0.98
0.99
1
0
5.90187e-06
2.97489e-05
0.000133848
0.000540234
0.00191532
0.00592469
0.0160303
0.0381868
0.0807175
0.15258
0.259847
0.401472
0.566549
0.735271
0.884184
0.993882
1.05557
1.07327
1.06083
1.03546
1.01138
0.996158
0.990727
0.991947
0.995704
0.999041
1.00079
1.00113
1.00074
1.00026
0.99996
0.999871
0.999878
0.999788
0.999167
0.996863
0.990189
0.97401
0.940412
0.879868
0.784408
0.652109
0.490806
0.318474
0.158974
0.0344019
-0.0425157
-0.0722244
-0.0666241
-0.0430718
-0.0174193
0.000657858
0.00857965
0.00874511
0.00531574
0.0016975
-0.00048112
-0.00112157
-0.000860035
-0.000366114
-1.45033e-05
0.000116975
0.000105235
4.88874e-05
5.50033e-06
-1.14058e-05
-1.0856e-05
-4.96923e-06
-5.19196e-07
1.09853e-06
9.78361e-07
4.05594e-07
1.7002e-08
-1.01656e-07
-7.70678e-08
-2.65205e-08
2.23758e-09
8.54384e-09
5.2189e-09
1.31071e-09
-4.51421e-10
-6.2465e-10
-2.9529e-10
-3.81406e-11
4.67332e-11
3.86432e-11
1.32456e-11
-7.47317e-13
-3.50421e-12
-1.97163e-12
-4.07227e-13
1.93759e-13
2.05279e-13
7.93238e-14
2.32108e-15
-1.56004e-14
-9.53071e-15
-2.21201e-15
7.1665e-16
8.62558e-16
