VARIABLEs = X,u
ZONE I=101
datapacking=block
0
0.01
0.02
0.03
0.04
0.05
0.06
0.07
0.08
0.09
0.1
0.11
0.12
0.13
0.14
0.15
0.16
0.17
0.18
0.19
0.2
0.21
0.22
0.23
0.24
0.25
0.26
0.27
0.28
0.29
0.3
0.31
0.32
0.33
0.34
0.35
0.36
0.37
0.38
0.39
0.4
0.41
0.42
0.43
0.44
0.45
0.46
0.47
0.48
0.49
0.5
0.51
0.52
0.53
0.54
0.55
0.56
0.57
0.58
0.59
0.6
0.61
0.62
0.63
0.64
0.65
0.66
0.67
0.68
0.69
0.7
0.71
0.72
0.73
0.74
0.75
0.76
0.77
0.78
0.79
0.8
0.81
0.82
0.83
0.84
0.85
0.86
0.87
0.88
0.89
0.9
0.91
0.92
0.93
0.94
0.95
0.96
0.97
0.98
0.99
1
0
9.79697e-05
0.000480081
0.0019903
0.0070223
0.0209312
0.0530301
0.115519
0.219076
0.366031
0.544872
0.730583
0.892469
1.0061
1.06279
1.07127
1.05133
1.0238
1.00269
0.992722
0.991719
0.994926
0.998424
1.00044
1.00095
1.00066
1.00024
0.999976
0.999906
0.999934
0.999977
0.999997
0.999922
0.999352
0.996751
0.987987
0.964821
0.915017
0.825873
0.691087
0.517681
0.327906
0.153112
0.0217266
-0.0521048
-0.0727649
-0.0584375
-0.0311016
-0.00736287
0.0055854
0.00852965
0.00599579
0.00234835
-7.72494e-05
-0.000905351
-0.000751626
-0.000326165
-2.1435e-05
8.67797e-05
7.48031e-05
3.12418e-05
1.41817e-06
-7.99984e-06
-6.22644e-06
-2.23643e-06
1.18646e-07
6.78804e-07
4.32548e-07
1.16722e-07
-3.17258e-08
-4.97475e-08
-2.4419e-08
-3.64247e-09
3.47631e-09
3.01572e-09
1.06138e-09
-3.50027e-11
-2.57901e-10
-1.46316e-10
-3.05002e-11
1.35134e-11
1.42994e-11
5.39425e-12
1.17921e-13
-1.03576e-12
-6.04236e-13
-1.28859e-13
4.84073e-14
5.17056e-14
1.87129e-14
1.77824e-16
-3.45785e-15
-1.87239e-15
-3.44849e-16
1.64703e-16
1.48985e-16
4.7333e-17
-2.41256e-18
-9.67617e-18
-4.49897e-18
-5.79548e-19
