VARIABLEs = X,u
ZONE I=101
datapacking=block
0
0.01
0.02
0.03
0.04
0.05
0.06
0.07
0.08
0.09
0.1
0.11
0.12
0.13
0.14
0.15
0.16
0.17
0.18
0.19
0.2
0.21
0.22
0.23
0.24
0.25
0.26
0.27
0.28
0.29
0.3
0.31
0.32
0.33
0.34
0.35
0.36
0.37
0.38
0.39
0.4
0.41
0.42
0.43
0.44
0.45
0.46
0.47
0.48
0.49
0.5
0.51
0.52
0.53
0.54
0.55
0.56
0.57
0.58
0.59
0.6
0.61
0.62
0.63
0.64
0.65
0.66
0.67
0.68
0.69
0.7
0.71
0.72
0.73
0.74
0.75
0.76
0.77
0.78
0.79
0.8
0.81
0.82
0.83
0.84
0.85
0.86
0.87
0.88
0.89
0.9
0.91
0.92
0.93
0.94
0.95
0.96
0.97
0.98
0.99
1
0
3.3432e-19
1.71936e-18
8.41238e-18
4.10468e-17
2.00145e-16
9.74304e-16
4.72419e-15
2.2727e-14
1.07881e-13
5.01972e-13
2.27389e-12
9.96483e-12
4.20236e-11
1.69863e-10
6.56254e-10
2.41915e-09
8.5012e-09
2.84712e-08
9.08908e-08
2.76716e-07
8.03993e-07
2.23117e-06
5.91919e-06
1.50261e-05
3.65331e-05
8.51493e-05
0.000190421
0.000408935
0.000844019
0.00167548
0.00320129
0.00589117
0.0104482
0.0178687
0.0294847
0.0469644
0.0722466
0.107383
0.154282
0.214356
0.28813
0.374866
0.472307
0.576627
0.682673
0.784486
0.876067
0.952254
1.00952
1.04655
1.06439
1.06617
1.05648
1.04046
1.0229
1.00749
0.99641
0.990286
0.98846
0.989446
0.991431
0.99265
0.99159
0.986986
0.977674
0.962398
0.939662
0.907721
0.864736
0.809098
0.739866
0.657212
0.562788
0.459878
0.353272
0.248814
0.152681
0.0705003
0.00647418
-0.0372901
-0.0610889
-0.067486
-0.0607553
-0.0460302
-0.02836
-0.0118884
0.000674034
0.00820056
0.0109441
0.0100873
0.0072012
0.00376325
0.000838472
-0.00103962
-0.00181422
-0.00174383
-0.00121236
-0.000573357
-6.12417e-05
0.00022841
