VARIABLEs = X,u
ZONE I=101
datapacking=block
0
0.01
0.02
0.03
0.04
0.05
0.06
0.07
0.08
0.09
0.1
0.11
0.12
0.13
0.14
0.15
0.16
0.17
0.18
0.19
0.2
0.21
0.22
0.23
0.24
0.25
0.26
0.27
0.28
0.29
0.3
0.31
0.32
0.33
0.34
0.35
0.36
0.37
0.38
0.39
0.4
0.41
0.42
0.43
0.44
0.45
0.46
0.47
0.48
0.49
0.5
0.51
0.52
0.53
0.54
0.55
0.56
0.57
0.58
0.59
0.6
0.61
0.62
0.63
0.64
0.65
0.66
0.67
0.68
0.69
0.7
0.71
0.72
0.73
0.74
0.75
0.76
0.77
0.78
0.79
0.8
0.81
0.82
0.83
0.84
0.85
0.86
0.87
0.88
0.89
0.9
0.91
0.92
0.93
0.94
0.95
0.96
0.97
0.98
0.99
1
0
5.32659e-26
2.73939e-25
1.34034e-24
6.54097e-24
3.19155e-23
1.55717e-22
7.59617e-22
3.70372e-21
1.80372e-20
8.76265e-20
4.23782e-19
2.03436e-18
9.65834e-18
4.51607e-17
2.07081e-16
9.27402e-16
4.0418e-15
1.70905e-14
6.99497e-14
2.76638e-13
1.05588e-12
3.88657e-12
1.37912e-11
4.71713e-11
1.55538e-10
4.94533e-10
1.51675e-09
4.48944e-09
1.28306e-08
3.5425e-08
9.45413e-08
2.44018e-07
6.09466e-07
1.47381e-06
3.45242e-06
7.83824e-06
1.72559e-05
3.68541e-05
7.6393e-05
0.000153754
0.000300589
0.000571034
0.00105449
0.00189348
0.0033071
0.0056199
0.00929433
0.0149632
0.0234555
0.0358073
0.0532463
0.0771399
0.108897
0.149822
0.200925
0.262705
0.33494
0.416517
0.505346
0.5984
0.691894
0.781615
0.863358
0.93342
0.989061
1.02886
1.05291
1.06272
1.06099
1.05118
1.03693
1.02157
1.00766
0.996768
0.989381
0.985007
0.982417
0.979925
0.97566
0.967764
0.954512
0.934363
0.905968
0.86819
0.820169
0.761443
0.692123
0.61307
0.526038
0.433718
0.339633
0.247881
0.162737
0.0881558
0.0272835
-0.0179648
-0.0471543
-0.0613629
-0.0629811
-0.0553153
