VARIABLEs = X,u
ZONE I=101
datapacking=block
0
0.01
0.02
0.03
0.04
0.05
0.06
0.07
0.08
0.09
0.1
0.11
0.12
0.13
0.14
0.15
0.16
0.17
0.18
0.19
0.2
0.21
0.22
0.23
0.24
0.25
0.26
0.27
0.28
0.29
0.3
0.31
0.32
0.33
0.34
0.35
0.36
0.37
0.38
0.39
0.4
0.41
0.42
0.43
0.44
0.45
0.46
0.47
0.48
0.49
0.5
0.51
0.52
0.53
0.54
0.55
0.56
0.57
0.58
0.59
0.6
0.61
0.62
0.63
0.64
0.65
0.66
0.67
0.68
0.69
0.7
0.71
0.72
0.73
0.74
0.75
0.76
0.77
0.78
0.79
0.8
0.81
0.82
0.83
0.84
0.85
0.86
0.87
0.88
0.89
0.9
0.91
0.92
0.93
0.94
0.95
0.96
0.97
0.98
0.99
1
0
2.38698e-26
1.22759e-25
6.00641e-25
2.93117e-24
1.43022e-23
6.97818e-23
3.40422e-22
1.66001e-21
8.08646e-21
3.93069e-20
1.90296e-19
9.15105e-19
4.35602e-18
2.04432e-17
9.41935e-17
4.24367e-16
1.8626e-15
7.93982e-15
3.27905e-14
1.30956e-13
5.051e-13
1.87992e-12
6.74847e-12
2.33615e-11
7.79912e-11
2.5115e-10
7.80388e-10
2.34077e-09
6.78088e-09
1.89808e-08
5.13663e-08
1.34465e-07
3.4068e-07
8.35832e-07
1.98679e-06
4.57792e-06
1.023e-05
2.21807e-05
4.66836e-05
9.54166e-05
0.000189465
0.000365629
0.000685986
0.00125169
0.00222189
0.00383808
0.00645345
0.0105648
0.0168433
0.0261565
0.0395734
0.0583419
0.0838274
0.117407
0.160314
0.213448
0.277164
0.351068
0.433867
0.523311
0.616253
0.708858
0.796945
0.876429
0.943797
0.996559
1.03356
1.05511
1.06292
1.0598
1.0492
1.0347
1.01948
1.00595
0.995503
0.988472
0.984253
0.981547
0.978632
0.973627
0.964683
0.950094
0.928343
0.898121
0.858355
0.808278
0.747554
0.676452
0.596005
0.508138
0.415676
0.322221
0.23187
0.148807
0.0768167
0.0188093
-0.0235636
-0.0501215
-0.0621494
-0.0621697
