VARIABLEs = X,u
ZONE I=101
datapacking=block
0
0.01
0.02
0.03
0.04
0.05
0.06
0.07
0.08
0.09
0.1
0.11
0.12
0.13
0.14
0.15
0.16
0.17
0.18
0.19
0.2
0.21
0.22
0.23
0.24
0.25
0.26
0.27
0.28
0.29
0.3
0.31
0.32
0.33
0.34
0.35
0.36
0.37
0.38
0.39
0.4
0.41
0.42
0.43
0.44
0.45
0.46
0.47
0.48
0.49
0.5
0.51
0.52
0.53
0.54
0.55
0.56
0.57
0.58
0.59
0.6
0.61
0.62
0.63
0.64
0.65
0.66
0.67
0.68
0.69
0.7
0.71
0.72
0.73
0.74
0.75
0.76
0.77
0.78
0.79
0.8
0.81
0.82
0.83
0.84
0.85
0.86
0.87
0.88
0.89
0.9
0.91
0.92
0.93
0.94
0.95
0.96
0.97
0.98
0.99
1
0
3.56573e-26
1.8338e-25
8.97254e-25
4.37867e-24
2.1365e-23
1.04241e-22
5.08518e-22
2.47957e-21
1.20772e-20
5.86894e-20
2.83988e-19
1.3645e-18
6.48682e-18
3.03882e-17
1.39684e-16
6.27465e-16
2.74442e-15
1.16521e-14
4.79077e-14
1.90403e-13
7.30581e-13
2.70422e-12
9.65179e-12
3.3213e-11
1.10198e-10
3.52624e-10
1.08861e-09
3.24378e-09
9.33373e-09
2.59487e-08
6.97375e-08
1.81278e-07
4.56029e-07
1.11081e-06
2.62126e-06
5.99555e-06
1.32986e-05
2.86184e-05
5.97776e-05
0.000121246
0.000238897
0.000457432
0.000851471
0.00154129
0.00271399
0.00465008
0.00775464
0.0125898
0.0199034
0.0306467
0.0459699
0.0671854
0.0956895
0.132836
0.179763
0.23719
0.305199
0.383051
0.469061
0.560583
0.654134
0.745659
0.830925
0.905994
0.967703
1.01407
1.04454
1.06005
1.06283
1.05605
1.04331
1.0281
1.01334
1.00103
0.99211
0.986482
0.983208
0.980768
0.977343
0.971047
0.960087
0.942836
0.917865
0.883949
0.840118
0.785744
0.720701
0.645536
0.561633
0.471295
0.37771
0.284752
0.196644
0.117499
0.0508255
-0.000930079
-0.036707
-0.0569565
-0.0635394
-0.0594093
