VARIABLEs = X,u
ZONE I=101
datapacking=block
0
0.01
0.02
0.03
0.04
0.05
0.06
0.07
0.08
0.09
0.1
0.11
0.12
0.13
0.14
0.15
0.16
0.17
0.18
0.19
0.2
0.21
0.22
0.23
0.24
0.25
0.26
0.27
0.28
0.29
0.3
0.31
0.32
0.33
0.34
0.35
0.36
0.37
0.38
0.39
0.4
0.41
0.42
0.43
0.44
0.45
0.46
0.47
0.48
0.49
0.5
0.51
0.52
0.53
0.54
0.55
0.56
0.57
0.58
0.59
0.6
0.61
0.62
0.63
0.64
0.65
0.66
0.67
0.68
0.69
0.7
0.71
0.72
0.73
0.74
0.75
0.76
0.77
0.78
0.79
0.8
0.81
0.82
0.83
0.84
0.85
0.86
0.87
0.88
0.89
0.9
0.91
0.92
0.93
0.94
0.95
0.96
0.97
0.98
0.99
1
0
3.96233e-25
2.03777e-24
9.97051e-24
4.86567e-23
2.3741e-22
1.15829e-21
5.64957e-21
2.75359e-20
1.33985e-19
6.4976e-19
3.13239e-18
1.49595e-17
7.0481e-17
3.26124e-16
1.47544e-15
6.5002e-15
2.77911e-14
1.14991e-13
4.59516e-13
1.77088e-12
6.5755e-12
2.35123e-11
8.09488e-11
2.6835e-10
8.56796e-10
2.63573e-09
7.81584e-09
2.23527e-08
6.16892e-08
1.64386e-07
4.23209e-07
1.05325e-06
2.53537e-06
5.90651e-06
1.33239e-05
2.91183e-05
6.1681e-05
0.000126704
0.000252507
0.000488412
0.000917269
0.00167327
0.00296581
0.00510939
0.00855799
0.0139403
0.0220892
0.0340564
0.0511006
0.0746364
0.106135
0.146972
0.198226
0.260451
0.333447
0.416076
0.50617
0.600574
0.695335
0.786061
0.868387
0.938502
0.993645
1.03246
1.05519
1.06355
1.06049
1.04964
1.03478
1.01929
1.00569
0.995435
0.988843
0.985281
0.983406
0.981475
0.977609
0.969986
0.956932
0.936938
0.908658
0.870921
0.822799
0.763752
0.693829
0.61387
0.52567
0.432023
0.336614
0.243729
0.157822
0.0829881
0.0224303
-0.0219717
-0.0499123
-0.0626695
-0.0628653
-0.0540223
-0.0399999
-0.0244218
