VARIABLEs = X,u
ZONE I=101
datapacking=block
0
0.01
0.02
0.03
0.04
0.05
0.06
0.07
0.08
0.09
0.1
0.11
0.12
0.13
0.14
0.15
0.16
0.17
0.18
0.19
0.2
0.21
0.22
0.23
0.24
0.25
0.26
0.27
0.28
0.29
0.3
0.31
0.32
0.33
0.34
0.35
0.36
0.37
0.38
0.39
0.4
0.41
0.42
0.43
0.44
0.45
0.46
0.47
0.48
0.49
0.5
0.51
0.52
0.53
0.54
0.55
0.56
0.57
0.58
0.59
0.6
0.61
0.62
0.63
0.64
0.65
0.66
0.67
0.68
0.69
0.7
0.71
0.72
0.73
0.74
0.75
0.76
0.77
0.78
0.79
0.8
0.81
0.82
0.83
0.84
0.85
0.86
0.87
0.88
0.89
0.9
0.91
0.92
0.93
0.94
0.95
0.96
0.97
0.98
0.99
1
0
0.0120975
0.0493171
0.141867
0.309951
0.538464
0.7742
0.955502
1.04985
1.06742
1.04435
1.01547
0.998254
0.993735
0.995712
0.998623
1.00019
1.00049
1.00028
1.00006
0.999973
0.999969
0.999987
0.999999
1
1
1
1
1
1
1
0.996887
0.975811
0.906503
0.760219
0.540214
0.29398
0.0884293
-0.0319694
-0.0674375
-0.0513337
-0.0217858
-0.00130588
0.00579514
0.00484452
0.00192834
5.27318e-05
-0.000468672
-0.000326557
-9.81196e-05
1.47585e-05
3.1485e-05
1.57295e-05
2.51115e-06
-1.84444e-06
-1.56109e-06
-5.02745e-07
2.89133e-08
1.11685e-07
5.4012e-08
7.82817e-09
-5.68227e-09
-4.28959e-09
-1.17656e-09
1.47364e-10
2.71059e-10
1.07906e-10
7.80528e-12
-1.36796e-11
-7.73307e-12
-1.48563e-12
5.08135e-13
4.62949e-13
1.35361e-13
-7.79021e-15
-2.36064e-14
-9.45471e-15
-7.85029e-16
1.0131e-15
5.57987e-16
1.01064e-16
-3.41609e-17
-2.88078e-17
-7.69203e-18
6.41375e-19
1.31503e-18
4.70912e-19
2.30982e-20
-5.26774e-20
-2.50431e-20
-3.53555e-21
1.78465e-21
1.19165e-21
2.60903e-22
-4.49136e-23
-5.13065e-23
-1.51844e-23
2.71292e-25
1.99698e-24
7.68727e-25
6.22348e-26
