VARIABLEs = X,u
ZONE I=101
datapacking=block
0
0.01
0.02
0.03
0.04
0.05
0.06
0.07
0.08
0.09
0.1
0.11
0.12
0.13
0.14
0.15
0.16
0.17
0.18
0.19
0.2
0.21
0.22
0.23
0.24
0.25
0.26
0.27
0.28
0.29
0.3
0.31
0.32
0.33
0.34
0.35
0.36
0.37
0.38
0.39
0.4
0.41
0.42
0.43
0.44
0.45
0.46
0.47
0.48
0.49
0.5
0.51
0.52
0.53
0.54
0.55
0.56
0.57
0.58
0.59
0.6
0.61
0.62
0.63
0.64
0.65
0.66
0.67
0.68
0.69
0.7
0.71
0.72
0.73
0.74
0.75
0.76
0.77
0.78
0.79
0.8
0.81
0.82
0.83
0.84
0.85
0.86
0.87
0.88
0.89
0.9
0.91
0.92
0.93
0.94
0.95
0.96
0.97
0.98
0.99
1
0
1.16113e-10
5.96727e-10
2.90442e-09
1.38996e-08
6.45579e-08
2.86014e-07
1.19066e-06
4.60915e-06
1.6495e-05
5.44493e-05
0.000165792
0.000466336
0.00121438
0.00293522
0.00660228
0.0138561
0.0271991
0.0500544
0.0865454
0.140878
0.216309
0.313867
0.431194
0.561963
0.696311
0.822392
0.928795
1.00713
1.05398
1.07149
1.06648
1.04826
1.02608
1.00697
0.994646
0.989594
0.990056
0.993381
0.997184
0.999984
1.00129
1.00128
1.00032
0.998543
0.995467
0.989807
0.979309
0.960711
0.92991
0.882461
0.814508
0.724031
0.612136
0.48391
0.348356
0.217151
0.102385
0.0138546
-0.0432358
-0.0693686
-0.0702219
-0.0547759
-0.0327115
-0.0120003
0.00257314
0.0096541
0.0105131
0.00771288
0.00383009
0.000637431
-0.00113389
-0.00158172
-0.0012208
-0.00060242
-9.38558e-05
0.000169102
0.000217449
0.000150599
6.03772e-05
-2.54275e-06
-2.73467e-05
-2.5601e-05
-1.36962e-05
-2.93021e-06
2.56598e-06
3.50051e-06
2.23928e-06
7.24962e-07
-1.7372e-07
-4.17151e-07
-3.03601e-07
-1.15839e-07
6.65615e-09
4.56957e-08
3.62201e-08
1.47917e-08
1.34406e-10
-4.77339e-09
-3.9182e-09
-1.61008e-09
