VARIABLEs = X,u
ZONE I=101
datapacking=block
0
0.01
0.02
0.03
0.04
0.05
0.06
0.07
0.08
0.09
0.1
0.11
0.12
0.13
0.14
0.15
0.16
0.17
0.18
0.19
0.2
0.21
0.22
0.23
0.24
0.25
0.26
0.27
0.28
0.29
0.3
0.31
0.32
0.33
0.34
0.35
0.36
0.37
0.38
0.39
0.4
0.41
0.42
0.43
0.44
0.45
0.46
0.47
0.48
0.49
0.5
0.51
0.52
0.53
0.54
0.55
0.56
0.57
0.58
0.59
0.6
0.61
0.62
0.63
0.64
0.65
0.66
0.67
0.68
0.69
0.7
0.71
0.72
0.73
0.74
0.75
0.76
0.77
0.78
0.79
0.8
0.81
0.82
0.83
0.84
0.85
0.86
0.87
0.88
0.89
0.9
0.91
0.92
0.93
0.94
0.95
0.96
0.97
0.98
0.99
1
0
0.200816
0.524898
0.840884
1.01882
1.05801
1.03424
1.00819
0.997649
0.997111
0.998903
0.999944
1.00015
1.00008
1.00001
0.999994
0.999995
0.999999
1
1
1
1
1
1
1
1
1
1
1
1
1
0.877411
0.575652
0.233272
0.0136486
-0.0536703
-0.0391851
-0.0122671
0.000955125
0.00288912
0.0013478
0.000184522
-0.000131721
-9.19093e-05
-2.25392e-05
3.35282e-06
4.72085e-06
1.59151e-06
4.02688e-08
-1.94713e-07
-8.64014e-08
-1.0682e-08
6.49623e-09
3.93252e-09
7.77871e-10
-1.63654e-10
-1.55912e-10
-4.14651e-11
1.97457e-12
5.47674e-12
1.85979e-12
9.20867e-14
-1.70762e-13
-7.38634e-14
-8.92702e-15
4.64408e-15
2.66179e-15
4.83359e-16
-1.03561e-16
-8.8109e-17
-2.11468e-17
1.45802e-18
2.69105e-18
8.15229e-19
1.83662e-20
-7.56241e-20
-2.86755e-20
-2.60108e-21
1.92956e-21
9.36166e-22
1.38757e-22
-4.31388e-23
-2.86112e-23
-5.78041e-24
7.5957e-25
8.21195e-25
2.11438e-25
-5.55636e-27
-2.20989e-26
-7.08218e-27
-3.39013e-28
5.5321e-28
2.21491e-28
2.37702e-29
-1.26396e-29
-6.53156e-30
-1.04579e-30
2.51656e-31
1.82419e-31
3.85712e-32
-3.77331e-33
