VARIABLEs = X,u
ZONE I=101
datapacking=block
0
0.01
0.02
0.03
0.04
0.05
0.06
0.07
0.08
0.09
0.1
0.11
0.12
0.13
0.14
0.15
0.16
0.17
0.18
0.19
0.2
0.21
0.22
0.23
0.24
0.25
0.26
0.27
0.28
0.29
0.3
0.31
0.32
0.33
0.34
0.35
0.36
0.37
0.38
0.39
0.4
0.41
0.42
0.43
0.44
0.45
0.46
0.47
0.48
0.49
0.5
0.51
0.52
0.53
0.54
0.55
0.56
0.57
0.58
0.59
0.6
0.61
0.62
0.63
0.64
0.65
0.66
0.67
0.68
0.69
0.7
0.71
0.72
0.73
0.74
0.75
0.76
0.77
0.78
0.79
0.8
0.81
0.82
0.83
0.84
0.85
0.86
0.87
0.88
0.89
0.9
0.91
0.92
0.93
0.94
0.95
0.96
0.97
0.98
0.99
1
0
2.70744e-21
1.3924e-20
6.81276e-20
3.32454e-19
1.62182e-18
7.90704e-18
3.84879e-17
1.86666e-16
8.99108e-16
4.28142e-15
2.00449e-14
9.17329e-14
4.08063e-13
1.75592e-12
7.28065e-12
2.9005e-11
1.10804e-10
4.05416e-10
1.41987e-09
4.7592e-09
1.52702e-08
4.69206e-08
1.38148e-07
3.90017e-07
1.05658e-06
2.74879e-06
6.87279e-06
1.65278e-05
3.82575e-05
8.53002e-05
0.000183324
0.000380022
0.000760314
0.00146902
0.00274253
0.00494981
0.0086407
0.0145958
0.0238672
0.0377959
0.0579844
0.0862084
0.124252
0.173663
0.235454
0.309772
0.395618
0.490674
0.591311
0.69282
0.789882
0.877203
0.950241
1.00586
1.04281
1.06185
1.0656
1.058
1.04361
1.02684
1.01125
0.999187
0.991592
0.988173
0.987731
0.988568
0.988856
0.986873
0.981087
0.970111
0.952589
0.927102
0.892159
0.846325
0.78847
0.718114
0.635776
0.543248
0.443691
0.341496
0.241889
0.150325
0.0717514
0.00988843
-0.0333255
-0.0580079
-0.0662488
-0.0616854
-0.0488226
-0.032249
-0.0159169
-0.00262968
0.00617498
0.0103426
0.0106825
0.00852667
0.00528911
0.00212801
-0.000235632
-0.0015404
