VARIABLEs = X,u
ZONE I=101
datapacking=block
0
0.01
0.02
0.03
0.04
0.05
0.06
0.07
0.08
0.09
0.1
0.11
0.12
0.13
0.14
0.15
0.16
0.17
0.18
0.19
0.2
0.21
0.22
0.23
0.24
0.25
0.26
0.27
0.28
0.29
0.3
0.31
0.32
0.33
0.34
0.35
0.36
0.37
0.38
0.39
0.4
0.41
0.42
0.43
0.44
0.45
0.46
0.47
0.48
0.49
0.5
0.51
0.52
0.53
0.54
0.55
0.56
0.57
0.58
0.59
0.6
0.61
0.62
0.63
0.64
0.65
0.66
0.67
0.68
0.69
0.7
0.71
0.72
0.73
0.74
0.75
0.76
0.77
0.78
0.79
0.8
0.81
0.82
0.83
0.84
0.85
0.86
0.87
0.88
0.89
0.9
0.91
0.92
0.93
0.94
0.95
0.96
0.97
0.98
0.99
1
0
1.21327e-21
6.23968e-21
3.05297e-20
1.48982e-19
7.26815e-19
3.54399e-18
1.72569e-17
8.37648e-17
4.04114e-16
1.92952e-15
9.07057e-15
4.17436e-14
1.8703e-13
8.11821e-13
3.40012e-12
1.36989e-11
5.298e-11
1.96417e-10
6.97546e-10
2.37235e-09
7.72757e-09
2.41166e-08
7.21481e-08
2.07036e-07
5.70281e-07
1.50895e-06
3.83822e-06
9.39261e-06
2.21291e-05
5.02313e-05
0.00010993
0.000232101
0.000473073
0.000931371
0.00177216
0.00326057
0.0058037
0.00999844
0.0166785
0.0269495
0.0421959
0.0640417
0.094247
0.13453
0.186316
0.250433
0.326806
0.414191
0.510044
0.610573
0.711001
0.806062
0.890641
0.960477
1.01277
1.04662
1.06307
1.06492
1.05618
1.04135
1.02467
1.00952
0.998022
0.990945
0.987869
0.987524
0.988188
0.988028
0.985326
0.978544
0.966279
0.947159
0.919764
0.882643
0.834454
0.774223
0.701679
0.617585
0.523974
0.424201
0.322763
0.224877
0.135856
0.0603934
0.00187854
-0.0381037
-0.0599854
-0.0660814
-0.060132
-0.0466193
-0.0300043
-0.0140469
-0.00134136
0.00685814
0.0105259
0.0105351
0.0082227
0.00496744
0.00187362
-0.000390571
