VARIABLEs = X,u
ZONE I=101
datapacking=block
0
0.01
0.02
0.03
0.04
0.05
0.06
0.07
0.08
0.09
0.1
0.11
0.12
0.13
0.14
0.15
0.16
0.17
0.18
0.19
0.2
0.21
0.22
0.23
0.24
0.25
0.26
0.27
0.28
0.29
0.3
0.31
0.32
0.33
0.34
0.35
0.36
0.37
0.38
0.39
0.4
0.41
0.42
0.43
0.44
0.45
0.46
0.47
0.48
0.49
0.5
0.51
0.52
0.53
0.54
0.55
0.56
0.57
0.58
0.59
0.6
0.61
0.62
0.63
0.64
0.65
0.66
0.67
0.68
0.69
0.7
0.71
0.72
0.73
0.74
0.75
0.76
0.77
0.78
0.79
0.8
0.81
0.82
0.83
0.84
0.85
0.86
0.87
0.88
0.89
0.9
0.91
0.92
0.93
0.94
0.95
0.96
0.97
0.98
0.99
1
0
-4.07217e-10
-4.19095e-09
8.17984e-09
6.74801e-08
-5.62102e-08
-7.20933e-07
-8.52014e-08
5.66402e-06
6.24545e-06
-3.07001e-05
-7.36165e-05
8.05532e-05
0.000486884
0.0002918
-0.0017279
-0.00383914
0.000408002
0.0141098
0.0230592
-0.00072277
-0.0646321
-0.122243
-0.0923759
0.0723315
0.337198
0.611239
0.816859
0.932497
0.981252
0.996309
0.999541
0.999973
1
1
1
1
1
0.999989
0.999981
1.00004
1.00015
0.999945
0.999258
0.999283
1.002
1.00556
1.00138
0.984145
0.969804
0.992647
1.06496
1.13732
1.11933
0.95671
0.685051
0.401425
0.188519
0.0691707
0.0191066
0.0037391
0.000462476
2.72044e-05
0
0
0
0
0
0
0
0
0
0
0
0
0
0
0
0
0
0
0
0
0
0
0
0
0
0
0
0
0
0
0
0
0
0
0
0
0
0
