VARIABLEs = X,u
ZONE I=101
datapacking=block
0
0.01
0.02
0.03
0.04
0.05
0.06
0.07
0.08
0.09
0.1
0.11
0.12
0.13
0.14
0.15
0.16
0.17
0.18
0.19
0.2
0.21
0.22
0.23
0.24
0.25
0.26
0.27
0.28
0.29
0.3
0.31
0.32
0.33
0.34
0.35
0.36
0.37
0.38
0.39
0.4
0.41
0.42
0.43
0.44
0.45
0.46
0.47
0.48
0.49
0.5
0.51
0.52
0.53
0.54
0.55
0.56
0.57
0.58
0.59
0.6
0.61
0.62
0.63
0.64
0.65
0.66
0.67
0.68
0.69
0.7
0.71
0.72
0.73
0.74
0.75
0.76
0.77
0.78
0.79
0.8
0.81
0.82
0.83
0.84
0.85
0.86
0.87
0.88
0.89
0.9
0.91
0.92
0.93
0.94
0.95
0.96
0.97
0.98
0.99
1
0
-5.93096e-16
-2.07366e-16
1.49441e-14
7.71736e-15
-1.93635e-13
-1.7003e-13
1.91761e-12
2.66515e-12
-1.53993e-11
-3.24425e-11
9.80668e-11
3.18629e-10
-4.34797e-10
-2.54612e-09
4.55574e-10
1.6247e-08
1.39625e-08
-7.75027e-08
-1.62841e-07
2.16088e-07
1.07755e-06
3.05801e-07
-4.57795e-06
-7.44622e-06
9.21844e-06
4.32858e-05
2.67518e-05
-0.000121894
-0.00028129
-2.14329e-05
0.000886742
0.00151302
-0.000131778
-0.00454454
-0.00752476
-0.00150524
0.0159136
0.0327958
0.0257124
-0.0209384
-0.0929093
-0.143681
-0.119516
0.0055062
0.212203
0.448981
0.661887
0.818987
0.915959
0.966417
0.988562
0.996725
0.999233
0.999866
0.999971
0.999936
0.999943
1.00014
1.0004
1.00015
0.998991
0.997952
0.999587
1.00495
1.00945
1.00387
0.984193
0.962786
0.966245
1.01406
1.09332
1.15486
1.13998
1.01893
0.810286
0.567863
0.348617
0.18652
0.0864712
0.0344824
0.0117123
0.00334363
0.000787648
0.000149149
2.18344e-05
2.32045e-06
1.5937e-07
5.31233e-09
0
0
0
0
0
0
0
0
0
0
0
0
