VARIABLEs = X,u
ZONE I=101
datapacking=block
0
0.01
0.02
0.03
0.04
0.05
0.06
0.07
0.08
0.09
0.1
0.11
0.12
0.13
0.14
0.15
0.16
0.17
0.18
0.19
0.2
0.21
0.22
0.23
0.24
0.25
0.26
0.27
0.28
0.29
0.3
0.31
0.32
0.33
0.34
0.35
0.36
0.37
0.38
0.39
0.4
0.41
0.42
0.43
0.44
0.45
0.46
0.47
0.48
0.49
0.5
0.51
0.52
0.53
0.54
0.55
0.56
0.57
0.58
0.59
0.6
0.61
0.62
0.63
0.64
0.65
0.66
0.67
0.68
0.69
0.7
0.71
0.72
0.73
0.74
0.75
0.76
0.77
0.78
0.79
0.8
0.81
0.82
0.83
0.84
0.85
0.86
0.87
0.88
0.89
0.9
0.91
0.92
0.93
0.94
0.95
0.96
0.97
0.98
0.99
1
0
-2.00334e-14
2.25061e-13
5.58524e-13
-3.42767e-12
-8.59568e-12
3.40903e-11
1.04986e-10
-2.47689e-10
-1.06452e-09
1.17141e-09
8.9234e-09
-4.69922e-10
-6.01047e-08
-5.65296e-08
3.02861e-07
6.56454e-07
-8.94171e-07
-4.47866e-06
-1.18909e-06
1.9515e-05
3.16052e-05
-3.91962e-05
-0.000184641
-0.000122197
0.000492012
0.00119798
0.00029522
-0.00328668
-0.00644024
-0.00183961
0.014022
0.030075
0.0220227
-0.0265849
-0.0986646
-0.141232
-0.0965271
0.0566814
0.287048
0.531954
0.735334
0.872145
0.947754
0.982175
0.995012
0.998883
0.999809
0.999984
1
0.999973
0.999944
1.00003
1.00026
1.00025
0.999468
0.998376
0.999159
1.00354
1.0082
1.00415
0.986003
0.965225
0.969703
1.02028
1.10106
1.15541
1.11971
0.968888
0.734634
0.482827
0.27291
0.131631
0.0536609
0.0182538
0.00508985
0.00113397
0.000194234
2.40307e-05
1.91249e-06
7.35571e-08
0
0
0
0
0
0
0
0
0
0
0
0
0
0
0
0
0
0
0
0
