VARIABLEs = X,u
ZONE I=101
datapacking=block
0
0.01
0.02
0.03
0.04
0.05
0.06
0.07
0.08
0.09
0.1
0.11
0.12
0.13
0.14
0.15
0.16
0.17
0.18
0.19
0.2
0.21
0.22
0.23
0.24
0.25
0.26
0.27
0.28
0.29
0.3
0.31
0.32
0.33
0.34
0.35
0.36
0.37
0.38
0.39
0.4
0.41
0.42
0.43
0.44
0.45
0.46
0.47
0.48
0.49
0.5
0.51
0.52
0.53
0.54
0.55
0.56
0.57
0.58
0.59
0.6
0.61
0.62
0.63
0.64
0.65
0.66
0.67
0.68
0.69
0.7
0.71
0.72
0.73
0.74
0.75
0.76
0.77
0.78
0.79
0.8
0.81
0.82
0.83
0.84
0.85
0.86
0.87
0.88
0.89
0.9
0.91
0.92
0.93
0.94
0.95
0.96
0.97
0.98
0.99
1
0
6.48835e-17
-1.12183e-15
-1.88355e-15
1.78158e-14
3.10257e-14
-1.92225e-13
-4.12979e-13
1.62369e-12
4.65027e-12
-1.0678e-11
-4.45248e-11
4.7357e-11
3.59326e-10
-1.91454e-11
-2.38522e-09
-2.15004e-09
1.22817e-08
2.53072e-08
-4.08345e-08
-1.81593e-07
-3.7928e-09
8.91062e-07
1.13911e-06
-2.57586e-06
-8.42263e-06
-7.78995e-07
3.28243e-05
5.06174e-05
-4.64627e-05
-0.000250713
-0.000232156
0.000448869
0.00145575
0.00107439
-0.00234401
-0.00698513
-0.00617647
0.00632652
0.0262326
0.0344612
0.00864806
-0.0541683
-0.123328
-0.145711
-0.077672
0.0864425
0.310977
0.541093
0.731536
0.86275
0.939043
0.976657
0.992369
0.997903
0.999536
0.999919
0.999946
0.999917
1.00003
1.00032
1.00038
0.999581
0.998184
0.998276
1.00216
1.00819
1.00861
0.995311
0.971815
0.959028
0.983108
1.04995
1.12837
1.16128
1.10037
0.937557
0.709262
0.473029
0.276749
0.141362
0.0626835
0.0239511
0.00780787
0.00214256
0.000485818
8.86622e-05
1.25239e-05
1.28562e-06
8.53712e-08
2.75391e-09
0
0
0
0
0
0
0
0
0
0
