VARIABLEs = X,u
ZONE I=101
datapacking=block
0
0.01
0.02
0.03
0.04
0.05
0.06
0.07
0.08
0.09
0.1
0.11
0.12
0.13
0.14
0.15
0.16
0.17
0.18
0.19
0.2
0.21
0.22
0.23
0.24
0.25
0.26
0.27
0.28
0.29
0.3
0.31
0.32
0.33
0.34
0.35
0.36
0.37
0.38
0.39
0.4
0.41
0.42
0.43
0.44
0.45
0.46
0.47
0.48
0.49
0.5
0.51
0.52
0.53
0.54
0.55
0.56
0.57
0.58
0.59
0.6
0.61
0.62
0.63
0.64
0.65
0.66
0.67
0.68
0.69
0.7
0.71
0.72
0.73
0.74
0.75
0.76
0.77
0.78
0.79
0.8
0.81
0.82
0.83
0.84
0.85
0.86
0.87
0.88
0.89
0.9
0.91
0.92
0.93
0.94
0.95
0.96
0.97
0.98
0.99
1
0
2.6443e-10
-3.10737e-10
-6.5125e-09
1.6633e-09
7.93931e-08
3.66183e-08
-6.90375e-07
-8.92556e-07
4.27917e-06
1.04876e-05
-1.52612e-05
-7.90947e-05
-1.72591e-05
0.000373318
0.000602534
-0.000732959
-0.00354523
-0.00290836
0.00748606
0.0221984
0.0170985
-0.0298565
-0.100215
-0.125728
-0.0355148
0.180019
0.456
0.70361
0.870006
0.955261
0.988363
0.997848
0.999748
0.999986
1
1
1
1
0.999993
0.999976
1.00001
1.00014
1.00009
0.999497
0.998961
1.00056
1.00466
1.00506
0.9929
0.973159
0.974324
1.02469
1.10705
1.14673
1.06417
0.846454
0.562082
0.305746
0.133649
0.0457903
0.0118483
0.00217849
0.00025385
1.41028e-05
0
0
0
0
0
0
0
0
0
0
0
0
0
0
0
0
0
0
0
0
0
0
0
0
0
0
0
0
0
0
0
0
0
0
0
0
