VARIABLEs = X,u
ZONE I=101
datapacking=block
0
0.01
0.02
0.03
0.04
0.05
0.06
0.07
0.08
0.09
0.1
0.11
0.12
0.13
0.14
0.15
0.16
0.17
0.18
0.19
0.2
0.21
0.22
0.23
0.24
0.25
0.26
0.27
0.28
0.29
0.3
0.31
0.32
0.33
0.34
0.35
0.36
0.37
0.38
0.39
0.4
0.41
0.42
0.43
0.44
0.45
0.46
0.47
0.48
0.49
0.5
0.51
0.52
0.53
0.54
0.55
0.56
0.57
0.58
0.59
0.6
0.61
0.62
0.63
0.64
0.65
0.66
0.67
0.68
0.69
0.7
0.71
0.72
0.73
0.74
0.75
0.76
0.77
0.78
0.79
0.8
0.81
0.82
0.83
0.84
0.85
0.86
0.87
0.88
0.89
0.9
0.91
0.92
0.93
0.94
0.95
0.96
0.97
0.98
0.99
1
0
3.46945e-18
2.04697e-16
5.93969e-15
1.12993e-13
1.58498e-12
1.74824e-11
1.57909e-10
1.20108e-09
7.85131e-09
4.4797e-08
2.25831e-07
1.0158e-06
4.10983e-06
1.5058e-05
5.02483e-05
0.000153474
0.000430891
0.00111628
0.00267743
0.00596407
0.012373
0.0239702
0.0434744
0.0740029
0.118524
0.179072
0.255921
0.347002
0.447842
0.552158
0.652998
0.744079
0.820928
0.881476
0.925997
0.956526
0.97603
0.987627
0.994036
0.997323
0.998883
0.999568
0.999842
0.999935
0.999935
0.999842
0.999568
0.998883
0.997323
0.994036
0.987627
0.97603
0.956526
0.925997
0.881476
0.820928
0.744079
0.652998
0.552158
0.447842
0.347002
0.255921
0.179072
0.118524
0.0740029
0.0434744
0.0239702
0.012373
0.00596407
0.00267743
0.00111628
0.000430891
0.000153474
5.02483e-05
1.5058e-05
4.10983e-06
1.0158e-06
2.25831e-07
4.4797e-08
7.85131e-09
1.20108e-09
1.57909e-10
1.74824e-11
1.58498e-12
1.12993e-13
5.93969e-15
2.04697e-16
3.46945e-18
0
0
0
0
0
0
0
0
0
0
0
0
