VARIABLEs = X,u
ZONE I=101
datapacking=block
0
0.01
0.02
0.03
0.04
0.05
0.06
0.07
0.08
0.09
0.1
0.11
0.12
0.13
0.14
0.15
0.16
0.17
0.18
0.19
0.2
0.21
0.22
0.23
0.24
0.25
0.26
0.27
0.28
0.29
0.3
0.31
0.32
0.33
0.34
0.35
0.36
0.37
0.38
0.39
0.4
0.41
0.42
0.43
0.44
0.45
0.46
0.47
0.48
0.49
0.5
0.51
0.52
0.53
0.54
0.55
0.56
0.57
0.58
0.59
0.6
0.61
0.62
0.63
0.64
0.65
0.66
0.67
0.68
0.69
0.7
0.71
0.72
0.73
0.74
0.75
0.76
0.77
0.78
0.79
0.8
0.81
0.82
0.83
0.84
0.85
0.86
0.87
0.88
0.89
0.9
0.91
0.92
0.93
0.94
0.95
0.96
0.97
0.98
0.99
1
0
2.1684e-19
1.36609e-17
4.23706e-16
8.62461e-15
1.29588e-13
1.53276e-12
1.48629e-11
1.21504e-10
8.54663e-10
5.25362e-09
2.85681e-08
1.38782e-07
6.0719e-07
2.40876e-06
8.71426e-06
2.88919e-05
8.81636e-05
0.000248546
0.000649501
0.00157803
0.00357437
0.00756704
0.0150079
0.0279486
0.0489772
0.0809407
0.126427
0.187076
0.262887
0.351768
0.449538
0.550462
0.648232
0.737113
0.812924
0.873573
0.919059
0.951023
0.972051
0.984992
0.992433
0.996425
0.998421
0.999348
0.999743
0.999883
0.999883
0.999743
0.999348
0.998421
0.996425
0.992433
0.984992
0.972051
0.951023
0.919059
0.873573
0.812924
0.737113
0.648232
0.550462
0.449538
0.351768
0.262887
0.187076
0.126427
0.0809407
0.0489772
0.0279486
0.0150079
0.00756704
0.00357437
0.00157803
0.000649501
0.000248546
8.81636e-05
2.88919e-05
8.71426e-06
2.40876e-06
6.0719e-07
1.38782e-07
2.85681e-08
5.25362e-09
8.54663e-10
1.21504e-10
1.48629e-11
1.53276e-12
1.29588e-13
8.62461e-15
4.23706e-16
1.36609e-17
2.1684e-19
0
0
0
0
0
0
0
0
