VARIABLEs = X,u
ZONE I=101
datapacking=block
0
0.01
0.02
0.03
0.04
0.05
0.06
0.07
0.08
0.09
0.1
0.11
0.12
0.13
0.14
0.15
0.16
0.17
0.18
0.19
0.2
0.21
0.22
0.23
0.24
0.25
0.26
0.27
0.28
0.29
0.3
0.31
0.32
0.33
0.34
0.35
0.36
0.37
0.38
0.39
0.4
0.41
0.42
0.43
0.44
0.45
0.46
0.47
0.48
0.49
0.5
0.51
0.52
0.53
0.54
0.55
0.56
0.57
0.58
0.59
0.6
0.61
0.62
0.63
0.64
0.65
0.66
0.67
0.68
0.69
0.7
0.71
0.72
0.73
0.74
0.75
0.76
0.77
0.78
0.79
0.8
0.81
0.82
0.83
0.84
0.85
0.86
0.87
0.88
0.89
0.9
0.91
0.92
0.93
0.94
0.95
0.96
0.97
0.98
0.99
1
0
2.32831e-10
3.95812e-09
3.46918e-08
2.08849e-07
9.70787e-07
3.71377e-06
1.21713e-05
3.51274e-05
9.10829e-05
0.000215429
0.000470337
0.000956981
0.00182888
0.00330441
0.0056758
0.00931192
0.0146525
0.0221921
0.0324543
0.0459573
0.0631735
0.0844889
0.110164
0.140305
0.174841
0.213521
0.255921
0.301462
0.349442
0.399076
0.449538
0.5
0.549673
0.597841
0.643884
0.687293
0.727682
0.764781
0.798427
0.828549
0.855138
0.878221
0.897832
0.913982
0.926632
0.93568
0.940956
0.942226
0.939213
0.931628
0.919206
0.901744
0.879144
0.851441
0.818823
0.781642
0.740407
0.695766
0.648476
0.599367
0.549305
0.499144
0.449696
0.401696
0.355778
0.312458
0.272129
0.235057
0.20139
0.17117
0.144346
0.120789
0.100316
0.0826976
0.0676811
0.0549998
0.0443856
0.0355778
0.0283295
0.0224124
0.0176195
0.0137662
0.010691
0.00825401
0.00633598
0.00483643
0.00367158
0.0027724
0.0020825
0.00155631
0.00115728
0.000856366
0.000630682
0.000462315
0.000337354
0.000245076
0.000177265
0.000127672
9.15707e-05
6.54106e-05
