VARIABLEs = X,u
ZONE I=101
datapacking=block
0
0.01
0.02
0.03
0.04
0.05
0.06
0.07
0.08
0.09
0.1
0.11
0.12
0.13
0.14
0.15
0.16
0.17
0.18
0.19
0.2
0.21
0.22
0.23
0.24
0.25
0.26
0.27
0.28
0.29
0.3
0.31
0.32
0.33
0.34
0.35
0.36
0.37
0.38
0.39
0.4
0.41
0.42
0.43
0.44
0.45
0.46
0.47
0.48
0.49
0.5
0.51
0.52
0.53
0.54
0.55
0.56
0.57
0.58
0.59
0.6
0.61
0.62
0.63
0.64
0.65
0.66
0.67
0.68
0.69
0.7
0.71
0.72
0.73
0.74
0.75
0.76
0.77
0.78
0.79
0.8
0.81
0.82
0.83
0.84
0.85
0.86
0.87
0.88
0.89
0.9
0.91
0.92
0.93
0.94
0.95
0.96
0.97
0.98
0.99
1
0
5.96046e-08
7.7486e-07
5.24521e-06
2.46167e-05
8.99956e-05
0.000273056
0.000715453
0.00166345
0.00350018
0.00676549
0.0121533
0.0204798
0.0326227
0.0494359
0.0716533
0.0997954
0.134094
0.174444
0.2204
0.271192
0.325794
0.382996
0.441498
0.5
0.557283
0.612275
0.664094
0.712075
0.755772
0.794949
0.829554
0.859694
0.885592
0.90755
0.925907
0.940988
0.953054
0.962248
0.968551
0.971756
0.971464
0.967114
0.958049
0.943597
0.923178
0.896394
0.863115
0.823523
0.778129
0.727749
0.673448
0.616464
0.55812
0.499731
0.442528
0.387593
0.335814
0.287861
0.244184
0.205021
0.170425
0.140291
0.114393
0.0924189
0.0739986
0.0587358
0.0462286
0.0360875
0.0279478
0.0214777
0.0163825
0.0124057
0.00932847
0.00696684
0.00516876
0.00381022
0.00279131
0.00203254
0.00147137
0.00105908
0.000758107
0.000539755
0.000382289
0.000269389
0.000188895
0.000131818
9.1558e-05
6.33054e-05
4.35773e-05
2.98679e-05
2.03856e-05
1.38568e-05
9.38138e-06
6.32674e-06
4.25055e-06
2.84512e-06
1.89752e-06
1.26108e-06
8.35217e-07
5.51312e-07
