VARIABLEs = X,u
ZONE I=101
datapacking=block
0
0.01
0.02
0.03
0.04
0.05
0.06
0.07
0.08
0.09
0.1
0.11
0.12
0.13
0.14
0.15
0.16
0.17
0.18
0.19
0.2
0.21
0.22
0.23
0.24
0.25
0.26
0.27
0.28
0.29
0.3
0.31
0.32
0.33
0.34
0.35
0.36
0.37
0.38
0.39
0.4
0.41
0.42
0.43
0.44
0.45
0.46
0.47
0.48
0.49
0.5
0.51
0.52
0.53
0.54
0.55
0.56
0.57
0.58
0.59
0.6
0.61
0.62
0.63
0.64
0.65
0.66
0.67
0.68
0.69
0.7
0.71
0.72
0.73
0.74
0.75
0.76
0.77
0.78
0.79
0.8
0.81
0.82
0.83
0.84
0.85
0.86
0.87
0.88
0.89
0.9
0.91
0.92
0.93
0.94
0.95
0.96
0.97
0.98
0.99
1
0
2.22045e-16
5.9952e-15
8.24896e-14
7.70939e-13
5.50403e-12
3.20093e-11
1.57909e-10
6.79496e-10
2.60285e-09
9.01401e-09
2.85681e-08
8.3675e-08
2.28331e-07
5.84406e-07
1.41101e-06
3.22954e-06
7.03708e-06
1.46522e-05
2.92477e-05
5.61343e-05
0.000103858
0.00018567
0.000321404
0.000539758
0.000880936
0.00139953
0.00216744
0.00327665
0.00484142
0.00699974
0.00991346
0.0137671
0.0187648
0.0251254
0.0330763
0.0428445
0.0546477
0.068684
0.0851212
0.104087
0.125661
0.149866
0.176664
0.205954
0.237575
0.271302
0.30686
0.343928
0.382147
0.421135
0.460492
0.499814
0.538704
0.576775
0.61366
0.649013
0.682516
0.713873
0.742816
0.769097
0.79249
0.812786
0.829796
0.843348
0.853286
0.859481
0.861827
0.86025
0.854715
0.845229
0.831849
0.814683
0.793898
0.769714
0.742406
0.7123
0.679765
0.645206
0.609052
0.57175
0.533747
0.495485
0.457385
0.419844
0.383219
0.347827
0.31394
0.281777
0.251509
0.223258
0.197099
0.173064
0.151146
0.131304
0.113468
0.0975459
0.0834284
0.0709929
0.060109
0.0506428
