VARIABLEs = X,u
ZONE I=101
datapacking=block
0
0.01
0.02
0.03
0.04
0.05
0.06
0.07
0.08
0.09
0.1
0.11
0.12
0.13
0.14
0.15
0.16
0.17
0.18
0.19
0.2
0.21
0.22
0.23
0.24
0.25
0.26
0.27
0.28
0.29
0.3
0.31
0.32
0.33
0.34
0.35
0.36
0.37
0.38
0.39
0.4
0.41
0.42
0.43
0.44
0.45
0.46
0.47
0.48
0.49
0.5
0.51
0.52
0.53
0.54
0.55
0.56
0.57
0.58
0.59
0.6
0.61
0.62
0.63
0.64
0.65
0.66
0.67
0.68
0.69
0.7
0.71
0.72
0.73
0.74
0.75
0.76
0.77
0.78
0.79
0.8
0.81
0.82
0.83
0.84
0.85
0.86
0.87
0.88
0.89
0.9
0.91
0.92
0.93
0.94
0.95
0.96
0.97
0.98
0.99
1
0
0.000976562
0.00585938
0.0192871
0.0461426
0.0897827
0.150879
0.227249
0.314529
0.407265
0.5
0.588099
0.668188
0.738266
0.797564
0.846272
0.885239
0.915681
0.938961
0.956421
0.969286
0.978613
0.985275
0.989969
0.993235
0.995479
0.997006
0.998033
0.998718
0.999171
0.999467
0.998684
0.993925
0.980577
0.953772
0.910164
0.849088
0.772731
0.685458
0.592728
0.499995
0.411899
0.33181
0.261733
0.202436
0.153728
0.114761
0.0843186
0.061039
0.0435792
0.0307141
0.021387
0.0147247
0.0100308
0.00676549
0.00452059
0.00299406
0.00196659
0.0012816
0.000829026
0.00053251
0.000339774
0.000215428
0.00013577
8.50776e-05
5.30223e-05
3.28733e-05
2.02802e-05
1.2452e-05
7.61091e-06
4.63177e-06
2.80705e-06
1.69441e-06
1.01888e-06
6.10425e-07
3.64422e-07
2.16819e-07
1.28579e-07
7.60098e-08
4.4797e-08
2.63242e-08
1.54252e-08
9.01401e-09
5.25362e-09
3.05414e-09
1.77111e-09
1.02462e-09
5.91392e-10
3.40575e-10
1.95706e-10
1.12222e-10
6.42194e-11
3.66766e-11
2.09061e-11
1.18944e-11
6.75497e-12
3.82942e-12
2.16718e-12
1.22441e-12
6.90639e-13
3.88942e-13
