VARIABLEs = X,u
ZONE I=101
datapacking=block
0
0.01
0.02
0.03
0.04
0.05
0.06
0.07
0.08
0.09
0.1
0.11
0.12
0.13
0.14
0.15
0.16
0.17
0.18
0.19
0.2
0.21
0.22
0.23
0.24
0.25
0.26
0.27
0.28
0.29
0.3
0.31
0.32
0.33
0.34
0.35
0.36
0.37
0.38
0.39
0.4
0.41
0.42
0.43
0.44
0.45
0.46
0.47
0.48
0.49
0.5
0.51
0.52
0.53
0.54
0.55
0.56
0.57
0.58
0.59
0.6
0.61
0.62
0.63
0.64
0.65
0.66
0.67
0.68
0.69
0.7
0.71
0.72
0.73
0.74
0.75
0.76
0.77
0.78
0.79
0.8
0.81
0.82
0.83
0.84
0.85
0.86
0.87
0.88
0.89
0.9
0.91
0.92
0.93
0.94
0.95
0.96
0.97
0.98
0.99
1
0
5.55112e-17
1.55431e-15
2.21628e-14
2.14509e-13
1.58498e-12
9.53368e-12
4.86148e-11
2.16105e-10
8.54663e-10
3.05414e-09
9.98249e-09
3.01377e-08
8.47247e-08
2.23292e-07
5.54863e-07
1.30642e-06
2.92698e-06
6.26341e-06
1.28436e-05
2.53113e-05
4.80649e-05
8.81546e-05
0.000156489
0.00026939
0.000450502
0.000733036
0.00116227
0.00179817
0.00271796
0.00401835
0.00581723
0.00825441
0.0114913
0.0157091
0.0211053
0.0278892
0.0362748
0.0464735
0.0586851
0.0730885
0.0898325
0.109027
0.130735
0.154967
0.181677
0.21076
0.242056
0.275348
0.310371
0.346818
0.384348
0.422597
0.461186
0.499731
0.537849
0.57517
0.611336
0.646012
0.678882
0.709653
0.738055
0.763839
0.786774
0.806651
0.823279
0.836487
0.846124
0.852064
0.854212
0.852503
0.846912
0.837457
0.824204
0.807268
0.786819
0.763077
0.736313
0.706846
0.67503
0.641256
0.605936
0.569493
0.532355
0.494943
0.457659
0.42088
0.38495
0.350174
0.316814
0.285085
0.255156
0.227151
0.201149
0.177187
0.155267
0.135356
0.117397
0.101306
0.086984
0.0743182
