VARIABLEs = X,u
ZONE I=101
datapacking=block
0
0.01
0.02
0.03
0.04
0.05
0.06
0.07
0.08
0.09
0.1
0.11
0.12
0.13
0.14
0.15
0.16
0.17
0.18
0.19
0.2
0.21
0.22
0.23
0.24
0.25
0.26
0.27
0.28
0.29
0.3
0.31
0.32
0.33
0.34
0.35
0.36
0.37
0.38
0.39
0.4
0.41
0.42
0.43
0.44
0.45
0.46
0.47
0.48
0.49
0.5
0.51
0.52
0.53
0.54
0.55
0.56
0.57
0.58
0.59
0.6
0.61
0.62
0.63
0.64
0.65
0.66
0.67
0.68
0.69
0.7
0.71
0.72
0.73
0.74
0.75
0.76
0.77
0.78
0.79
0.8
0.81
0.82
0.83
0.84
0.85
0.86
0.87
0.88
0.89
0.9
0.91
0.92
0.93
0.94
0.95
0.96
0.97
0.98
0.99
1
0
9.09495e-13
1.90994e-11
2.05546e-10
1.51067e-09
8.52572e-09
3.93919e-08
1.5514e-07
5.35456e-07
1.65263e-06
4.63177e-06
1.19307e-05
2.85191e-05
6.37694e-05
0.00013427
0.000267718
0.000507924
0.000920777
0.00160077
0.00267743
0.00432075
0.00674465
0.0102074
0.0150079
0.0214783
0.0299706
0.0408408
0.0544285
0.0710357
0.090905
0.1142
0.140989
0.171235
0.20479
0.241394
0.28069
0.322232
0.365504
0.409946
0.454972
0.499995
0.544452
0.587815
0.62961
0.669424
0.706909
0.741779
0.773805
0.802804
0.828623
0.851131
0.870202
0.885705
0.8975
0.905433
0.909344
0.909073
0.904475
0.895438
0.8819
0.863862
0.84141
0.81472
0.784061
0.749801
0.712392
0.672359
0.630287
0.586795
0.542515
0.498073
0.454064
0.411037
0.369479
0.329803
0.292344
0.257354
0.225007
0.195397
0.168553
0.14444
0.122974
0.104029
0.0874499
0.073058
0.0606635
0.0500708
0.0410851
0.0335177
0.0271895
0.0219335
0.0175972
0.0140427
0.0111474
0.0088035
0.00691738
0.00540845
0.00420815
0.00325864
0.00251159
0.00192694
