VARIABLEs = X,u
ZONE I=101
datapacking=block
0
0.01
0.02
0.03
0.04
0.05
0.06
0.07
0.08
0.09
0.1
0.11
0.12
0.13
0.14
0.15
0.16
0.17
0.18
0.19
0.2
0.21
0.22
0.23
0.24
0.25
0.26
0.27
0.28
0.29
0.3
0.31
0.32
0.33
0.34
0.35
0.36
0.37
0.38
0.39
0.4
0.41
0.42
0.43
0.44
0.45
0.46
0.47
0.48
0.49
0.5
0.51
0.52
0.53
0.54
0.55
0.56
0.57
0.58
0.59
0.6
0.61
0.62
0.63
0.64
0.65
0.66
0.67
0.68
0.69
0.7
0.71
0.72
0.73
0.74
0.75
0.76
0.77
0.78
0.79
0.8
0.81
0.82
0.83
0.84
0.85
0.86
0.87
0.88
0.89
0.9
0.91
0.92
0.93
0.94
0.95
0.96
0.97
0.98
0.99
1
0
1.42109e-14
3.41061e-13
4.18154e-12
3.49054e-11
2.23089e-10
1.16401e-09
5.16291e-09
2.0016e-08
6.92168e-08
2.16819e-07
6.22726e-07
1.65594e-06
4.10983e-06
9.58389e-06
2.11185e-05
4.41878e-05
8.81636e-05
0.000168355
0.000308689
0.000545042
0.000929115
0.00153266
0.00245169
0.00381026
0.0057632
0.00849733
0.0122305
0.017208
0.0236965
0.031975
0.042323
0.0550078
0.0702691
0.0883053
0.109259
0.133206
0.160147
0.19
0.222602
0.257713
0.295017
0.334141
0.37466
0.416119
0.458043
0.499956
0.541392
0.581909
0.621097
0.658584
0.694037
0.727162
0.757702
0.785428
0.810136
0.831639
0.849763
0.864341
0.875217
0.882243
0.885286
0.884236
0.879014
0.869584
0.855958
0.838212
0.816486
0.790991
0.76201
0.72989
0.695043
0.657925
0.619034
0.578888
0.538012
0.496925
0.45612
0.416057
0.37715
0.339758
0.304179
0.270651
0.239348
0.210384
0.183815
0.159648
0.137845
0.11833
0.100996
0.0857155
0.0723416
0.0607197
0.0506895
0.0420911
0.0347682
0.0285713
0.0233599
0.0190038
0.0153842
0.0123939
