VARIABLEs = X,u
ZONE I=101
datapacking=block
0
0.01
0.02
0.03
0.04
0.05
0.06
0.07
0.08
0.09
0.1
0.11
0.12
0.13
0.14
0.15
0.16
0.17
0.18
0.19
0.2
0.21
0.22
0.23
0.24
0.25
0.26
0.27
0.28
0.29
0.3
0.31
0.32
0.33
0.34
0.35
0.36
0.37
0.38
0.39
0.4
0.41
0.42
0.43
0.44
0.45
0.46
0.47
0.48
0.49
0.5
0.51
0.52
0.53
0.54
0.55
0.56
0.57
0.58
0.59
0.6
0.61
0.62
0.63
0.64
0.65
0.66
0.67
0.68
0.69
0.7
0.71
0.72
0.73
0.74
0.75
0.76
0.77
0.78
0.79
0.8
0.81
0.82
0.83
0.84
0.85
0.86
0.87
0.88
0.89
0.9
0.91
0.92
0.93
0.94
0.95
0.96
0.97
0.98
0.99
1
0
6.23674e-11
6.75691e-10
5.95685e-09
4.2822e-08
2.54385e-07
1.2747e-06
5.49589e-06
2.07401e-05
6.9492e-05
0.000209199
0.000571454
0.00142828
0.00328945
0.00702329
0.0139748
0.0260334
0.0455897
0.0753237
0.117805
0.174937
0.247363
0.333971
0.431694
0.535694
0.639957
0.738195
0.824842
0.895918
0.949544
0.986012
1.00743
1.0171
1.01872
1.01577
1.01101
1.00631
1.00265
1.0003
0.999121
0.998697
0.998544
0.998121
0.996777
0.993617
0.987348
0.976167
0.957761
0.929479
0.888709
0.833424
0.762788
0.677678
0.580934
0.477227
0.372497
0.273079
0.184695
0.111558
0.0558102
0.0173962
-0.00562515
-0.0164564
-0.0188109
-0.0162238
-0.0115621
-0.00679331
-0.00299283
-0.000518244
0.000741533
0.00112272
0.00100069
0.000680438
0.000356149
0.000118423
-1.52654e-05
-6.61693e-05
-6.72482e-05
-4.72579e-05
-2.46827e-05
-8.03657e-06
1.00631e-06
4.15858e-06
3.99097e-06
2.59885e-06
1.20429e-06
2.79697e-07
-1.53794e-07
-2.56424e-07
-2.0255e-07
-1.11258e-07
-3.92065e-08
5.49218e-11
1.3539e-08
1.31266e-08
8.0901e-09
3.36012e-09
5.15059e-10
-6.19224e-10
-7.51948e-10
-5.03855e-10
