VARIABLEs = X,u
ZONE I=101
datapacking=block
0
0.01
0.02
0.03
0.04
0.05
0.06
0.07
0.08
0.09
0.1
0.11
0.12
0.13
0.14
0.15
0.16
0.17
0.18
0.19
0.2
0.21
0.22
0.23
0.24
0.25
0.26
0.27
0.28
0.29
0.3
0.31
0.32
0.33
0.34
0.35
0.36
0.37
0.38
0.39
0.4
0.41
0.42
0.43
0.44
0.45
0.46
0.47
0.48
0.49
0.5
0.51
0.52
0.53
0.54
0.55
0.56
0.57
0.58
0.59
0.6
0.61
0.62
0.63
0.64
0.65
0.66
0.67
0.68
0.69
0.7
0.71
0.72
0.73
0.74
0.75
0.76
0.77
0.78
0.79
0.8
0.81
0.82
0.83
0.84
0.85
0.86
0.87
0.88
0.89
0.9
0.91
0.92
0.93
0.94
0.95
0.96
0.97
0.98
0.99
1
0
4.73838e-06
4.06992e-05
0.000240779
0.00106655
0.00374339
0.0108503
0.0267722
0.0575302
0.109589
0.187698
0.292485
0.418901
0.556489
0.69163
0.811021
0.905032
0.969701
1.00679
1.02219
1.02351
1.01788
1.01056
1.0045
1.00071
0.999003
0.998665
0.998976
0.999436
0.999797
0.999996
1.00007
1.00005
0.999881
0.999216
0.996978
0.99079
0.976469
0.948085
0.899043
0.824182
0.722248
0.597625
0.460304
0.323804
0.201735
0.104326
0.0362226
-0.00377511
-0.0212436
-0.0237612
-0.0186192
-0.0113153
-0.00504874
-0.00101722
0.00088318
0.00133255
0.00106467
0.000607643
0.000233096
1.81762e-05
-6.32398e-05
-6.80187e-05
-4.43621e-05
-1.97881e-05
-4.19831e-06
2.43975e-06
3.58348e-06
2.51606e-06
1.17574e-06
2.90513e-07
-9.45261e-08
-1.6963e-07
-1.20799e-07
-5.57632e-08
-1.34427e-08
4.31269e-09
7.44001e-09
5.08256e-09
2.21505e-09
4.60277e-10
-2.17183e-10
-3.02101e-10
-1.89696e-10
-7.49295e-11
-1.11533e-11
1.04227e-11
1.12209e-11
6.29123e-12
2.15278e-12
1.1936e-13
-4.43538e-13
-3.76931e-13
-1.84673e-13
-5.11669e-14
5.33287e-15
1.64729e-14
1.13601e-14
4.75147e-15
9.22326e-16
-4.21638e-16
