VARIABLEs = X,u
ZONE I=101
datapacking=block
0
0.01
0.02
0.03
0.04
0.05
0.06
0.07
0.08
0.09
0.1
0.11
0.12
0.13
0.14
0.15
0.16
0.17
0.18
0.19
0.2
0.21
0.22
0.23
0.24
0.25
0.26
0.27
0.28
0.29
0.3
0.31
0.32
0.33
0.34
0.35
0.36
0.37
0.38
0.39
0.4
0.41
0.42
0.43
0.44
0.45
0.46
0.47
0.48
0.49
0.5
0.51
0.52
0.53
0.54
0.55
0.56
0.57
0.58
0.59
0.6
0.61
0.62
0.63
0.64
0.65
0.66
0.67
0.68
0.69
0.7
0.71
0.72
0.73
0.74
0.75
0.76
0.77
0.78
0.79
0.8
0.81
0.82
0.83
0.84
0.85
0.86
0.87
0.88
0.89
0.9
0.91
0.92
0.93
0.94
0.95
0.96
0.97
0.98
0.99
1
0
3.71319e-09
3.81617e-08
3.03253e-07
1.90589e-06
9.73674e-06
4.15835e-05
0.000152035
0.000485104
0.00137194
0.00348265
0.00801797
0.0168871
0.0327765
0.0589955
0.0990174
0.155725
0.230507
0.322454
0.427965
0.540969
0.653804
0.758556
0.848519
0.919354
0.969652
1.0008
1.01628
1.02059
1.01825
1.01304
1.00756
1.00321
1.00044
0.999114
0.998775
0.99895
0.999238
0.999305
0.998774
0.997032
0.992991
0.984875
0.970108
0.945435
0.907344
0.852804
0.780175
0.69005
0.585718
0.47302
0.359535
0.253261
0.161143
0.0878543
0.0351456
0.00191052
-0.0151464
-0.0204894
-0.0187006
-0.0136631
-0.00812037
-0.00361021
-0.000675955
0.000791588
0.00121126
0.00105169
0.000683599
0.000331309
8.89762e-05
-3.50548e-05
-7.28247e-05
-6.41858e-05
-3.99981e-05
-1.76416e-05
-3.39037e-06
3.00318e-06
4.28427e-06
3.2412e-06
1.72055e-06
5.6951e-07
-3.62047e-08
-2.30412e-07
-2.10681e-07
-1.25053e-07
-4.92791e-08
-5.54142e-09
1.08356e-08
1.19085e-08
7.58818e-09
3.22572e-09
5.74016e-10
-4.811e-10
-6.12885e-10
-4.04638e-10
-1.76249e-10
-3.50705e-11
2.16203e-11
2.94608e-11
1.94669e-11
8.37254e-12
