VARIABLEs = X,u
ZONE I=101
datapacking=block
0
0.01
0.02
0.03
0.04
0.05
0.06
0.07
0.08
0.09
0.1
0.11
0.12
0.13
0.14
0.15
0.16
0.17
0.18
0.19
0.2
0.21
0.22
0.23
0.24
0.25
0.26
0.27
0.28
0.29
0.3
0.31
0.32
0.33
0.34
0.35
0.36
0.37
0.38
0.39
0.4
0.41
0.42
0.43
0.44
0.45
0.46
0.47
0.48
0.49
0.5
0.51
0.52
0.53
0.54
0.55
0.56
0.57
0.58
0.59
0.6
0.61
0.62
0.63
0.64
0.65
0.66
0.67
0.68
0.69
0.7
0.71
0.72
0.73
0.74
0.75
0.76
0.77
0.78
0.79
0.8
0.81
0.82
0.83
0.84
0.85
0.86
0.87
0.88
0.89
0.9
0.91
0.92
0.93
0.94
0.95
0.96
0.97
0.98
0.99
1
0
1.84308e-26
2.20464e-25
2.54294e-24
2.82661e-23
2.96007e-22
2.86941e-21
2.54934e-20
2.06858e-19
1.53387e-18
1.0424e-17
6.51841e-17
3.76708e-16
2.0208e-15
1.01046e-14
4.72816e-14
2.07785e-13
8.60458e-13
3.36788e-12
1.2494e-11
4.40423e-11
1.47866e-10
4.73828e-10
1.45204e-09
4.26312e-09
1.20111e-08
3.2525e-08
8.477e-08
2.12928e-07
5.16087e-07
1.20838e-06
2.73617e-06
5.99748e-06
1.27376e-05
2.62346e-05
5.24432e-05
0.000101827
0.000192183
0.000352809
0.000630401
0.00109702
0.00186028
0.00307578
0.00496099
0.00780973
0.0120051
0.0180285
0.0264613
0.0379757
0.0533124
0.0732419
0.0985095
0.129767
0.167494
0.211919
0.262947
0.320109
0.382539
0.448986
0.517871
0.58738
0.655588
0.720603
0.780708
0.834496
0.880965
0.919574
0.950253
0.973357
0.989585
0.999871
1.00525
1.00673
1.0052
1.00131
0.995442
0.987662
0.97775
0.965225
0.949406
0.929488
0.904639
0.874093
0.837251
0.793776
0.743665
0.68731
0.625518
0.559494
0.490791
0.421211
0.352685
0.287127
0.226288
0.17162
0.124175
0.0845425
0.0528318
0.0287067
0.0114592
0.000111618
