VARIABLEs = X,u
ZONE I=101
datapacking=block
0
0.01
0.02
0.03
0.04
0.05
0.06
0.07
0.08
0.09
0.1
0.11
0.12
0.13
0.14
0.15
0.16
0.17
0.18
0.19
0.2
0.21
0.22
0.23
0.24
0.25
0.26
0.27
0.28
0.29
0.3
0.31
0.32
0.33
0.34
0.35
0.36
0.37
0.38
0.39
0.4
0.41
0.42
0.43
0.44
0.45
0.46
0.47
0.48
0.49
0.5
0.51
0.52
0.53
0.54
0.55
0.56
0.57
0.58
0.59
0.6
0.61
0.62
0.63
0.64
0.65
0.66
0.67
0.68
0.69
0.7
0.71
0.72
0.73
0.74
0.75
0.76
0.77
0.78
0.79
0.8
0.81
0.82
0.83
0.84
0.85
0.86
0.87
0.88
0.89
0.9
0.91
0.92
0.93
0.94
0.95
0.96
0.97
0.98
0.99
1
0
3.95037e-25
4.72015e-24
5.41668e-23
5.94778e-22
6.1022e-21
5.75168e-20
4.93909e-19
3.85641e-18
2.74288e-17
1.78389e-16
1.0658e-15
5.87782e-15
3.00625e-14
1.43224e-13
6.38205e-13
2.66978e-12
1.05207e-11
3.91749e-11
1.38227e-10
4.63363e-10
1.47914e-09
4.50599e-09
1.31257e-08
3.66259e-08
9.80655e-08
2.52333e-07
6.24855e-07
1.4911e-06
3.4331e-06
7.63512e-06
1.64194e-05
3.41774e-05
6.89236e-05
0.000134778
0.000255771
0.000471407
0.000844436
0.00147117
0.00249437
0.00411843
0.00662562
0.0103917
0.015898
0.0237365
0.0346039
0.0492805
0.0685914
0.0933496
0.124281
0.161936
0.206605
0.258231
0.316349
0.380061
0.448042
0.518608
0.589812
0.659589
0.725916
0.786971
0.841279
0.88782
0.926087
0.956083
0.978272
0.993478
1.00276
1.00726
1.00808
1.00616
1.00216
0.996471
0.989118
0.979829
0.968052
0.953029
0.933871
0.90966
0.879548
0.842861
0.799203
0.74854
0.691261
0.628207
0.560658
0.49027
0.418979
0.348854
0.281944
0.220108
0.164871
0.11731
0.0779887
0.0469489
0.0237548
0.00758135
-0.00266619
-0.00822028
-0.0103243
-0.0101256
