VARIABLEs = X,u
ZONE I=101
datapacking=block
0
0.01
0.02
0.03
0.04
0.05
0.06
0.07
0.08
0.09
0.1
0.11
0.12
0.13
0.14
0.15
0.16
0.17
0.18
0.19
0.2
0.21
0.22
0.23
0.24
0.25
0.26
0.27
0.28
0.29
0.3
0.31
0.32
0.33
0.34
0.35
0.36
0.37
0.38
0.39
0.4
0.41
0.42
0.43
0.44
0.45
0.46
0.47
0.48
0.49
0.5
0.51
0.52
0.53
0.54
0.55
0.56
0.57
0.58
0.59
0.6
0.61
0.62
0.63
0.64
0.65
0.66
0.67
0.68
0.69
0.7
0.71
0.72
0.73
0.74
0.75
0.76
0.77
0.78
0.79
0.8
0.81
0.82
0.83
0.84
0.85
0.86
0.87
0.88
0.89
0.9
0.91
0.92
0.93
0.94
0.95
0.96
0.97
0.98
0.99
1
0
1.37878e-17
1.61734e-16
1.7352e-15
1.67035e-14
1.41538e-13
1.05206e-12
6.89345e-12
4.01439e-11
2.09633e-10
9.9009e-10
4.26235e-09
1.68424e-08
6.14625e-08
2.08268e-07
6.58447e-07
1.9505e-06
5.43424e-06
1.42875e-05
3.55559e-05
8.3981e-05
0.000188725
0.000404408
0.000828009
0.00162284
0.00304986
0.00550462
0.00955532
0.0159742
0.0257509
0.0400758
0.06028
0.0877266
0.123653
0.16898
0.224108
0.288741
0.361775
0.441282
0.524613
0.608615
0.689939
0.7654
0.832315
0.888784
0.93385
0.967523
0.990681
1.00485
1.01193
1.01394
1.01271
1.00977
1.00618
1.00253
0.998971
0.995208
0.99062
0.984289
0.975059
0.961595
0.942457
0.916204
0.881539
0.837486
0.783578
0.720033
0.647871
0.568937
0.485814
0.401621
0.319709
0.243312
0.175192
0.117359
0.0708863
0.0358722
0.0115299
-0.00361064
-0.0114362
-0.0139682
-0.0131136
-0.0104816
-0.00728248
-0.00430776
-0.00197352
-0.000404726
0.000465669
0.000803583
0.00080045
0.000625382
0.000401861
0.000203603
6.24533e-05
-1.84661e-05
-5.1469e-05
-5.38511e-05
-4.13294e-05
-2.50622e-05
-1.12491e-05
-2.15202e-06
