VARIABLEs = X,u
ZONE I=101
datapacking=block
0
0.01
0.02
0.03
0.04
0.05
0.06
0.07
0.08
0.09
0.1
0.11
0.12
0.13
0.14
0.15
0.16
0.17
0.18
0.19
0.2
0.21
0.22
0.23
0.24
0.25
0.26
0.27
0.28
0.29
0.3
0.31
0.32
0.33
0.34
0.35
0.36
0.37
0.38
0.39
0.4
0.41
0.42
0.43
0.44
0.45
0.46
0.47
0.48
0.49
0.5
0.51
0.52
0.53
0.54
0.55
0.56
0.57
0.58
0.59
0.6
0.61
0.62
0.63
0.64
0.65
0.66
0.67
0.68
0.69
0.7
0.71
0.72
0.73
0.74
0.75
0.76
0.77
0.78
0.79
0.8
0.81
0.82
0.83
0.84
0.85
0.86
0.87
0.88
0.89
0.9
0.91
0.92
0.93
0.94
0.95
0.96
0.97
0.98
0.99
1
0
1.3576e-13
1.54098e-12
1.50991e-11
1.25863e-10
8.89411e-10
5.38112e-09
2.82621e-08
1.3063e-07
5.37932e-07
1.99472e-06
6.72163e-06
2.07446e-05
5.90329e-05
0.000155801
0.000383292
0.000882878
0.00191153
0.00390371
0.00754288
0.0138284
0.0241146
0.0400924
0.063686
0.096847
0.141253
0.197952
0.267006
0.347242
0.436167
0.530111
0.624605
0.714927
0.796731
0.866619
0.922546
0.963987
0.991834
1.00808
1.01537
1.01652
1.0141
1.01018
1.00616
1.00283
1.00041
0.998735
0.997337
0.995527
0.992411
0.986854
0.977446
0.962493
0.940086
0.908272
0.865337
0.810146
0.742505
0.663436
0.575282
0.481598
0.386797
0.295618
0.212498
0.140983
0.0832944
0.0401373
0.0107676
-0.00670858
-0.0148917
-0.0166077
-0.0144849
-0.0106587
-0.00663137
-0.00327522
-0.000938953
0.000393015
0.000936393
0.000971647
0.000753728
0.000467594
0.000219804
5.22039e-05
-3.55448e-05
-6.41706e-05
-5.87953e-05
-3.99746e-05
-2.06045e-05
-6.5331e-06
1.20374e-06
4.00168e-06
3.91411e-06
2.67063e-06
1.34232e-06
3.95619e-07
-9.93845e-08
-2.57853e-07
-2.33753e-07
-1.47108e-07
-6.53089e-08
-1.27819e-08
