VARIABLEs = X,u
ZONE I=101
datapacking=block
0
0.01
0.02
0.03
0.04
0.05
0.06
0.07
0.08
0.09
0.1
0.11
0.12
0.13
0.14
0.15
0.16
0.17
0.18
0.19
0.2
0.21
0.22
0.23
0.24
0.25
0.26
0.27
0.28
0.29
0.3
0.31
0.32
0.33
0.34
0.35
0.36
0.37
0.38
0.39
0.4
0.41
0.42
0.43
0.44
0.45
0.46
0.47
0.48
0.49
0.5
0.51
0.52
0.53
0.54
0.55
0.56
0.57
0.58
0.59
0.6
0.61
0.62
0.63
0.64
0.65
0.66
0.67
0.68
0.69
0.7
0.71
0.72
0.73
0.74
0.75
0.76
0.77
0.78
0.79
0.8
0.81
0.82
0.83
0.84
0.85
0.86
0.87
0.88
0.89
0.9
0.91
0.92
0.93
0.94
0.95
0.96
0.97
0.98
0.99
1
0
2.86512e-08
2.83821e-07
2.1107e-06
1.22212e-05
5.70693e-05
0.000221876
0.000736872
0.00213327
0.00547092
0.0125912
0.0262832
0.0502046
0.0884159
0.144501
0.220429
0.3155
0.42578
0.544344
0.662372
0.770852
0.862369
0.932473
0.980224
1.00786
1.01976
1.02117
1.01699
1.01099
1.00555
1.0017
0.999582
0.998799
0.998817
0.999167
0.999528
0.999688
0.99942
0.99828
0.995338
0.9889
0.976307
0.953975
0.917819
0.864099
0.790557
0.697521
0.588549
0.470294
0.351482
0.241247
0.147303
0.0745059
0.0241913
-0.00556952
-0.019005
-0.0213409
-0.0175784
-0.0116511
-0.00607681
-0.00204062
0.00025454
0.001158
0.00120253
0.000866219
0.000468808
0.000166243
-4.2806e-06
-6.83057e-05
-6.99924e-05
-4.71467e-05
-2.26834e-05
-5.97029e-06
2.09735e-06
4.19315e-06
3.40765e-06
1.89111e-06
6.76051e-07
1.51049e-08
-2.09983e-07
-2.03627e-07
-1.22997e-07
-4.91934e-08
-6.39411e-09
9.61753e-09
1.07713e-08
6.79402e-09
2.82287e-09
4.65973e-10
-4.34247e-10
-5.23033e-10
-3.31605e-10
-1.36635e-10
-2.23809e-11
2.00731e-11
2.36874e-11
1.45781e-11
5.73758e-12
7.80877e-13
-9.37344e-13
-1.00335e-12
