VARIABLEs = X,u
ZONE I=101
datapacking=block
0
0.01
0.02
0.03
0.04
0.05
0.06
0.07
0.08
0.09
0.1
0.11
0.12
0.13
0.14
0.15
0.16
0.17
0.18
0.19
0.2
0.21
0.22
0.23
0.24
0.25
0.26
0.27
0.28
0.29
0.3
0.31
0.32
0.33
0.34
0.35
0.36
0.37
0.38
0.39
0.4
0.41
0.42
0.43
0.44
0.45
0.46
0.47
0.48
0.49
0.5
0.51
0.52
0.53
0.54
0.55
0.56
0.57
0.58
0.59
0.6
0.61
0.62
0.63
0.64
0.65
0.66
0.67
0.68
0.69
0.7
0.71
0.72
0.73
0.74
0.75
0.76
0.77
0.78
0.79
0.8
0.81
0.82
0.83
0.84
0.85
0.86
0.87
0.88
0.89
0.9
0.91
0.92
0.93
0.94
0.95
0.96
0.97
0.98
0.99
1
0
2.31582e-19
2.7367e-18
3.00852e-17
3.02519e-16
2.72016e-15
2.16948e-14
1.53664e-13
9.72107e-13
5.53289e-12
2.85463e-11
1.34463e-10
5.82023e-10
2.32861e-09
8.65648e-09
3.00394e-08
9.77111e-08
2.99024e-07
8.63808e-07
2.36249e-06
6.13386e-06
1.51552e-05
3.57121e-05
8.04205e-05
0.000173387
0.000358508
0.000712011
0.0013602
0.00250277
0.004441
0.00760813
0.0125974
0.0201804
0.0313067
0.0470762
0.0686754
0.0972752
0.133895
0.179242
0.233553
0.296459
0.366904
0.443142
0.522827
0.603189
0.681288
0.754297
0.819787
0.875959
0.921795
0.957102
0.982451
0.999025
1.00841
1.01234
1.01251
1.01037
1.00702
1.0031
0.998844
0.994071
0.98823
0.980468
0.969697
0.954672
0.934074
0.906627
0.871228
0.827097
0.773931
0.712028
0.642377
0.566656
0.487163
0.406639
0.328028
0.254194
0.187632
0.130229
0.0830998
0.0465332
0.0200371
0.00248235
-0.00769177
-0.0122477
-0.012931
-0.0112956
-0.00858893
-0.00570414
-0.00319002
-0.00130397
-8.81853e-05
0.000549189
0.00076227
0.000713474
0.000540035
0.000339146
0.000167087
4.67698e-05
-2.13175e-05
-4.84863e-05
