VARIABLEs = X,u
ZONE I=101
datapacking=block
0
0.01
0.02
0.03
0.04
0.05
0.06
0.07
0.08
0.09
0.1
0.11
0.12
0.13
0.14
0.15
0.16
0.17
0.18
0.19
0.2
0.21
0.22
0.23
0.24
0.25
0.26
0.27
0.28
0.29
0.3
0.31
0.32
0.33
0.34
0.35
0.36
0.37
0.38
0.39
0.4
0.41
0.42
0.43
0.44
0.45
0.46
0.47
0.48
0.49
0.5
0.51
0.52
0.53
0.54
0.55
0.56
0.57
0.58
0.59
0.6
0.61
0.62
0.63
0.64
0.65
0.66
0.67
0.68
0.69
0.7
0.71
0.72
0.73
0.74
0.75
0.76
0.77
0.78
0.79
0.8
0.81
0.82
0.83
0.84
0.85
0.86
0.87
0.88
0.89
0.9
0.91
0.92
0.93
0.94
0.95
0.96
0.97
0.98
0.99
1
0
4.88737e-14
5.57703e-13
5.5381e-12
4.70939e-11
3.40941e-10
2.11881e-09
1.14488e-08
5.44966e-08
2.31263e-07
8.84097e-07
3.07229e-06
9.78029e-06
2.87121e-05
7.81832e-05
0.000198464
0.000471724
0.00105396
0.0022212
0.00442918
0.00837985
0.0150805
0.0258735
0.04241
0.0665422
0.100123
0.14472
0.201278
0.269802
0.34912
0.436815
0.529365
0.622489
0.711664
0.792704
0.862302
0.918417
0.960441
0.989126
1.0063
1.01446
1.0163
1.01435
1.01067
1.00669
1.00326
1.00067
0.998769
0.997121
0.995027
0.991572
0.985604
0.975706
0.960212
0.937271
0.905026
0.86187
0.806775
0.739617
0.661423
0.574471
0.482176
0.388762
0.29877
0.216468
0.1453
0.0874772
0.0437749
0.0135852
-0.00482096
-0.0138884
-0.016326
-0.0146999
-0.0111388
-0.00718165
-0.0037613
-0.00129196
0.000186884
0.000854323
0.000973895
0.00079953
0.000524926
0.000269022
8.51239e-05
-1.89913e-05
-5.98102e-05
-6.13727e-05
-4.50875e-05
-2.54641e-05
-9.90357e-06
-5.30162e-07
3.49834e-06
4.0975e-06
3.09488e-06
1.73949e-06
6.58298e-07
2.48136e-08
-2.30171e-07
-2.54302e-07
-1.80419e-07
-9.27569e-08
