VARIABLEs = X,u
ZONE I=101
datapacking=block
0
0.01
0.02
0.03
0.04
0.05
0.06
0.07
0.08
0.09
0.1
0.11
0.12
0.13
0.14
0.15
0.16
0.17
0.18
0.19
0.2
0.21
0.22
0.23
0.24
0.25
0.26
0.27
0.28
0.29
0.3
0.31
0.32
0.33
0.34
0.35
0.36
0.37
0.38
0.39
0.4
0.41
0.42
0.43
0.44
0.45
0.46
0.47
0.48
0.49
0.5
0.51
0.52
0.53
0.54
0.55
0.56
0.57
0.58
0.59
0.6
0.61
0.62
0.63
0.64
0.65
0.66
0.67
0.68
0.69
0.7
0.71
0.72
0.73
0.74
0.75
0.76
0.77
0.78
0.79
0.8
0.81
0.82
0.83
0.84
0.85
0.86
0.87
0.88
0.89
0.9
0.91
0.92
0.93
0.94
0.95
0.96
0.97
0.98
0.99
1
0
3.04812e-24
3.63872e-23
4.15839e-22
4.52295e-21
4.56935e-20
4.21902e-19
3.5349e-18
2.68514e-17
1.85416e-16
1.16904e-15
6.76391e-15
3.60968e-14
1.7855e-13
8.22334e-13
3.54115e-12
1.4312e-11
5.44771e-11
1.95908e-10
6.675e-10
2.16042e-09
6.65791e-09
1.9579e-08
5.50499e-08
1.4826e-07
3.83104e-07
9.5128e-07
2.27309e-06
5.23377e-06
1.16261e-05
2.49445e-05
5.17478e-05
0.000103901
0.000202098
0.000381149
0.000697547
0.00123974
0.00214133
0.0035969
0.00587958
0.00935848
0.0145132
0.0219412
0.0323547
0.0465608
0.0654234
0.0898036
0.120481
0.158063
0.202882
0.254913
0.313696
0.37831
0.447379
0.519139
0.591546
0.662433
0.729677
0.791381
0.846025
0.892578
0.930561
0.960034
0.981544
0.996007
1.00457
1.00846
1.00882
1.00664
1.0026
0.997055
0.990022
0.981184
0.969946
0.955493
0.936881
0.913132
0.883339
0.846778
0.803008
0.751968
0.694045
0.630102
0.561472
0.489889
0.417383
0.34613
0.278273
0.215753
0.160144
0.112537
0.0734759
0.0429477
0.0204403
0.00504153
-0.00442857
-0.00927477
-0.0107922
-0.010156
-0.00834476
-0.00610232
