VARIABLEs = X,u
ZONE I=101
datapacking=block
0
0.01
0.02
0.03
0.04
0.05
0.06
0.07
0.08
0.09
0.1
0.11
0.12
0.13
0.14
0.15
0.16
0.17
0.18
0.19
0.2
0.21
0.22
0.23
0.24
0.25
0.26
0.27
0.28
0.29
0.3
0.31
0.32
0.33
0.34
0.35
0.36
0.37
0.38
0.39
0.4
0.41
0.42
0.43
0.44
0.45
0.46
0.47
0.48
0.49
0.5
0.51
0.52
0.53
0.54
0.55
0.56
0.57
0.58
0.59
0.6
0.61
0.62
0.63
0.64
0.65
0.66
0.67
0.68
0.69
0.7
0.71
0.72
0.73
0.74
0.75
0.76
0.77
0.78
0.79
0.8
0.81
0.82
0.83
0.84
0.85
0.86
0.87
0.88
0.89
0.9
0.91
0.92
0.93
0.94
0.95
0.96
0.97
0.98
0.99
1
0
5.11968e-26
6.12198e-25
7.05031e-24
7.80686e-23
8.12248e-22
7.80327e-21
6.85716e-20
5.49509e-19
4.01986e-18
2.69303e-17
1.65916e-16
9.44314e-16
4.98734e-15
2.45469e-14
1.13038e-13
4.88816e-13
1.99163e-12
7.66912e-12
2.79878e-11
9.70478e-11
3.20487e-10
1.01011e-09
3.0445e-09
8.79089e-09
2.43581e-08
6.48656e-08
1.66251e-07
4.10643e-07
9.78698e-07
2.25326e-06
5.01667e-06
1.08117e-05
2.2576e-05
4.57147e-05
8.98414e-05
0.000171491
0.000318175
0.00057418
0.00100848
0.001725
0.00287517
0.00467233
0.00740672
0.0114593
0.0173119
0.0255494
0.0368526
0.0519751
0.0717053
0.0968103
0.127966
0.165674
0.210182
0.261408
0.318884
0.381731
0.448677
0.518109
0.588169
0.656889
0.722332
0.782751
0.836714
0.883214
0.921719
0.952183
0.974995
0.990895
1.00085
1.00595
1.00721
1.00555
1.00162
0.995805
0.988161
0.978449
0.966166
0.950604
0.930932
0.906288
0.875881
0.839087
0.795549
0.745256
0.688599
0.626395
0.559875
0.490624
0.420487
0.35144
0.285441
0.224273
0.169414
0.121925
0.0823862
0.0508871
0.0270598
0.010159
-0.00083052
-0.00707217
