VARIABLEs = X,u
ZONE I=101
datapacking=block
0
0.01
0.02
0.03
0.04
0.05
0.06
0.07
0.08
0.09
0.1
0.11
0.12
0.13
0.14
0.15
0.16
0.17
0.18
0.19
0.2
0.21
0.22
0.23
0.24
0.25
0.26
0.27
0.28
0.29
0.3
0.31
0.32
0.33
0.34
0.35
0.36
0.37
0.38
0.39
0.4
0.41
0.42
0.43
0.44
0.45
0.46
0.47
0.48
0.49
0.5
0.51
0.52
0.53
0.54
0.55
0.56
0.57
0.58
0.59
0.6
0.61
0.62
0.63
0.64
0.65
0.66
0.67
0.68
0.69
0.7
0.71
0.72
0.73
0.74
0.75
0.76
0.77
0.78
0.79
0.8
0.81
0.82
0.83
0.84
0.85
0.86
0.87
0.88
0.89
0.9
0.91
0.92
0.93
0.94
0.95
0.96
0.97
0.98
0.99
1
0
6.6351e-27
7.93906e-26
9.17063e-25
1.02303e-23
1.07798e-22
1.05403e-21
9.46463e-21
7.77342e-20
5.8407e-19
4.0252e-18
2.55397e-17
1.49824e-16
8.16091e-16
4.14449e-15
1.96997e-14
8.79549e-14
3.70085e-13
1.47195e-12
5.54929e-12
1.98806e-11
6.78386e-11
2.20953e-10
6.88254e-10
2.05401e-09
5.88275e-09
1.61938e-08
4.29069e-08
1.09568e-07
2.69993e-07
6.4273e-07
1.4797e-06
3.29779e-06
7.12159e-06
1.49148e-05
3.03178e-05
5.98626e-05
0.000114896
0.000214507
0.000389807
0.000689908
0.00118993
0.00200112
0.00328307
0.00525721
0.00822067
0.0125584
0.0187511
0.0273761
0.0390974
0.0546427
0.0747649
0.100188
0.131542
0.169283
0.213622
0.264454
0.321308
0.383329
0.449288
0.51764
0.586611
0.654319
0.718912
0.778708
0.83232
0.878752
0.917455
0.948337
0.971719
0.988266
0.998868
1.00453
1.00623
1.00483
1.00098
0.995059
0.987149
0.977045
0.964286
0.948217
0.928061
0.903013
0.872334
0.835449
0.792037
0.742106
0.686049
0.624659
0.559121
0.490952
0.421916
0.353899
0.288775
0.22826
0.173783
0.126388
0.086671
0.0547598
0.0303488
0.0127654
