VARIABLEs = X,u
ZONE I=101
datapacking=block
0
0.01
0.02
0.03
0.04
0.05
0.06
0.07
0.08
0.09
0.1
0.11
0.12
0.13
0.14
0.15
0.16
0.17
0.18
0.19
0.2
0.21
0.22
0.23
0.24
0.25
0.26
0.27
0.28
0.29
0.3
0.31
0.32
0.33
0.34
0.35
0.36
0.37
0.38
0.39
0.4
0.41
0.42
0.43
0.44
0.45
0.46
0.47
0.48
0.49
0.5
0.51
0.52
0.53
0.54
0.55
0.56
0.57
0.58
0.59
0.6
0.61
0.62
0.63
0.64
0.65
0.66
0.67
0.68
0.69
0.7
0.71
0.72
0.73
0.74
0.75
0.76
0.77
0.78
0.79
0.8
0.81
0.82
0.83
0.84
0.85
0.86
0.87
0.88
0.89
0.9
0.91
0.92
0.93
0.94
0.95
0.96
0.97
0.98
0.99
1
0
1.70582e-06
1.51926e-05
9.49518e-05
0.000447754
0.00167836
0.00520214
0.0137308
0.0315576
0.0642584
0.117542
0.195369
0.297946
0.420486
0.553476
0.684584
0.80161
0.895412
0.961767
1.00163
1.01992
1.0235
1.01916
1.01219
1.00587
1.00157
0.999359
0.998684
0.998841
0.999278
0.999681
0.999937
1.00004
1.00001
0.999728
0.998703
0.995678
0.988127
0.971918
0.941531
0.891111
0.816316
0.716381
0.595512
0.462806
0.330496
0.21103
0.114068
0.0444419
0.00172568
-0.0186793
-0.0235561
-0.019805
-0.0129457
-0.00646635
-0.00192856
0.000480652
0.00128618
0.00119116
0.00076781
0.000354332
8.24394e-05
-4.38844e-05
-7.29317e-05
-5.67157e-05
-3.0384e-05
-1.02156e-05
3.2625e-07
3.64571e-06
3.30292e-06
1.89931e-06
7.06135e-07
5.36309e-08
-1.67795e-07
-1.66284e-07
-9.73509e-08
-3.65333e-08
-3.44435e-09
7.59008e-09
7.52857e-09
4.29062e-09
1.53281e-09
1.00483e-10
-3.38694e-10
-3.10375e-10
-1.65869e-10
-5.34832e-11
3.31305e-13
1.44313e-11
1.16461e-11
5.65895e-12
1.54162e-12
-2.18997e-13
-5.68198e-13
-3.95793e-13
-1.69933e-13
-3.48061e-14
1.49485e-14
2.02785e-14
1.21099e-14
4.43767e-15
