VARIABLEs = X,u
ZONE I=101
datapacking=block
0
0.01
0.02
0.03
0.04
0.05
0.06
0.07
0.08
0.09
0.1
0.11
0.12
0.13
0.14
0.15
0.16
0.17
0.18
0.19
0.2
0.21
0.22
0.23
0.24
0.25
0.26
0.27
0.28
0.29
0.3
0.31
0.32
0.33
0.34
0.35
0.36
0.37
0.38
0.39
0.4
0.41
0.42
0.43
0.44
0.45
0.46
0.47
0.48
0.49
0.5
0.51
0.52
0.53
0.54
0.55
0.56
0.57
0.58
0.59
0.6
0.61
0.62
0.63
0.64
0.65
0.66
0.67
0.68
0.69
0.7
0.71
0.72
0.73
0.74
0.75
0.76
0.77
0.78
0.79
0.8
0.81
0.82
0.83
0.84
0.85
0.86
0.87
0.88
0.89
0.9
0.91
0.92
0.93
0.94
0.95
0.96
0.97
0.98
0.99
1
0
2.21074e-07
2.09022e-06
1.43645e-05
7.5657e-05
0.000318965
0.00111547
0.00332623
0.00863901
0.0198718
0.0410278
0.0768662
0.131884
0.208866
0.30745
0.423314
0.548424
0.672464
0.785029
0.877894
0.946609
0.990972
1.01436
1.02227
1.02074
1.01496
1.00856
1.0035
1.00038
0.998976
0.998709
0.998997
0.999423
0.999765
0.999928
0.999823
0.999179
0.997268
0.992555
0.982377
0.96284
0.929187
0.876763
0.802454
0.70617
0.591775
0.466968
0.341967
0.227349
0.131729
0.0600481
0.0129696
-0.0125606
-0.0219234
-0.0211752
-0.015661
-0.00920978
-0.00395663
-0.000632014
0.000930446
0.00129128
0.00104204
0.000618393
0.000257061
3.60291e-05
-5.83304e-05
-7.30245e-05
-5.29875e-05
-2.7174e-05
-8.39776e-06
1.13786e-06
3.96557e-06
3.43502e-06
1.96071e-06
7.28099e-07
4.77666e-08
-1.88486e-07
-1.88863e-07
-1.13811e-07
-4.4895e-08
-5.61995e-09
8.57423e-09
9.30575e-09
5.66744e-09
2.23195e-09
2.92554e-10
-3.91669e-10
-4.21121e-10
-2.49306e-10
-9.36211e-11
-9.60482e-12
1.78689e-11
1.76175e-11
9.81009e-12
3.36411e-12
1.37753e-13
-7.85883e-13
-6.79634e-13
-3.4647e-13
-1.03025e-13
6.95265e-15
