VARIABLEs = X,u
ZONE I=101
datapacking=block
0
0.01
0.02
0.03
0.04
0.05
0.06
0.07
0.08
0.09
0.1
0.11
0.12
0.13
0.14
0.15
0.16
0.17
0.18
0.19
0.2
0.21
0.22
0.23
0.24
0.25
0.26
0.27
0.28
0.29
0.3
0.31
0.32
0.33
0.34
0.35
0.36
0.37
0.38
0.39
0.4
0.41
0.42
0.43
0.44
0.45
0.46
0.47
0.48
0.49
0.5
0.51
0.52
0.53
0.54
0.55
0.56
0.57
0.58
0.59
0.6
0.61
0.62
0.63
0.64
0.65
0.66
0.67
0.68
0.69
0.7
0.71
0.72
0.73
0.74
0.75
0.76
0.77
0.78
0.79
0.8
0.81
0.82
0.83
0.84
0.85
0.86
0.87
0.88
0.89
0.9
0.91
0.92
0.93
0.94
0.95
0.96
0.97
0.98
0.99
1
0
0.00010156
0.000754517
0.00363726
0.0128476
0.0356851
0.0817123
0.159477
0.271955
0.4132
0.568499
0.718476
0.845285
0.937922
0.994406
1.02043
1.02579
1.02049
1.01216
1.00511
1.00079
0.998957
0.998673
0.999053
0.999531
0.999865
1.00003
1.00007
1.00005
1.00003
1.00001
0.999957
0.999521
0.997274
0.989476
0.969133
0.926671
0.853035
0.744297
0.60535
0.450195
0.298151
0.167671
0.070746
0.0103243
-0.0186544
-0.025784
-0.0212499
-0.0130125
-0.00573101
-0.00112989
0.00092557
0.00132944
0.000991123
0.000511916
0.00016092
-1.44751e-05
-6.45198e-05
-5.45135e-05
-2.94935e-05
-9.92067e-06
-2.3488e-08
2.87064e-06
2.48687e-06
1.31518e-06
4.2052e-07
-9.03974e-09
-1.21899e-07
-9.8266e-08
-4.8171e-08
-1.3387e-08
1.69768e-09
4.80171e-09
3.39393e-09
1.47739e-09
3.15607e-10
-1.18409e-10
-1.69433e-10
-1.0228e-10
-3.78642e-11
-4.53467e-12
5.52651e-12
5.25656e-12
2.67478e-12
7.89569e-13
-2.57826e-14
-1.99906e-13
-1.42412e-13
-6.0048e-14
-1.22157e-14
4.44558e-15
5.95855e-15
3.3572e-15
1.12846e-15
8.3415e-17
-1.8484e-16
-1.50837e-16
-6.8337e-17
-1.65556e-17
2.7526e-18
5.46181e-18
