VARIABLEs = X,u
ZONE I=101
datapacking=block
0
0.01
0.02
0.03
0.04
0.05
0.06
0.07
0.08
0.09
0.1
0.11
0.12
0.13
0.14
0.15
0.16
0.17
0.18
0.19
0.2
0.21
0.22
0.23
0.24
0.25
0.26
0.27
0.28
0.29
0.3
0.31
0.32
0.33
0.34
0.35
0.36
0.37
0.38
0.39
0.4
0.41
0.42
0.43
0.44
0.45
0.46
0.47
0.48
0.49
0.5
0.51
0.52
0.53
0.54
0.55
0.56
0.57
0.58
0.59
0.6
0.61
0.62
0.63
0.64
0.65
0.66
0.67
0.68
0.69
0.7
0.71
0.72
0.73
0.74
0.75
0.76
0.77
0.78
0.79
0.8
0.81
0.82
0.83
0.84
0.85
0.86
0.87
0.88
0.89
0.9
0.91
0.92
0.93
0.94
0.95
0.96
0.97
0.98
0.99
1
0
8.46701e-24
1.01021e-22
1.1518e-21
1.24628e-20
1.24868e-19
1.14042e-18
9.43242e-18
7.06287e-17
4.80276e-16
2.97983e-15
1.69573e-14
8.89737e-14
4.32581e-13
1.95784e-12
8.28375e-12
3.28912e-11
1.22984e-10
4.34415e-10
1.45375e-09
4.62101e-09
1.39854e-08
4.03874e-08
1.11509e-07
2.94887e-07
7.48193e-07
1.82412e-06
4.27949e-06
9.67397e-06
2.10972e-05
4.44371e-05
9.04963e-05
0.000178365
0.000340553
0.000630426
0.00113243
0.0019754
0.00334869
0.00552041
0.00885578
0.0138328
0.0210515
0.0312311
0.0451924
0.0638192
0.0879978
0.118537
0.156072
0.200962
0.253197
0.312322
0.377403
0.447037
0.519418
0.592451
0.663911
0.731628
0.793662
0.84847
0.895017
0.932838
0.962028
0.983176
0.997248
1.00544
1.00901
1.00915
1.00684
1.00278
0.997316
0.990453
0.981853
0.970895
0.956739
0.938412
0.914905
0.885283
0.848792
0.804969
0.753739
0.695485
0.631083
0.561892
0.489687
0.416551
0.344712
0.276367
0.213499
0.157707
0.110089
0.0711755
0.0409245
0.0187819
0.00378908
-0.00527882
-0.00976386
-0.0109871
-0.0101363
-0.00819072
-0.00588472
-0.0037077
