VARIABLEs = X,u
ZONE I=101
datapacking=block
0
0.01
0.02
0.03
0.04
0.05
0.06
0.07
0.08
0.09
0.1
0.11
0.12
0.13
0.14
0.15
0.16
0.17
0.18
0.19
0.2
0.21
0.22
0.23
0.24
0.25
0.26
0.27
0.28
0.29
0.3
0.31
0.32
0.33
0.34
0.35
0.36
0.37
0.38
0.39
0.4
0.41
0.42
0.43
0.44
0.45
0.46
0.47
0.48
0.49
0.5
0.51
0.52
0.53
0.54
0.55
0.56
0.57
0.58
0.59
0.6
0.61
0.62
0.63
0.64
0.65
0.66
0.67
0.68
0.69
0.7
0.71
0.72
0.73
0.74
0.75
0.76
0.77
0.78
0.79
0.8
0.81
0.82
0.83
0.84
0.85
0.86
0.87
0.88
0.89
0.9
0.91
0.92
0.93
0.94
0.95
0.96
0.97
0.98
0.99
1
0
1.73243e-10
1.85621e-09
1.59936e-08
1.11529e-07
6.40013e-07
3.09079e-06
1.28256e-05
4.65466e-05
0.000149912
0.000433669
0.00113815
0.00273282
0.00604618
0.0124011
0.0237055
0.0424289
0.071398
0.113379
0.170481
0.243493
0.331339
0.43083
0.536865
0.643081
0.742841
0.830323
0.90145
0.954421
0.989743
1.00982
1.01821
1.01884
1.01526
1.01024
1.00555
1.00206
0.99995
0.998984
0.998736
0.998728
0.998466
0.997358
0.994572
0.988855
0.978399
0.96082
0.933325
0.893106
0.837924
0.766781
0.680505
0.582038
0.476299
0.369578
0.268565
0.179254
0.105977
0.0508164
0.01351
-0.00816871
-0.017705
-0.0190246
-0.0157683
-0.0108031
-0.00601946
-0.00237982
-0.000131709
0.000917398
0.00114727
0.000943087
0.000597546
0.000283361
7.04589e-05
-3.8208e-05
-7.1126e-05
-6.27189e-05
-3.99298e-05
-1.8392e-05
-4.1479e-06
2.65743e-06
4.35567e-06
3.53273e-06
2.02977e-06
7.82473e-07
5.88317e-08
-2.21165e-07
-2.41883e-07
-1.62304e-07
-7.57683e-08
-1.82197e-08
8.15124e-09
1.40311e-08
1.07283e-08
5.56632e-09
1.74058e-09
-1.7867e-10
-7.31221e-10
-6.23497e-10
-3.44249e-10
-1.19806e-10
