VARIABLEs = X,u
ZONE I=101
datapacking=block
0
0.01
0.02
0.03
0.04
0.05
0.06
0.07
0.08
0.09
0.1
0.11
0.12
0.13
0.14
0.15
0.16
0.17
0.18
0.19
0.2
0.21
0.22
0.23
0.24
0.25
0.26
0.27
0.28
0.29
0.3
0.31
0.32
0.33
0.34
0.35
0.36
0.37
0.38
0.39
0.4
0.41
0.42
0.43
0.44
0.45
0.46
0.47
0.48
0.49
0.5
0.51
0.52
0.53
0.54
0.55
0.56
0.57
0.58
0.59
0.6
0.61
0.62
0.63
0.64
0.65
0.66
0.67
0.68
0.69
0.7
0.71
0.72
0.73
0.74
0.75
0.76
0.77
0.78
0.79
0.8
0.81
0.82
0.83
0.84
0.85
0.86
0.87
0.88
0.89
0.9
0.91
0.92
0.93
0.94
0.95
0.96
0.97
0.98
0.99
1
0
6.14094e-07
5.64596e-06
3.70854e-05
0.000185232
0.000737934
0.00243454
0.00684356
0.0167519
0.0363198
0.0707008
0.124954
0.202394
0.302909
0.421951
0.550807
0.67823
0.792979
0.886382
0.954064
0.996336
1.01728
1.02307
1.02011
1.01367
1.00723
1.0025
0.999823
0.998789
0.998749
0.999128
0.999555
0.99986
0.999999
0.999942
0.999496
0.998052
0.994195
0.985308
0.967364
0.935233
0.883703
0.809104
0.711049
0.59357
0.46501
0.336515
0.219534
0.123184
0.0523879
0.00732845
-0.0157593
-0.0229252
-0.0206515
-0.0143998
-0.00786419
-0.00291828
-2.99272e-05
0.00115137
0.00126893
0.000915657
0.000485076
0.000163113
-1.07872e-05
-7.02032e-05
-6.68181e-05
-4.18076e-05
-1.80062e-05
-3.26794e-06
2.90583e-06
3.85534e-06
2.69153e-06
1.27425e-06
3.23758e-07
-1.03686e-07
-1.95394e-07
-1.44902e-07
-7.06339e-08
-1.93154e-08
3.95894e-09
9.17639e-09
6.85195e-09
3.28596e-09
8.6711e-10
-1.90764e-10
-4.06414e-10
-2.90634e-10
-1.32061e-10
-3.07359e-11
1.03736e-11
1.68916e-11
1.11339e-11
4.63204e-12
8.37681e-13
-5.34787e-13
-6.50509e-13
-3.85151e-13
-1.41428e-13
-1.44954e-14
2.43706e-14
2.29458e-14
