VARIABLEs = X,u
ZONE I=101
datapacking=block
0
0.01
0.02
0.03
0.04
0.05
0.06
0.07
0.08
0.09
0.1
0.11
0.12
0.13
0.14
0.15
0.16
0.17
0.18
0.19
0.2
0.21
0.22
0.23
0.24
0.25
0.26
0.27
0.28
0.29
0.3
0.31
0.32
0.33
0.34
0.35
0.36
0.37
0.38
0.39
0.4
0.41
0.42
0.43
0.44
0.45
0.46
0.47
0.48
0.49
0.5
0.51
0.52
0.53
0.54
0.55
0.56
0.57
0.58
0.59
0.6
0.61
0.62
0.63
0.64
0.65
0.66
0.67
0.68
0.69
0.7
0.71
0.72
0.73
0.74
0.75
0.76
0.77
0.78
0.79
0.8
0.81
0.82
0.83
0.84
0.85
0.86
0.87
0.88
0.89
0.9
0.91
0.92
0.93
0.94
0.95
0.96
0.97
0.98
0.99
1
0
3.82994e-17
4.48202e-16
4.77355e-15
4.53778e-14
3.78172e-13
2.75701e-12
1.76861e-11
1.00717e-10
5.13907e-10
2.37032e-09
9.96156e-09
3.84158e-08
1.3679e-07
4.52212e-07
1.39464e-06
4.02968e-06
1.09499e-05
2.80767e-05
6.81388e-05
0.00015694
0.000343899
0.000718544
0.00143444
0.00274107
0.00502237
0.00883747
0.0149558
0.0243749
0.0383071
0.0581218
0.0852353
0.120948
0.166242
0.221567
0.286654
0.360385
0.440783
0.525111
0.610105
0.692299
0.768407
0.835676
0.892182
0.936992
0.970182
0.992717
1.00622
1.0127
1.0142
1.01264
1.00951
1.00589
1.00234
0.99897
0.995471
0.991202
0.985234
0.976402
0.963351
0.944611
0.918697
0.884255
0.84025
0.786167
0.722195
0.649359
0.56955
0.485436
0.400242
0.317438
0.240362
0.171851
0.113943
0.0676951
0.0331444
0.00941544
-0.00506042
-0.0122602
-0.0142732
-0.0130439
-0.0101887
-0.00690005
-0.00393584
-0.00167296
-0.000200218
0.000576943
0.000841026
0.000789796
0.000590986
0.000362245
0.000170018
3.9611e-05
-3.05202e-05
-5.52281e-05
-5.25773e-05
-3.79033e-05
-2.14601e-05
-8.4908e-06
-5.16297e-07
3.08849e-06
