VARIABLEs = X,u
ZONE I=101
datapacking=block
0
0.01
0.02
0.03
0.04
0.05
0.06
0.07
0.08
0.09
0.1
0.11
0.12
0.13
0.14
0.15
0.16
0.17
0.18
0.19
0.2
0.21
0.22
0.23
0.24
0.25
0.26
0.27
0.28
0.29
0.3
0.31
0.32
0.33
0.34
0.35
0.36
0.37
0.38
0.39
0.4
0.41
0.42
0.43
0.44
0.45
0.46
0.47
0.48
0.49
0.5
0.51
0.52
0.53
0.54
0.55
0.56
0.57
0.58
0.59
0.6
0.61
0.62
0.63
0.64
0.65
0.66
0.67
0.68
0.69
0.7
0.71
0.72
0.73
0.74
0.75
0.76
0.77
0.78
0.79
0.8
0.81
0.82
0.83
0.84
0.85
0.86
0.87
0.88
0.89
0.9
0.91
0.92
0.93
0.94
0.95
0.96
0.97
0.98
0.99
1
0
4.81482e-35
5.53705e-33
3.1566e-31
1.18936e-29
3.33181e-28
7.4015e-27
1.35809e-25
2.11696e-24
2.86148e-23
3.40701e-22
3.6176e-21
3.45992e-20
3.00525e-19
2.38702e-18
1.74396e-17
1.1779e-16
7.38708e-16
4.31812e-15
2.36072e-14
1.21068e-13
5.84005e-13
2.6562e-12
1.14159e-11
4.64549e-11
1.79311e-10
6.57592e-10
2.29479e-09
7.63083e-09
2.42107e-08
7.33785e-08
2.12687e-07
5.90169e-07
1.56926e-06
4.00216e-06
9.79818e-06
2.30462e-05
5.21184e-05
0.000113406
0.000237593
0.000479598
0.000933359
0.00175234
0.00317581
0.0055593
0.00940537
0.0153882
0.0243623
0.0373463
0.0554697
0.0798808
0.111615
0.151439
0.199687
0.256127
0.319885
0.389438
0.462717
0.537283
0.610562
0.680115
0.743872
0.800313
0.84856
0.888381
0.920109
0.944507
0.962602
0.975524
0.984374
0.990115
0.993507
0.995072
0.995072
0.993507
0.990115
0.984374
0.975524
0.962602
0.944507
0.920109
0.888381
0.84856
0.800313
0.743872
0.680115
0.610562
0.537283
0.462717
0.389438
0.319885
0.256127
0.199687
0.151439
0.111615
0.0798808
0.0554697
0.0373463
0.0243623
0.0153882
0.0058835
