VARIABLEs = X,u
ZONE I=101
datapacking=block
0
0.01
0.02
0.03
0.04
0.05
0.06
0.07
0.08
0.09
0.1
0.11
0.12
0.13
0.14
0.15
0.16
0.17
0.18
0.19
0.2
0.21
0.22
0.23
0.24
0.25
0.26
0.27
0.28
0.29
0.3
0.31
0.32
0.33
0.34
0.35
0.36
0.37
0.38
0.39
0.4
0.41
0.42
0.43
0.44
0.45
0.46
0.47
0.48
0.49
0.5
0.51
0.52
0.53
0.54
0.55
0.56
0.57
0.58
0.59
0.6
0.61
0.62
0.63
0.64
0.65
0.66
0.67
0.68
0.69
0.7
0.71
0.72
0.73
0.74
0.75
0.76
0.77
0.78
0.79
0.8
0.81
0.82
0.83
0.84
0.85
0.86
0.87
0.88
0.89
0.9
0.91
0.92
0.93
0.94
0.95
0.96
0.97
0.98
0.99
1
0
5.55112e-17
3.05311e-15
8.24896e-14
1.45939e-12
1.90148e-11
1.94569e-10
1.62827e-09
1.14593e-08
6.92168e-08
3.64422e-07
1.69284e-06
7.00653e-06
2.60472e-05
8.75634e-05
0.000267718
0.000748129
0.00191913
0.00453667
0.00991716
0.0201118
0.0379524
0.0668371
0.110164
0.170445
0.248309
0.341745
0.445962
0.554038
0.658255
0.751691
0.829555
0.889836
0.933163
0.962048
0.979888
0.990083
0.995463
0.998081
0.999252
0.999732
0.999911
0.999967
0.999967
0.999911
0.999732
0.999252
0.998081
0.995463
0.990083
0.979888
0.962048
0.933163
0.889836
0.829555
0.751691
0.658255
0.554038
0.445962
0.341745
0.248309
0.170445
0.110164
0.0668371
0.0379524
0.0201118
0.00991716
0.00453667
0.00191913
0.000748129
0.000267718
8.75634e-05
2.60472e-05
7.00653e-06
1.69284e-06
3.64422e-07
6.92168e-08
1.14593e-08
1.62827e-09
1.94569e-10
1.90148e-11
1.45939e-12
8.24896e-14
3.05311e-15
5.55112e-17
0
0
0
0
0
0
0
0
0
0
0
0
0
0
0
0
