VARIABLEs = X,u
ZONE I=101
datapacking=block
0
0.01
0.02
0.03
0.04
0.05
0.06
0.07
0.08
0.09
0.1
0.11
0.12
0.13
0.14
0.15
0.16
0.17
0.18
0.19
0.2
0.21
0.22
0.23
0.24
0.25
0.26
0.27
0.28
0.29
0.3
0.31
0.32
0.33
0.34
0.35
0.36
0.37
0.38
0.39
0.4
0.41
0.42
0.43
0.44
0.45
0.46
0.47
0.48
0.49
0.5
0.51
0.52
0.53
0.54
0.55
0.56
0.57
0.58
0.59
0.6
0.61
0.62
0.63
0.64
0.65
0.66
0.67
0.68
0.69
0.7
0.71
0.72
0.73
0.74
0.75
0.76
0.77
0.78
0.79
0.8
0.81
0.82
0.83
0.84
0.85
0.86
0.87
0.88
0.89
0.9
0.91
0.92
0.93
0.94
0.95
0.96
0.97
0.98
0.99
1
0
8.27181e-25
6.70016e-23
2.68089e-21
7.06421e-20
1.37889e-18
2.12643e-17
2.69832e-16
2.89755e-15
2.68755e-14
2.18699e-13
1.58065e-12
1.02476e-11
6.00824e-11
3.20757e-10
1.56827e-09
7.05733e-09
2.93567e-08
1.13307e-07
4.07133e-07
1.36593e-06
4.29028e-06
1.26456e-05
3.50529e-05
9.15583e-05
0.000225759
0.000526367
0.00116227
0.00243408
0.00484142
0.00915805
0.0164963
0.0283322
0.0464559
0.0728177
0.109259
0.157153
0.217021
0.288215
0.368777
0.455536
0.544464
0.631223
0.711785
0.782979
0.842847
0.890741
0.927182
0.953544
0.971667
0.983502
0.990838
0.995146
0.997531
0.998746
0.999248
0.999248
0.998746
0.997531
0.995146
0.990838
0.983502
0.971667
0.953544
0.927182
0.890741
0.842847
0.782979
0.711785
0.631223
0.544464
0.455536
0.368777
0.288215
0.217021
0.157153
0.109259
0.0728177
0.0464559
0.0283322
0.0164963
0.00915805
0.00484142
0.00243408
0.00116227
0.000526367
0.000225759
9.15583e-05
3.50529e-05
1.26456e-05
4.29028e-06
1.36593e-06
4.07133e-07
1.13307e-07
2.93567e-08
7.05733e-09
1.56827e-09
3.20757e-10
6.00824e-11
1.02476e-11
1.38617e-12
