VARIABLEs = X,u
ZONE I=101
datapacking=block
0
0.01
0.02
0.03
0.04
0.05
0.06
0.07
0.08
0.09
0.1
0.11
0.12
0.13
0.14
0.15
0.16
0.17
0.18
0.19
0.2
0.21
0.22
0.23
0.24
0.25
0.26
0.27
0.28
0.29
0.3
0.31
0.32
0.33
0.34
0.35
0.36
0.37
0.38
0.39
0.4
0.41
0.42
0.43
0.44
0.45
0.46
0.47
0.48
0.49
0.5
0.51
0.52
0.53
0.54
0.55
0.56
0.57
0.58
0.59
0.6
0.61
0.62
0.63
0.64
0.65
0.66
0.67
0.68
0.69
0.7
0.71
0.72
0.73
0.74
0.75
0.76
0.77
0.78
0.79
0.8
0.81
0.82
0.83
0.84
0.85
0.86
0.87
0.88
0.89
0.9
0.91
0.92
0.93
0.94
0.95
0.96
0.97
0.98
0.99
1
0
3.38813e-21
2.33781e-19
7.95195e-18
1.77752e-16
2.937e-15
3.82553e-14
4.09098e-13
3.6937e-12
2.87388e-11
1.95706e-10
1.18081e-09
6.37502e-09
3.10475e-08
1.37329e-07
5.54863e-07
2.05799e-06
7.03708e-06
2.22672e-05
6.54194e-05
0.000178978
0.000457195
0.00109312
0.00245169
0.00516883
0.0102635
0.01923
0.0340593
0.0571272
0.090905
0.137495
0.198062
0.272306
0.35815
0.451799
0.548201
0.64185
0.727694
0.801938
0.862505
0.909095
0.942873
0.965941
0.98077
0.989736
0.994831
0.997546
0.9989
0.999521
0.999756
0.999756
0.999521
0.9989
0.997546
0.994831
0.989736
0.98077
0.965941
0.942873
0.909095
0.862505
0.801938
0.727694
0.64185
0.548201
0.451799
0.35815
0.272306
0.198062
0.137495
0.090905
0.0571272
0.0340593
0.01923
0.0102635
0.00516883
0.00245169
0.00109312
0.000457195
0.000178978
6.54194e-05
2.22672e-05
7.03708e-06
2.05799e-06
5.54863e-07
1.37329e-07
3.10475e-08
6.37502e-09
1.18081e-09
1.95706e-10
2.87388e-11
3.6937e-12
4.09098e-13
3.82553e-14
2.937e-15
1.77752e-16
7.95195e-18
2.33781e-19
3.38813e-21
0
0
