VARIABLEs = X,u
ZONE I=101
datapacking=block
0
0.01
0.02
0.03
0.04
0.05
0.06
0.07
0.08
0.09
0.1
0.11
0.12
0.13
0.14
0.15
0.16
0.17
0.18
0.19
0.2
0.21
0.22
0.23
0.24
0.25
0.26
0.27
0.28
0.29
0.3
0.31
0.32
0.33
0.34
0.35
0.36
0.37
0.38
0.39
0.4
0.41
0.42
0.43
0.44
0.45
0.46
0.47
0.48
0.49
0.5
0.51
0.52
0.53
0.54
0.55
0.56
0.57
0.58
0.59
0.6
0.61
0.62
0.63
0.64
0.65
0.66
0.67
0.68
0.69
0.7
0.71
0.72
0.73
0.74
0.75
0.76
0.77
0.78
0.79
0.8
0.81
0.82
0.83
0.84
0.85
0.86
0.87
0.88
0.89
0.9
0.91
0.92
0.93
0.94
0.95
0.96
0.97
0.98
0.99
1
0
3.08149e-33
3.35882e-31
1.81407e-29
6.47245e-28
1.71612e-26
3.60652e-25
6.25725e-24
9.2179e-23
1.17694e-21
1.32299e-20
1.32554e-19
1.19562e-18
9.78875e-18
7.32457e-17
5.03846e-16
3.20228e-15
1.88869e-14
1.03768e-13
5.32892e-13
2.56558e-12
1.1611e-11
4.95159e-11
1.99412e-10
7.59894e-10
2.74493e-09
9.41467e-09
3.07065e-08
9.53706e-08
2.82435e-07
7.98474e-07
2.15738e-06
5.57655e-06
1.38039e-05
3.27519e-05
7.45487e-05
0.000162919
0.000342115
0.000690821
0.00134235
0.00251176
0.00452899
0.00787465
0.0132118
0.0214036
0.0335052
0.0507164
0.0742882
0.105383
0.144899
0.193286
0.250383
0.315317
0.386494
0.461701
0.538299
0.613506
0.684683
0.749617
0.806713
0.8551
0.894615
0.925706
0.94927
0.966462
0.978522
0.986625
0.991783
0.99478
0.996146
0.996146
0.99478
0.991783
0.986625
0.978522
0.966462
0.94927
0.925706
0.894615
0.8551
0.806713
0.749617
0.684683
0.613506
0.538299
0.461701
0.386494
0.315317
0.250383
0.193286
0.144899
0.105383
0.0742882
0.0507164
0.0335052
0.0214036
0.0132118
0.00787465
0.00452899
0.00251176
0.000882318
