VARIABLEs = X,u
ZONE I=101
datapacking=block
0
0.01
0.02
0.03
0.04
0.05
0.06
0.07
0.08
0.09
0.1
0.11
0.12
0.13
0.14
0.15
0.16
0.17
0.18
0.19
0.2
0.21
0.22
0.23
0.24
0.25
0.26
0.27
0.28
0.29
0.3
0.31
0.32
0.33
0.34
0.35
0.36
0.37
0.38
0.39
0.4
0.41
0.42
0.43
0.44
0.45
0.46
0.47
0.48
0.49
0.5
0.51
0.52
0.53
0.54
0.55
0.56
0.57
0.58
0.59
0.6
0.61
0.62
0.63
0.64
0.65
0.66
0.67
0.68
0.69
0.7
0.71
0.72
0.73
0.74
0.75
0.76
0.77
0.78
0.79
0.8
0.81
0.82
0.83
0.84
0.85
0.86
0.87
0.88
0.89
0.9
0.91
0.92
0.93
0.94
0.95
0.96
0.97
0.98
0.99
1
0
2.03485e-07
2.78096e-06
1.95345e-05
9.39949e-05
0.000348401
0.00106074
0.00276243
0.00632789
0.0130131
0.0244028
0.0422466
0.0682012
0.103528
0.148819
0.203816
0.267367
0.337539
0.411838
0.487513
0.56186
0.63249
0.697515
0.755642
0.806188
0.849012
0.884413
0.913006
0.935598
0.95308
0.966342
0.976215
0.983431
0.988603
0.992197
0.994497
0.995536
0.995017
0.992241
0.986075
0.975023
0.957395
0.931578
0.896337
0.851099
0.796135
0.732604
0.662444
0.588152
0.512481
0.438137
0.367508
0.302484
0.244357
0.193811
0.150988
0.115587
0.0869938
0.0644018
0.0469199
0.0336577
0.0237848
0.0165659
0.0113773
0.00770855
0.00515484
0.00340373
0.00222011
0.00143102
0.000911889
0.000574675
0.000358295
0.000221079
0.000135046
8.16931e-05
4.89535e-05
2.90672e-05
1.71066e-05
9.98113e-06
5.77513e-06
3.31448e-06
1.8873e-06
1.06644e-06
5.98127e-07
3.33045e-07
1.8414e-07
1.01115e-07
5.51547e-08
2.98899e-08
1.60959e-08
8.61441e-09
4.58272e-09
2.42367e-09
1.2745e-09
6.66473e-10
3.46625e-10
1.7932e-10
9.22878e-11
4.72561e-11
2.4078e-11
1.22091e-11
