VARIABLEs = X,u
ZONE I=101
datapacking=block
0
0.01
0.02
0.03
0.04
0.05
0.06
0.07
0.08
0.09
0.1
0.11
0.12
0.13
0.14
0.15
0.16
0.17
0.18
0.19
0.2
0.21
0.22
0.23
0.24
0.25
0.26
0.27
0.28
0.29
0.3
0.31
0.32
0.33
0.34
0.35
0.36
0.37
0.38
0.39
0.4
0.41
0.42
0.43
0.44
0.45
0.46
0.47
0.48
0.49
0.5
0.51
0.52
0.53
0.54
0.55
0.56
0.57
0.58
0.59
0.6
0.61
0.62
0.63
0.64
0.65
0.66
0.67
0.68
0.69
0.7
0.71
0.72
0.73
0.74
0.75
0.76
0.77
0.78
0.79
0.8
0.81
0.82
0.83
0.84
0.85
0.86
0.87
0.88
0.89
0.9
0.91
0.92
0.93
0.94
0.95
0.96
0.97
0.98
0.99
1
0
5.2151e-06
5.7366e-05
0.000326813
0.00128484
0.00391943
0.00989117
0.0215029
0.0414087
0.0720967
0.115287
0.171435
0.239493
0.317004
0.400476
0.485937
0.569498
0.647836
0.718495
0.779994
0.831782
0.874076
0.907643
0.933581
0.953128
0.967517
0.977877
0.985182
0.990233
0.99366
0.995945
0.997437
0.998351
0.998696
0.998123
0.995725
0.989899
0.978374
0.95852
0.927862
0.884689
0.828552
0.7605
0.682992
0.599521
0.514062
0.430502
0.352163
0.281505
0.220006
0.168218
0.125924
0.0923572
0.0664194
0.046872
0.032483
0.0221228
0.0148176
0.00976713
0.00633999
0.00405524
0.00255745
0.00159114
0.000977131
0.000592599
0.000355094
0.000210329
0.000123202
7.13962e-05
4.09492e-05
2.32535e-05
1.30785e-05
7.28786e-06
4.02487e-06
2.20366e-06
1.19648e-06
6.44396e-07
3.44351e-07
1.82624e-07
9.61447e-08
5.02579e-08
2.60909e-08
1.34545e-08
6.89331e-09
3.50955e-09
1.7759e-09
8.9331e-10
4.46762e-10
2.22183e-10
1.09893e-10
5.40659e-11
2.64622e-11
1.28866e-11
6.24484e-12
3.01179e-12
1.44578e-12
6.90885e-13
3.28687e-13
1.55697e-13
7.34417e-14
3.44997e-14
