VARIABLEs = X,u
ZONE I=101
datapacking=block
0
0.01
0.02
0.03
0.04
0.05
0.06
0.07
0.08
0.09
0.1
0.11
0.12
0.13
0.14
0.15
0.16
0.17
0.18
0.19
0.2
0.21
0.22
0.23
0.24
0.25
0.26
0.27
0.28
0.29
0.3
0.31
0.32
0.33
0.34
0.35
0.36
0.37
0.38
0.39
0.4
0.41
0.42
0.43
0.44
0.45
0.46
0.47
0.48
0.49
0.5
0.51
0.52
0.53
0.54
0.55
0.56
0.57
0.58
0.59
0.6
0.61
0.62
0.63
0.64
0.65
0.66
0.67
0.68
0.69
0.7
0.71
0.72
0.73
0.74
0.75
0.76
0.77
0.78
0.79
0.8
0.81
0.82
0.83
0.84
0.85
0.86
0.87
0.88
0.89
0.9
0.91
0.92
0.93
0.94
0.95
0.96
0.97
0.98
0.99
1
0
6.11937e-11
1.24427e-09
1.28779e-08
9.04353e-08
4.84685e-07
2.11425e-06
7.81774e-06
2.51998e-05
7.22762e-05
0.000187352
0.000444354
0.000973934
0.00198896
0.00381081
0.0068906
0.0118183
0.0193124
0.0301863
0.0452889
0.0654257
0.0912679
0.123263
0.16156
0.205963
0.255916
0.310531
0.368647
0.428915
0.489901
0.550186
0.608462
0.663604
0.714726
0.7612
0.802662
0.838989
0.870267
0.896741
0.918771
0.93677
0.951156
0.962292
0.970444
0.975727
0.978085
0.977265
0.972837
0.964224
0.950771
0.931823
0.906829
0.875433
0.837554
0.793441
0.743686
0.689206
0.63118
0.570972
0.510026
0.449767
0.391508
0.336377
0.285262
0.238792
0.197333
0.161006
0.129724
0.103232
0.081156
0.063042
0.0483998
0.0367337
0.0275674
0.0204617
0.0150248
0.0109169
0.00785087
0.00558939
0.0039404
0.00275133
0.00190313
0.00130439
0.00088605
0.000596629
0.000398322
0.000263714
0.000173173
0.000112813
7.292e-05
4.67753e-05
2.97813e-05
1.88234e-05
1.18127e-05
7.36143e-06
4.55622e-06
2.80116e-06
1.7109e-06
1.0383e-06
6.26169e-07
3.75307e-07
