VARIABLEs = X,u
ZONE I=101
datapacking=block
0
0.01
0.02
0.03
0.04
0.05
0.06
0.07
0.08
0.09
0.1
0.11
0.12
0.13
0.14
0.15
0.16
0.17
0.18
0.19
0.2
0.21
0.22
0.23
0.24
0.25
0.26
0.27
0.28
0.29
0.3
0.31
0.32
0.33
0.34
0.35
0.36
0.37
0.38
0.39
0.4
0.41
0.42
0.43
0.44
0.45
0.46
0.47
0.48
0.49
0.5
0.51
0.52
0.53
0.54
0.55
0.56
0.57
0.58
0.59
0.6
0.61
0.62
0.63
0.64
0.65
0.66
0.67
0.68
0.69
0.7
0.71
0.72
0.73
0.74
0.75
0.76
0.77
0.78
0.79
0.8
0.81
0.82
0.83
0.84
0.85
0.86
0.87
0.88
0.89
0.9
0.91
0.92
0.93
0.94
0.95
0.96
0.97
0.98
0.99
1
0
2.71972e-11
5.71142e-10
6.10124e-09
4.41975e-08
2.44203e-07
1.09756e-06
4.17912e-06
1.3864e-05
4.09011e-05
0.000108994
0.000265609
0.000597822
0.00125302
0.00246261
0.00456501
0.00802227
0.0134243
0.0214743
0.032953
0.0486607
0.0693425
0.0956052
0.127837
0.166141
0.210297
0.259751
0.313644
0.370864
0.430127
0.490072
0.54935
0.606716
0.661095
0.711628
0.757702
0.798949
0.835229
0.866599
0.893272
0.915568
0.933862
0.94853
0.959899
0.968197
0.973514
0.975772
0.974718
0.969937
0.960888
0.946964
0.927579
0.902249
0.870681
0.832845
0.789014
0.739785
0.686046
0.628931
0.569738
0.509841
0.450593
0.393247
0.338882
0.288357
0.242288
0.201044
0.164763
0.133385
0.106686
0.0843219
0.0658717
0.0508714
0.0388474
0.02934
0.0219213
0.0162062
0.0118577
0.00858861
0.00615951
0.00437486
0.00307802
0.00214565
0.00148223
0.00101492
0.000688951
0.000463738
0.000309574
0.000204996
0.000134676
8.77954e-05
5.68025e-05
3.64792e-05
2.32582e-05
1.47239e-05
9.2567e-06
5.7801e-06
3.58528e-06
2.20942e-06
1.35288e-06
8.23232e-07
