VARIABLEs = X,u
ZONE I=101
datapacking=block
0
0.01
0.02
0.03
0.04
0.05
0.06
0.07
0.08
0.09
0.1
0.11
0.12
0.13
0.14
0.15
0.16
0.17
0.18
0.19
0.2
0.21
0.22
0.23
0.24
0.25
0.26
0.27
0.28
0.29
0.3
0.31
0.32
0.33
0.34
0.35
0.36
0.37
0.38
0.39
0.4
0.41
0.42
0.43
0.44
0.45
0.46
0.47
0.48
0.49
0.5
0.51
0.52
0.53
0.54
0.55
0.56
0.57
0.58
0.59
0.6
0.61
0.62
0.63
0.64
0.65
0.66
0.67
0.68
0.69
0.7
0.71
0.72
0.73
0.74
0.75
0.76
0.77
0.78
0.79
0.8
0.81
0.82
0.83
0.84
0.85
0.86
0.87
0.88
0.89
0.9
0.91
0.92
0.93
0.94
0.95
0.96
0.97
0.98
0.99
1
0
1.1734e-05
0.000121251
0.000650583
0.00241502
0.00697316
0.0166972
0.0345246
0.063388
0.10548
0.161604
0.230822
0.310529
0.396877
0.48544
0.571894
0.652584
0.724869
0.787233
0.839203
0.881143
0.913996
0.939028
0.957611
0.971078
0.980617
0.98723
0.991724
0.99472
0.996681
0.997944
0.998732
0.999121
0.998898
0.99732
0.992872
0.983214
0.965425
0.936584
0.894504
0.838388
0.769173
0.689469
0.603121
0.514559
0.428106
0.347416
0.275131
0.212767
0.160797
0.118857
0.0860036
0.0609724
0.0423887
0.0289222
0.0193835
0.01277
0.00827616
0.00528029
0.00331871
0.00205608
0.00125641
0.000757698
0.000451195
0.000265436
0.000154345
8.87486e-05
5.04839e-05
2.84213e-05
1.58418e-05
8.74568e-06
4.78367e-06
2.59329e-06
1.39379e-06
7.42904e-07
3.92806e-07
2.06086e-07
1.07314e-07
5.54765e-08
2.84777e-08
1.45192e-08
7.35375e-09
3.7008e-09
1.85091e-09
9.2015e-10
4.54769e-10
2.23489e-10
1.09225e-10
5.30958e-11
2.56763e-11
1.23538e-11
5.91455e-12
2.8181e-12
1.33647e-12
6.30929e-13
2.96533e-13
1.38766e-13
6.46636e-14
3.00087e-14
1.38704e-14
6.38599e-15
