VARIABLEs = X,u
ZONE I=101
datapacking=block
0
0.01
0.02
0.03
0.04
0.05
0.06
0.07
0.08
0.09
0.1
0.11
0.12
0.13
0.14
0.15
0.16
0.17
0.18
0.19
0.2
0.21
0.22
0.23
0.24
0.25
0.26
0.27
0.28
0.29
0.3
0.31
0.32
0.33
0.34
0.35
0.36
0.37
0.38
0.39
0.4
0.41
0.42
0.43
0.44
0.45
0.46
0.47
0.48
0.49
0.5
0.51
0.52
0.53
0.54
0.55
0.56
0.57
0.58
0.59
0.6
0.61
0.62
0.63
0.64
0.65
0.66
0.67
0.68
0.69
0.7
0.71
0.72
0.73
0.74
0.75
0.76
0.77
0.78
0.79
0.8
0.81
0.82
0.83
0.84
0.85
0.86
0.87
0.88
0.89
0.9
0.91
0.92
0.93
0.94
0.95
0.96
0.97
0.98
0.99
1
0
5.37229e-12
1.19981e-10
1.36158e-09
1.04666e-08
6.13031e-08
2.91762e-07
1.17519e-06
4.11993e-06
1.28315e-05
3.60623e-05
9.25905e-05
0.000219351
0.000483435
0.00099806
0.00194154
0.00357691
0.00626844
0.0104905
0.0168235
0.0259342
0.0385373
0.0553414
0.0769831
0.103957
0.13655
0.174793
0.218429
0.266913
0.319438
0.374981
0.432376
0.490388
0.547796
0.603464
0.656403
0.705813
0.751104
0.791905
0.828047
0.85954
0.886535
0.909281
0.928078
0.943225
0.954978
0.963499
0.96883
0.970866
0.969358
0.963923
0.954088
0.939347
0.919227
0.893363
0.861571
0.823901
0.780671
0.732472
0.680145
0.624738
0.567437
0.509488
0.452123
0.396483
0.343563
0.294165
0.248881
0.208082
0.171934
0.14042
0.11337
0.0904981
0.071438
0.0557762
0.0430805
0.0329239
0.0249017
0.0186432
0.0138189
0.0101433
0.00737427
0.0053111
0.00379018
0.00268057
0.00187919
0.00130608
0.000900125
0.000615246
0.00041714
0.000280593
0.000187285
0.000124061
8.15709e-05
5.32444e-05
3.45076e-05
2.22086e-05
1.41956e-05
9.01307e-06
5.68507e-06
3.56286e-06
