VARIABLEs = X,u
ZONE I=101
datapacking=block
0
0.01
0.02
0.03
0.04
0.05
0.06
0.07
0.08
0.09
0.1
0.11
0.12
0.13
0.14
0.15
0.16
0.17
0.18
0.19
0.2
0.21
0.22
0.23
0.24
0.25
0.26
0.27
0.28
0.29
0.3
0.31
0.32
0.33
0.34
0.35
0.36
0.37
0.38
0.39
0.4
0.41
0.42
0.43
0.44
0.45
0.46
0.47
0.48
0.49
0.5
0.51
0.52
0.53
0.54
0.55
0.56
0.57
0.58
0.59
0.6
0.61
0.62
0.63
0.64
0.65
0.66
0.67
0.68
0.69
0.7
0.71
0.72
0.73
0.74
0.75
0.76
0.77
0.78
0.79
0.8
0.81
0.82
0.83
0.84
0.85
0.86
0.87
0.88
0.89
0.9
0.91
0.92
0.93
0.94
0.95
0.96
0.97
0.98
0.99
1
0
3.6351e-15
1.02995e-13
1.47747e-12
1.43059e-11
1.05174e-10
6.2615e-10
3.1442e-09
1.3696e-08
5.28258e-08
1.83258e-07
5.78903e-07
1.68191e-06
4.53136e-06
1.13992e-05
2.69338e-05
6.0074e-05
0.000127045
0.000255734
0.000491665
0.000905578
0.00160233
0.00273041
0.00449089
0.00714438
0.011014
0.0164832
0.0239857
0.033989
0.0469696
0.0633818
0.0836235
0.108001
0.136694
0.169736
0.206988
0.248144
0.292729
0.340125
0.3896
0.440344
0.49151
0.54226
0.5918
0.639415
0.684496
0.726553
0.765222
0.800257
0.831522
0.858966
0.882599
0.902461
0.918596
0.931024
0.939722
0.944612
0.945557
0.942371
0.934837
0.922732
0.905865
0.884106
0.857425
0.825917
0.789823
0.749535
0.705594
0.658672
0.609543
0.55905
0.508063
0.457441
0.40799
0.360432
0.31538
0.273321
0.234607
0.199457
0.167966
0.140115
0.11579
0.0948031
0.0769097
0.0618294
0.0492622
0.0389037
0.0304564
0.0236393
0.0181934
0.0138859
0.0105117
0.0078934
0.00588042
0.00434673
0.00318846
0.00232125
0.00167741
0.00120333
0.000857075
0.000606163
