VARIABLEs = X,u
ZONE I=101
datapacking=block
0
0.01
0.02
0.03
0.04
0.05
0.06
0.07
0.08
0.09
0.1
0.11
0.12
0.13
0.14
0.15
0.16
0.17
0.18
0.19
0.2
0.21
0.22
0.23
0.24
0.25
0.26
0.27
0.28
0.29
0.3
0.31
0.32
0.33
0.34
0.35
0.36
0.37
0.38
0.39
0.4
0.41
0.42
0.43
0.44
0.45
0.46
0.47
0.48
0.49
0.5
0.51
0.52
0.53
0.54
0.55
0.56
0.57
0.58
0.59
0.6
0.61
0.62
0.63
0.64
0.65
0.66
0.67
0.68
0.69
0.7
0.71
0.72
0.73
0.74
0.75
0.76
0.77
0.78
0.79
0.8
0.81
0.82
0.83
0.84
0.85
0.86
0.87
0.88
0.89
0.9
0.91
0.92
0.93
0.94
0.95
0.96
0.97
0.98
0.99
1
0
4.01945e-08
6.02918e-07
4.63577e-06
2.43519e-05
9.82876e-05
0.000325024
0.000917056
0.00227027
0.00503309
0.0101494
0.0188472
0.0325528
0.0527304
0.0806687
0.117255
0.162784
0.216849
0.278336
0.345516
0.416231
0.488125
0.558878
0.626415
0.689058
0.74561
0.795377
0.838125
0.874012
0.903491
0.927209
0.94592
0.960406
0.971418
0.979632
0.985612
0.989767
0.9923
0.993142
0.9919
0.987824
0.979829
0.966591
0.946722
0.918985
0.882528
0.837081
0.783068
0.721614
0.654454
0.583751
0.511864
0.441116
0.373581
0.31094
0.254388
0.204623
0.161875
0.125988
0.0965093
0.0727908
0.0540795
0.0395934
0.0285778
0.020344
0.0142897
0.0099076
0.00678329
0.00458783
0.00306642
0.00202613
0.00132394
0.000855815
0.000547445
0.000346646
0.000217343
0.000134973
8.30438e-05
5.06341e-05
3.06031e-05
1.83393e-05
1.08992e-05
6.4254e-06
3.75834e-06
2.18159e-06
1.25696e-06
7.18984e-07
4.0837e-07
2.30357e-07
1.29073e-07
7.18513e-08
3.97433e-08
2.1847e-08
1.19367e-08
6.48345e-09
3.50119e-09
1.88006e-09
1.00399e-09
5.33272e-10
2.81759e-10
1.48105e-10
