VARIABLEs = X,u
ZONE I=101
datapacking=block
0
0.01
0.02
0.03
0.04
0.05
0.06
0.07
0.08
0.09
0.1
0.11
0.12
0.13
0.14
0.15
0.16
0.17
0.18
0.19
0.2
0.21
0.22
0.23
0.24
0.25
0.26
0.27
0.28
0.29
0.3
0.31
0.32
0.33
0.34
0.35
0.36
0.37
0.38
0.39
0.4
0.41
0.42
0.43
0.44
0.45
0.46
0.47
0.48
0.49
0.5
0.51
0.52
0.53
0.54
0.55
0.56
0.57
0.58
0.59
0.6
0.61
0.62
0.63
0.64
0.65
0.66
0.67
0.68
0.69
0.7
0.71
0.72
0.73
0.74
0.75
0.76
0.77
0.78
0.79
0.8
0.81
0.82
0.83
0.84
0.85
0.86
0.87
0.88
0.89
0.9
0.91
0.92
0.93
0.94
0.95
0.96
0.97
0.98
0.99
1
0
1.09318e-18
3.82613e-17
6.76314e-16
8.04937e-15
7.25636e-14
5.28464e-13
3.23854e-12
1.71761e-11
8.04757e-11
3.38363e-10
1.29255e-09
4.53098e-09
1.46961e-08
4.44095e-08
1.25767e-07
3.3549e-07
8.4669e-07
2.02947e-06
4.63595e-06
1.01233e-05
2.11894e-05
4.26191e-05
8.25562e-05
0.000154327
0.00027893
0.000488262
0.000829097
0.0013677
0.00219484
0.0034308
0.00522981
0.00778325
0.0113208
0.016109
0.0224464
0.0306548
0.0410673
0.0540125
0.0697966
0.0886836
0.110876
0.136496
0.165573
0.198031
0.233686
0.272245
0.313319
0.356432
0.40104
0.446556
0.492369
0.537873
0.582483
0.625657
0.666909
0.70582
0.742037
0.775278
0.805318
0.831985
0.855143
0.874683
0.890507
0.902519
0.91062
0.914702
0.914656
0.910375
0.901769
0.888777
0.871385
0.849641
0.823668
0.793677
0.759966
0.722928
0.683034
0.64083
0.596915
0.551922
0.506496
0.46127
0.416842
0.373761
0.332504
0.293472
0.256977
0.223244
0.192409
0.16453
0.139589
0.117508
0.0981542
0.0813595
0.0669256
0.0546376
0.0442731
0.0356099
0.0284329
0.0225386
