VARIABLEs = X,u
ZONE I=101
datapacking=block
0
0.01
0.02
0.03
0.04
0.05
0.06
0.07
0.08
0.09
0.1
0.11
0.12
0.13
0.14
0.15
0.16
0.17
0.18
0.19
0.2
0.21
0.22
0.23
0.24
0.25
0.26
0.27
0.28
0.29
0.3
0.31
0.32
0.33
0.34
0.35
0.36
0.37
0.38
0.39
0.4
0.41
0.42
0.43
0.44
0.45
0.46
0.47
0.48
0.49
0.5
0.51
0.52
0.53
0.54
0.55
0.56
0.57
0.58
0.59
0.6
0.61
0.62
0.63
0.64
0.65
0.66
0.67
0.68
0.69
0.7
0.71
0.72
0.73
0.74
0.75
0.76
0.77
0.78
0.79
0.8
0.81
0.82
0.83
0.84
0.85
0.86
0.87
0.88
0.89
0.9
0.91
0.92
0.93
0.94
0.95
0.96
0.97
0.98
0.99
1
0
0.0390184
0.143068
0.299141
0.472557
0.631521
0.758692
0.850538
0.911768
0.950038
0.972716
0.985566
0.992576
0.996275
0.998173
0.999121
0.999585
0.999807
0.999912
0.99996
0.999982
0.999992
0.999997
0.999999
0.999999
1
1
1
1
1
1
0.960982
0.856932
0.700859
0.527443
0.368479
0.241308
0.149462
0.0882316
0.0499625
0.0272845
0.0144336
0.00742406
0.00372457
0.00182739
0.000878807
0.000415053
0.000192837
8.82653e-05
3.98524e-05
1.77693e-05
7.8319e-06
3.41528e-06
1.47465e-06
6.30893e-07
2.6761e-07
1.12609e-07
4.7032e-08
1.95057e-08
8.03645e-09
3.29054e-09
1.33944e-09
5.42222e-10
2.18351e-10
8.74934e-11
3.4894e-11
1.38542e-11
5.47726e-12
2.15667e-12
8.45909e-13
3.30567e-13
1.28725e-13
4.99575e-14
1.93257e-14
7.45285e-15
2.86563e-15
1.0987e-15
4.20093e-16
1.60202e-16
6.0938e-17
2.31232e-17
8.75356e-18
3.30625e-18
1.24605e-18
4.68614e-19
1.75877e-19
6.58785e-20
2.46291e-20
9.19073e-21
3.42353e-21
1.27305e-21
4.72591e-22
1.75153e-22
6.4813e-23
2.39464e-23
8.83427e-24
3.25441e-24
1.19719e-24
4.39803e-25
1.61353e-25
5.91195e-26
