VARIABLEs = X,u
ZONE I=101
datapacking=block
0
0.01
0.02
0.03
0.04
0.05
0.06
0.07
0.08
0.09
0.1
0.11
0.12
0.13
0.14
0.15
0.16
0.17
0.18
0.19
0.2
0.21
0.22
0.23
0.24
0.25
0.26
0.27
0.28
0.29
0.3
0.31
0.32
0.33
0.34
0.35
0.36
0.37
0.38
0.39
0.4
0.41
0.42
0.43
0.44
0.45
0.46
0.47
0.48
0.49
0.5
0.51
0.52
0.53
0.54
0.55
0.56
0.57
0.58
0.59
0.6
0.61
0.62
0.63
0.64
0.65
0.66
0.67
0.68
0.69
0.7
0.71
0.72
0.73
0.74
0.75
0.76
0.77
0.78
0.79
0.8
0.81
0.82
0.83
0.84
0.85
0.86
0.87
0.88
0.89
0.9
0.91
0.92
0.93
0.94
0.95
0.96
0.97
0.98
0.99
1
0
4.85858e-19
1.73289e-17
3.12083e-16
3.78363e-15
3.47382e-14
2.57611e-13
1.60723e-12
8.67667e-12
4.13728e-11
1.77001e-10
6.87869e-10
2.45268e-09
8.09028e-09
2.48585e-08
7.15701e-08
1.94058e-07
4.97727e-07
1.21224e-06
2.81328e-06
6.24007e-06
1.3265e-05
2.70918e-05
5.3279e-05
0.000101099
0.000185448
0.000329404
0.000567485
0.000949591
0.00154549
0.00244962
0.00378572
0.00571085
0.00841807
0.0121371
0.0171322
0.0236973
0.0321467
0.0428037
0.0559846
0.0719821
0.0910457
0.113364
0.139048
0.168116
0.200488
0.235977
0.274295
0.315057
0.357801
0.401997
0.447073
0.492437
0.537498
0.581686
0.624473
0.665381
0.703996
0.739967
0.773009
0.802892
0.829435
0.852495
0.871951
0.887699
0.899636
0.907658
0.91166
0.911533
0.907179
0.898517
0.885495
0.868113
0.846428
0.820574
0.790764
0.757303
0.720576
0.681053
0.639267
0.595804
0.551283
0.50633
0.461563
0.417566
0.374872
0.333951
0.295193
0.258909
0.225322
0.194572
0.166718
0.141752
0.119601
0.100144
0.0832181
0.0686351
0.0561872
0.0456586
0.0368329
0.0294992
