VARIABLEs = X,u
ZONE I=101
datapacking=block
0
0.01
0.02
0.03
0.04
0.05
0.06
0.07
0.08
0.09
0.1
0.11
0.12
0.13
0.14
0.15
0.16
0.17
0.18
0.19
0.2
0.21
0.22
0.23
0.24
0.25
0.26
0.27
0.28
0.29
0.3
0.31
0.32
0.33
0.34
0.35
0.36
0.37
0.38
0.39
0.4
0.41
0.42
0.43
0.44
0.45
0.46
0.47
0.48
0.49
0.5
0.51
0.52
0.53
0.54
0.55
0.56
0.57
0.58
0.59
0.6
0.61
0.62
0.63
0.64
0.65
0.66
0.67
0.68
0.69
0.7
0.71
0.72
0.73
0.74
0.75
0.76
0.77
0.78
0.79
0.8
0.81
0.82
0.83
0.84
0.85
0.86
0.87
0.88
0.89
0.9
0.91
0.92
0.93
0.94
0.95
0.96
0.97
0.98
0.99
1
0
3.19131e-16
9.68031e-15
1.48538e-13
1.53711e-12
1.20671e-11
7.66513e-11
4.10336e-10
1.90397e-09
7.81629e-09
2.88378e-08
9.68076e-08
2.98657e-07
8.53743e-07
2.27704e-06
5.69973e-06
1.34578e-05
3.01054e-05
6.40534e-05
0.000130063
0.000252819
0.000471733
0.000847014
0.0014668
0.00245486
0.00397811
0.00625285
0.00954829
0.0141863
0.020536
0.0290023
0.0400084
0.0539732
0.0712836
0.0922661
0.117157
0.146078
0.179015
0.215811
0.256156
0.299605
0.345589
0.393442
0.442433
0.491804
0.540799
0.5887
0.634857
0.678704
0.719776
0.757714
0.792256
0.823234
0.850551
0.874162
0.894048
0.910199
0.922587
0.931156
0.935812
0.936425
0.932832
0.924864
0.912357
0.895186
0.873293
0.846709
0.815578
0.780166
0.740872
0.698215
0.652823
0.60541
0.556741
0.507605
0.458779
0.410993
0.364908
0.321089
0.279995
0.241966
0.207226
0.175887
0.147961
0.123369
0.101964
0.0835418
0.0678605
0.0546547
0.0436497
0.034572
0.0271584
0.0211626
0.0163595
0.0125475
0.00954954
0.00721263
0.00540683
0.00402327
0.00297204
0.00217981
