VARIABLEs = X,u
ZONE I=101
datapacking=block
0
0.01
0.02
0.03
0.04
0.05
0.06
0.07
0.08
0.09
0.1
0.11
0.12
0.13
0.14
0.15
0.16
0.17
0.18
0.19
0.2
0.21
0.22
0.23
0.24
0.25
0.26
0.27
0.28
0.29
0.3
0.31
0.32
0.33
0.34
0.35
0.36
0.37
0.38
0.39
0.4
0.41
0.42
0.43
0.44
0.45
0.46
0.47
0.48
0.49
0.5
0.51
0.52
0.53
0.54
0.55
0.56
0.57
0.58
0.59
0.6
0.61
0.62
0.63
0.64
0.65
0.66
0.67
0.68
0.69
0.7
0.71
0.72
0.73
0.74
0.75
0.76
0.77
0.78
0.79
0.8
0.81
0.82
0.83
0.84
0.85
0.86
0.87
0.88
0.89
0.9
0.91
0.92
0.93
0.94
0.95
0.96
0.97
0.98
0.99
1
0
9.59719e-20
3.55096e-18
6.63166e-17
8.33452e-16
7.92945e-15
6.09129e-14
3.93531e-13
2.19917e-12
1.08512e-11
4.80229e-11
1.92993e-10
7.11369e-10
2.42489e-09
7.69727e-09
2.28867e-08
6.40671e-08
1.69592e-07
4.26161e-07
1.02007e-06
2.33293e-06
5.11181e-06
1.07578e-05
2.17931e-05
4.25843e-05
8.04127e-05
0.000146991
0.000260515
0.00044832
0.00075015
0.00122198
0.0019402
0.00300595
0.00454907
0.00673126
0.00974781
0.0138273
0.0192289
0.0262364
0.0351495
0.0462717
0.0598964
0.0762904
0.095677
0.118219
0.144007
0.173041
0.205232
0.24039
0.278233
0.318393
0.360425
0.403829
0.448061
0.492563
0.536772
0.580148
0.622184
0.662421
0.700453
0.735932
0.768568
0.798123
0.824402
0.847245
0.866516
0.882096
0.893871
0.901733
0.905576
0.905299
0.900816
0.892061
0.879005
0.861665
0.84012
0.814517
0.785081
0.752117
0.716007
0.677207
0.636233
0.593644
0.550031
0.50599
0.462107
0.418939
0.376995
0.336723
0.298502
0.262634
0.22934
0.198763
0.170972
0.14597
0.123698
0.104051
0.0868817
0.0720178
0.059266
0.0484232
