VARIABLEs = X,u
ZONE I=101
datapacking=block
0
0.01
0.02
0.03
0.04
0.05
0.06
0.07
0.08
0.09
0.1
0.11
0.12
0.13
0.14
0.15
0.16
0.17
0.18
0.19
0.2
0.21
0.22
0.23
0.24
0.25
0.26
0.27
0.28
0.29
0.3
0.31
0.32
0.33
0.34
0.35
0.36
0.37
0.38
0.39
0.4
0.41
0.42
0.43
0.44
0.45
0.46
0.47
0.48
0.49
0.5
0.51
0.52
0.53
0.54
0.55
0.56
0.57
0.58
0.59
0.6
0.61
0.62
0.63
0.64
0.65
0.66
0.67
0.68
0.69
0.7
0.71
0.72
0.73
0.74
0.75
0.76
0.77
0.78
0.79
0.8
0.81
0.82
0.83
0.84
0.85
0.86
0.87
0.88
0.89
0.9
0.91
0.92
0.93
0.94
0.95
0.96
0.97
0.98
0.99
1
0
1.89574e-20
7.26701e-19
1.40559e-17
1.82892e-16
1.8009e-15
1.43135e-14
9.56456e-14
5.52655e-13
2.81866e-12
1.28898e-11
5.351e-11
2.03682e-10
7.16768e-10
2.34812e-09
7.20333e-09
2.07979e-08
5.6767e-08
1.47042e-07
3.627e-07
8.5455e-07
1.92842e-06
4.17844e-06
8.71258e-06
1.7518e-05
3.40281e-05
6.39666e-05
0.000116551
0.000206138
0.000354385
0.000592943
0.000966683
0.00153734
0.00238738
0.0036238
0.00538147
0.00782545
0.011152
0.0155874
0.0213845
0.0288167
0.0381689
0.0497261
0.0637598
0.0805132
0.100186
0.122919
0.148781
0.177762
0.209761
0.24459
0.281973
0.321554
0.362908
0.405559
0.448992
0.492675
0.536075
0.578676
0.619991
0.659576
0.697035
0.732023
0.764246
0.793458
0.819453
0.842057
0.861122
0.876517
0.888119
0.895817
0.899505
0.89909
0.894497
0.885675
0.872612
0.855343
0.833962
0.808628
0.779574
0.747107
0.711602
0.673504
0.633311
0.591559
0.548812
0.505639
0.462598
0.420221
0.378993
0.339346
0.301644
0.266183
0.233181
0.202785
0.175071
0.15005
0.127678
0.107863
0.0904734
0.0753506
