VARIABLEs = X,u
ZONE I=101
datapacking=block
0
0.01
0.02
0.03
0.04
0.05
0.06
0.07
0.08
0.09
0.1
0.11
0.12
0.13
0.14
0.15
0.16
0.17
0.18
0.19
0.2
0.21
0.22
0.23
0.24
0.25
0.26
0.27
0.28
0.29
0.3
0.31
0.32
0.33
0.34
0.35
0.36
0.37
0.38
0.39
0.4
0.41
0.42
0.43
0.44
0.45
0.46
0.47
0.48
0.49
0.5
0.51
0.52
0.53
0.54
0.55
0.56
0.57
0.58
0.59
0.6
0.61
0.62
0.63
0.64
0.65
0.66
0.67
0.68
0.69
0.7
0.71
0.72
0.73
0.74
0.75
0.76
0.77
0.78
0.79
0.8
0.81
0.82
0.83
0.84
0.85
0.86
0.87
0.88
0.89
0.9
0.91
0.92
0.93
0.94
0.95
0.96
0.97
0.98
0.99
1
0
2.45965e-18
8.44481e-17
1.46459e-15
1.71062e-14
1.51363e-13
1.08221e-12
6.51216e-12
3.39205e-11
1.56116e-10
6.44897e-10
2.4208e-09
8.34049e-09
2.65928e-08
7.90099e-08
2.20037e-07
5.77305e-07
1.43326e-06
3.38014e-06
7.59837e-06
1.63308e-05
3.36503e-05
6.66396e-05
0.00012712
0.000234057
0.00041674
0.000718776
0.00120281
0.00195575
0.00309412
0.00476897
0.00716958
0.0105253
0.0151044
0.0212099
0.029171
0.0393309
0.0520308
0.0675909
0.0862905
0.108346
0.133894
0.162973
0.195514
0.231334
0.270139
0.311531
0.355022
0.400054
0.446022
0.492298
0.538257
0.583299
0.626869
0.668471
0.707681
0.744145
0.777582
0.807775
0.834558
0.857808
0.877425
0.893319
0.905402
0.913578
0.917742
0.91778
0.913578
0.905036
0.892081
0.874688
0.852893
0.826808
0.796639
0.76268
0.725326
0.685056
0.642426
0.598048
0.552572
0.50666
0.460962
0.416093
0.372614
0.331016
0.291704
0.254996
0.221117
0.190201
0.1623
0.13739
0.115383
0.0961405
0.0794831
0.0652044
0.0530819
0.0428861
0.0343894
0.0273721
0.0216274
0.0169649
