VARIABLEs = X,u
ZONE I=101
datapacking=block
0
0.01
0.02
0.03
0.04
0.05
0.06
0.07
0.08
0.09
0.1
0.11
0.12
0.13
0.14
0.15
0.16
0.17
0.18
0.19
0.2
0.21
0.22
0.23
0.24
0.25
0.26
0.27
0.28
0.29
0.3
0.31
0.32
0.33
0.34
0.35
0.36
0.37
0.38
0.39
0.4
0.41
0.42
0.43
0.44
0.45
0.46
0.47
0.48
0.49
0.5
0.51
0.52
0.53
0.54
0.55
0.56
0.57
0.58
0.59
0.6
0.61
0.62
0.63
0.64
0.65
0.66
0.67
0.68
0.69
0.7
0.71
0.72
0.73
0.74
0.75
0.76
0.77
0.78
0.79
0.8
0.81
0.82
0.83
0.84
0.85
0.86
0.87
0.88
0.89
0.9
0.91
0.92
0.93
0.94
0.95
0.96
0.97
0.98
0.99
1
0
5.53422e-18
1.86319e-16
3.16926e-15
3.63131e-14
3.15274e-13
2.21221e-12
1.30669e-11
6.68233e-11
3.02008e-10
1.22532e-09
4.51849e-09
1.52961e-08
4.79284e-08
1.39968e-07
3.83216e-07
9.88633e-07
2.41388e-06
5.59974e-06
1.23844e-05
2.61919e-05
5.31164e-05
0.000103546
0.000194473
0.000352607
0.00061836
0.00105065
0.00173234
0.00277592
0.00432885
0.00657794
0.00975164
0.0141198
0.0199894
0.027697
0.037596
0.0500405
0.0653656
0.0838662
0.105775
0.131241
0.160315
0.192935
0.22892
0.267974
0.30969
0.35357
0.399038
0.445471
0.492224
0.538652
0.584137
0.628112
0.670071
0.709582
0.746292
0.779923
0.810262
0.837156
0.86049
0.880175
0.896132
0.908282
0.916532
0.920778
0.920903
0.916786
0.908316
0.895408
0.878024
0.856185
0.829996
0.799652
0.765447
0.727775
0.687123
0.644058
0.599205
0.553234
0.506822
0.460639
0.415317
0.371431
0.329483
0.289887
0.252964
0.218939
0.187944
0.160026
0.135152
0.113227
0.0941024
0.077589
0.0634719
0.0515205
0.0414984
0.0331721
0.0263175
0.0207246
0.0162008
0.0125731
