VARIABLEs = X,u
ZONE I=101
datapacking=block
0
0.01
0.02
0.03
0.04
0.05
0.06
0.07
0.08
0.09
0.1
0.11
0.12
0.13
0.14
0.15
0.16
0.17
0.18
0.19
0.2
0.21
0.22
0.23
0.24
0.25
0.26
0.27
0.28
0.29
0.3
0.31
0.32
0.33
0.34
0.35
0.36
0.37
0.38
0.39
0.4
0.41
0.42
0.43
0.44
0.45
0.46
0.47
0.48
0.49
0.5
0.51
0.52
0.53
0.54
0.55
0.56
0.57
0.58
0.59
0.6
0.61
0.62
0.63
0.64
0.65
0.66
0.67
0.68
0.69
0.7
0.71
0.72
0.73
0.74
0.75
0.76
0.77
0.78
0.79
0.8
0.81
0.82
0.83
0.84
0.85
0.86
0.87
0.88
0.89
0.9
0.91
0.92
0.93
0.94
0.95
0.96
0.97
0.98
0.99
1
0
0.000300729
0.00230559
0.00932259
0.0264753
0.0593512
0.111953
0.18501
0.275463
0.377222
0.482749
0.58476
0.677496
0.757353
0.822876
0.874358
0.913256
0.941619
0.96164
0.975358
0.984504
0.990448
0.994223
0.996567
0.997994
0.998847
0.999347
0.999635
0.999799
0.999891
0.999941
0.999668
0.997678
0.990669
0.97352
0.940647
0.888046
0.814989
0.724537
0.622778
0.51725
0.41524
0.322504
0.242647
0.177124
0.125642
0.0867438
0.0583807
0.0383597
0.0246416
0.0154962
0.00955173
0.00577744
0.00343281
0.00200564
0.0011533
0.000653264
0.000364781
0.000200951
0.000109284
5.87096e-05
3.11745e-05
1.63706e-05
8.50611e-06
4.37524e-06
2.22881e-06
1.12493e-06
5.62767e-07
2.79154e-07
1.37348e-07
6.70505e-08
3.24877e-08
1.56278e-08
7.46548e-09
3.5425e-09
1.67017e-09
7.82546e-10
3.64463e-10
1.68764e-10
7.771e-11
3.55897e-11
1.62144e-11
7.34982e-12
3.31532e-12
1.48837e-12
6.65122e-13
2.95906e-13
1.31077e-13
5.78196e-14
2.54012e-14
1.11151e-14
4.84507e-15
2.10409e-15
9.1043e-16
3.92548e-16
1.68672e-16
7.22335e-17
3.08329e-17
1.31193e-17
5.56489e-18
2.35338e-18
