VARIABLEs = X,u
ZONE I=101
datapacking=block
0
0.01
0.02
0.03
0.04
0.05
0.06
0.07
0.08
0.09
0.1
0.11
0.12
0.13
0.14
0.15
0.16
0.17
0.18
0.19
0.2
0.21
0.22
0.23
0.24
0.25
0.26
0.27
0.28
0.29
0.3
0.31
0.32
0.33
0.34
0.35
0.36
0.37
0.38
0.39
0.4
0.41
0.42
0.43
0.44
0.45
0.46
0.47
0.48
0.49
0.5
0.51
0.52
0.53
0.54
0.55
0.56
0.57
0.58
0.59
0.6
0.61
0.62
0.63
0.64
0.65
0.66
0.67
0.68
0.69
0.7
0.71
0.72
0.73
0.74
0.75
0.76
0.77
0.78
0.79
0.8
0.81
0.82
0.83
0.84
0.85
0.86
0.87
0.88
0.89
0.9
0.91
0.92
0.93
0.94
0.95
0.96
0.97
0.98
0.99
1
0
2.09618e-13
5.24046e-12
6.6449e-11
5.69719e-10
3.71516e-09
1.96521e-08
8.78266e-08
3.41046e-07
1.17456e-06
3.64423e-06
1.03123e-05
2.68816e-05
6.50829e-05
0.000147363
0.000313881
0.000632117
0.00120892
0.00220419
0.00384453
0.00643455
0.0103628
0.0160992
0.0241823
0.0351941
0.0497236
0.0683213
0.0914492
0.119431
0.15241
0.190316
0.232856
0.279512
0.329571
0.382157
0.43629
0.490939
0.545082
0.597761
0.648129
0.695482
0.739279
0.779149
0.814882
0.846411
0.873785
0.897131
0.916618
0.932413
0.944648
0.953385
0.958594
0.960143
0.957805
0.951273
0.9402
0.924242
0.90311
0.876622
0.844751
0.807657
0.76571
0.71948
0.669727
0.617357
0.563376
0.508834
0.454764
0.402135
0.351801
0.304469
0.26068
0.220804
0.18504
0.153433
0.125896
0.102233
0.0821711
0.0653814
0.0515063
0.0401797
0.0310428
0.0237572
0.0180127
0.0135327
0.0100759
0.00743619
0.00544068
0.00394696
0.00283955
0.00202619
0.00143425
0.00100727
0.000701965
0.000485502
0.000333301
0.000227151
0.000153703
0.000103277
6.89172e-05
4.5679e-05
