VARIABLEs = X,u
ZONE I=101
datapacking=block
0
0.01
0.02
0.03
0.04
0.05
0.06
0.07
0.08
0.09
0.1
0.11
0.12
0.13
0.14
0.15
0.16
0.17
0.18
0.19
0.2
0.21
0.22
0.23
0.24
0.25
0.26
0.27
0.28
0.29
0.3
0.31
0.32
0.33
0.34
0.35
0.36
0.37
0.38
0.39
0.4
0.41
0.42
0.43
0.44
0.45
0.46
0.47
0.48
0.49
0.5
0.51
0.52
0.53
0.54
0.55
0.56
0.57
0.58
0.59
0.6
0.61
0.62
0.63
0.64
0.65
0.66
0.67
0.68
0.69
0.7
0.71
0.72
0.73
0.74
0.75
0.76
0.77
0.78
0.79
0.8
0.81
0.82
0.83
0.84
0.85
0.86
0.87
0.88
0.89
0.9
0.91
0.92
0.93
0.94
0.95
0.96
0.97
0.98
0.99
1
0
1.06119e-12
2.51149e-11
3.01733e-10
2.4532e-09
1.51827e-08
7.62845e-08
3.24086e-07
1.19729e-06
3.92606e-06
1.1607e-05
3.13215e-05
7.79195e-05
0.000180176
0.000389933
0.000794464
0.00153161
0.00280626
0.00490568
0.00821032
0.0131963
0.0204259
0.0305244
0.0441422
0.0619044
0.0843539
0.111892
0.144726
0.182829
0.225923
0.273474
0.324723
0.378728
0.434421
0.490676
0.546379
0.600491
0.652098
0.700449
0.744982
0.785322
0.821279
0.852822
0.880048
0.90314
0.922331
0.937851
0.949888
0.958551
0.963842
0.965638
0.963699
0.957681
0.947176
0.931762
0.911067
0.884827
0.852943
0.815528
0.772929
0.72573
0.674729
0.620898
0.565326
0.509154
0.453507
0.399433
0.347852
0.299517
0.254993
0.214653
0.178681
0.147094
0.119769
0.0964675
0.0768731
0.0606168
0.0473054
0.0365429
0.0279478
0.0211653
0.0158749
0.0117947
0.00868225
0.00633323
0.00457872
0.00328144
0.00233164
0.0016429
0.00114812
0.000795898
0.000547388
0.000373566
0.000253012
0.000170092
0.000113516
7.52179e-05
4.94927e-05
3.23426e-05
2.09933e-05
1.35367e-05
