VARIABLEs = X,u
ZONE I=101
datapacking=block
0
0.01
0.02
0.03
0.04
0.05
0.06
0.07
0.08
0.09
0.1
0.11
0.12
0.13
0.14
0.15
0.16
0.17
0.18
0.19
0.2
0.21
0.22
0.23
0.24
0.25
0.26
0.27
0.28
0.29
0.3
0.31
0.32
0.33
0.34
0.35
0.36
0.37
0.38
0.39
0.4
0.41
0.42
0.43
0.44
0.45
0.46
0.47
0.48
0.49
0.5
0.51
0.52
0.53
0.54
0.55
0.56
0.57
0.58
0.59
0.6
0.61
0.62
0.63
0.64
0.65
0.66
0.67
0.68
0.69
0.7
0.71
0.72
0.73
0.74
0.75
0.76
0.77
0.78
0.79
0.8
0.81
0.82
0.83
0.84
0.85
0.86
0.87
0.88
0.89
0.9
0.91
0.92
0.93
0.94
0.95
0.96
0.97
0.98
0.99
1
0
1.6643e-21
6.71267e-20
1.36547e-18
1.86766e-17
1.93231e-16
1.61294e-15
1.13143e-14
6.85984e-14
3.66953e-13
1.75928e-12
7.65344e-12
3.05157e-11
1.12439e-10
3.85515e-10
1.23725e-09
3.73569e-09
1.06584e-08
2.88476e-08
7.43205e-08
1.82817e-07
4.30552e-07
9.73208e-07
2.11607e-06
4.43493e-06
8.97603e-06
1.75739e-05
3.33365e-05
6.1359e-05
0.000109731
0.000190908
0.000323496
0.000534496
0.000861986
0.00135818
0.00209275
0.00315612
0.00466256
0.00675259
0.00959428
0.0133832
0.0183404
0.0247081
0.0327436
0.0427102
0.0548663
0.0694536
0.0866836
0.106724
0.129687
0.155618
0.184488
0.216188
0.250529
0.287245
0.325998
0.366392
0.40798
0.450287
0.492816
0.535072
0.576572
0.616855
0.655497
0.692116
0.726369
0.757961
0.786637
0.812176
0.83439
0.853115
0.868205
0.879533
0.88698
0.890446
0.889847
0.885122
0.87624
0.863211
0.84609
0.824991
0.800087
0.771618
0.73989
0.705272
0.668188
0.629113
0.588552
0.547034
0.505089
0.463241
0.421984
0.381775
0.343021
0.30607
0.271203
0.238638
0.208524
0.180944
0.155924
0.133437
