VARIABLEs = X,u
ZONE I=101
datapacking=block
0
0.01
0.02
0.03
0.04
0.05
0.06
0.07
0.08
0.09
0.1
0.11
0.12
0.13
0.14
0.15
0.16
0.17
0.18
0.19
0.2
0.21
0.22
0.23
0.24
0.25
0.26
0.27
0.28
0.29
0.3
0.31
0.32
0.33
0.34
0.35
0.36
0.37
0.38
0.39
0.4
0.41
0.42
0.43
0.44
0.45
0.46
0.47
0.48
0.49
0.5
0.51
0.52
0.53
0.54
0.55
0.56
0.57
0.58
0.59
0.6
0.61
0.62
0.63
0.64
0.65
0.66
0.67
0.68
0.69
0.7
0.71
0.72
0.73
0.74
0.75
0.76
0.77
0.78
0.79
0.8
0.81
0.82
0.83
0.84
0.85
0.86
0.87
0.88
0.89
0.9
0.91
0.92
0.93
0.94
0.95
0.96
0.97
0.98
0.99
1
0
1.6156e-15
4.68524e-14
6.87708e-13
6.81144e-12
5.12085e-11
3.11671e-10
1.59951e-09
7.11884e-09
2.80463e-08
9.93546e-08
3.2041e-07
9.50085e-07
2.61172e-06
6.70192e-06
1.61483e-05
3.67205e-05
7.91505e-05
0.000162347
0.000317954
0.00059641
0.00107443
0.00186353
0.00311893
0.0050475
0.00791359
0.0120407
0.0178082
0.0256405
0.0359904
0.0493143
0.0660433
0.0865497
0.111115
0.139898
0.172914
0.210018
0.250901
0.295099
0.34201
0.390927
0.441066
0.491612
0.541756
0.590732
0.637847
0.682507
0.724231
0.762657
0.797533
0.828712
0.856126
0.879765
0.89965
0.915803
0.928229
0.936891
0.941705
0.942536
0.939206
0.931515
0.91926
0.902274
0.880454
0.853791
0.822398
0.786527
0.746571
0.703065
0.656665
0.608125
0.55826
0.507911
0.457907
0.409029
0.361976
0.317346
0.275614
0.23713
0.202114
0.170669
0.142784
0.118361
0.0972245
0.0791448
0.0638548
0.0510665
0.0404856
0.0318227
0.0248027
0.0191708
0.0146965
0.0111758
0.00843109
0.00631085
0.00468754
0.00345549
0.00252833
0.00183643
0.00132428
0.000948213
