VARIABLEs = X,u
ZONE I=101
datapacking=block
0
0.01
0.02
0.03
0.04
0.05
0.06
0.07
0.08
0.09
0.1
0.11
0.12
0.13
0.14
0.15
0.16
0.17
0.18
0.19
0.2
0.21
0.22
0.23
0.24
0.25
0.26
0.27
0.28
0.29
0.3
0.31
0.32
0.33
0.34
0.35
0.36
0.37
0.38
0.39
0.4
0.41
0.42
0.43
0.44
0.45
0.46
0.47
0.48
0.49
0.5
0.51
0.52
0.53
0.54
0.55
0.56
0.57
0.58
0.59
0.6
0.61
0.62
0.63
0.64
0.65
0.66
0.67
0.68
0.69
0.7
0.71
0.72
0.73
0.74
0.75
0.76
0.77
0.78
0.79
0.8
0.81
0.82
0.83
0.84
0.85
0.86
0.87
0.88
0.89
0.9
0.91
0.92
0.93
0.94
0.95
0.96
0.97
0.98
0.99
1
0
1.03014e-06
1.27051e-05
8.08089e-05
0.000353224
0.00119317
0.00332104
0.00793142
0.0167131
0.0317151
0.0550516
0.0885006
0.133099
0.188847
0.254602
0.328184
0.406672
0.486795
0.565347
0.639534
0.707215
0.766999
0.818242
0.860945
0.895603
0.92304
0.944258
0.960308
0.972196
0.98083
0.986982
0.991288
0.99424
0.996179
0.997244
0.997283
0.995724
0.991477
0.982925
0.968066
0.944817
0.911422
0.866855
0.811126
0.745383
0.671807
0.593323
0.513203
0.434652
0.360465
0.292785
0.233001
0.181758
0.139055
0.104397
0.07696
0.055742
0.0396924
0.0278038
0.0191705
0.0130179
0.00871119
0.0057474
0.00374066
0.00240284
0.00152407
0.000954969
0.000591374
0.000362079
0.000219273
0.000131393
7.79318e-05
4.57684e-05
2.66235e-05
1.53444e-05
8.76489e-06
4.9634e-06
2.78718e-06
1.55245e-06
8.57913e-07
4.70484e-07
2.56107e-07
1.3841e-07
7.42797e-08
3.95931e-08
2.09651e-08
1.10302e-08
5.76701e-09
2.99693e-09
1.54821e-09
7.95205e-10
4.06151e-10
2.06309e-10
1.0424e-10
5.23948e-11
2.62023e-11
1.30389e-11
6.45723e-12
3.18275e-12
1.56156e-12
7.62718e-13
