VARIABLEs = X,u
ZONE I=101
datapacking=block
0
0.01
0.02
0.03
0.04
0.05
0.06
0.07
0.08
0.09
0.1
0.11
0.12
0.13
0.14
0.15
0.16
0.17
0.18
0.19
0.2
0.21
0.22
0.23
0.24
0.25
0.26
0.27
0.28
0.29
0.3
0.31
0.32
0.33
0.34
0.35
0.36
0.37
0.38
0.39
0.4
0.41
0.42
0.43
0.44
0.45
0.46
0.47
0.48
0.49
0.5
0.51
0.52
0.53
0.54
0.55
0.56
0.57
0.58
0.59
0.6
0.61
0.62
0.63
0.64
0.65
0.66
0.67
0.68
0.69
0.7
0.71
0.72
0.73
0.74
0.75
0.76
0.77
0.78
0.79
0.8
0.81
0.82
0.83
0.84
0.85
0.86
0.87
0.88
0.89
0.9
0.91
0.92
0.93
0.94
0.95
0.96
0.97
0.98
0.99
1
0
6.30383e-17
1.99621e-15
3.19604e-14
3.4492e-13
2.82251e-12
1.86791e-11
1.04129e-10
5.02893e-10
2.14779e-09
8.24003e-09
2.87505e-08
9.21467e-08
2.7353e-07
7.57219e-07
1.96644e-06
4.81483e-06
1.11644e-05
2.46104e-05
5.17516e-05
0.000104129
0.000201028
0.000373292
0.00066823
0.00115552
0.00193382
0.00313761
0.00494328
0.00757376
0.0113003
0.0164403
0.0233508
0.0324162
0.0440312
0.0585792
0.0764078
0.097802
0.12296
0.151971
0.184799
0.221275
0.261095
0.303828
0.348935
0.39579
0.443709
0.491982
0.539901
0.586794
0.632044
0.675113
0.71555
0.752997
0.787187
0.817931
0.845107
0.868638
0.888476
0.904577
0.916892
0.925345
0.929839
0.930245
0.926422
0.918222
0.905519
0.888225
0.866318
0.839862
0.809026
0.77409
0.73545
0.693615
0.649185
0.602837
0.555294
0.507296
0.459574
0.412817
0.367647
0.324602
0.284123
0.246542
0.212084
0.180872
0.152931
0.128205
0.106568
0.0878402
0.0718024
0.0582105
0.046808
0.037337
0.0295461
0.0231979
0.018073
0.013973
0.010722
0.00816646
0.00617464
0.00463506
