VARIABLEs = X,u
ZONE I=101
datapacking=block
0
0.01
0.02
0.03
0.04
0.05
0.06
0.07
0.08
0.09
0.1
0.11
0.12
0.13
0.14
0.15
0.16
0.17
0.18
0.19
0.2
0.21
0.22
0.23
0.24
0.25
0.26
0.27
0.28
0.29
0.3
0.31
0.32
0.33
0.34
0.35
0.36
0.37
0.38
0.39
0.4
0.41
0.42
0.43
0.44
0.45
0.46
0.47
0.48
0.49
0.5
0.51
0.52
0.53
0.54
0.55
0.56
0.57
0.58
0.59
0.6
0.61
0.62
0.63
0.64
0.65
0.66
0.67
0.68
0.69
0.7
0.71
0.72
0.73
0.74
0.75
0.76
0.77
0.78
0.79
0.8
0.81
0.82
0.83
0.84
0.85
0.86
0.87
0.88
0.89
0.9
0.91
0.92
0.93
0.94
0.95
0.96
0.97
0.98
0.99
1
0
0.0877915
0.263374
0.468221
0.650307
0.786872
0.877915
0.933552
0.965345
0.982566
0.991496
0.99596
0.998125
0.999147
0.999619
0.999833
0.999927
0.999969
0.999987
0.999995
0.999998
0.999999
1
1
1
1
1
1
1
1
1
0.912209
0.736626
0.531779
0.349693
0.213128
0.122085
0.0664476
0.0346548
0.0174337
0.00850427
0.00403954
0.00187482
0.000852596
0.000380798
0.000167366
7.25072e-05
3.10065e-05
1.31042e-05
5.4792e-06
2.26866e-06
9.30935e-07
3.78858e-07
1.53008e-07
6.1359e-08
2.44447e-08
9.67902e-09
3.8106e-09
1.49221e-09
5.81417e-10
2.25474e-10
8.70513e-11
3.34685e-11
1.28168e-11
4.88985e-12
1.85897e-12
7.04348e-13
2.6602e-13
1.00166e-13
3.76068e-14
1.40804e-14
5.25794e-15
1.95849e-15
7.27749e-16
2.69798e-16
9.9801e-17
3.68391e-17
1.35706e-17
4.98926e-18
1.83087e-18
6.70643e-19
2.45227e-19
8.95187e-20
3.26254e-20
1.18718e-20
4.31343e-21
1.56493e-21
5.66963e-22
2.05126e-22
7.41163e-23
2.67455e-23
9.6394e-24
3.46999e-24
1.24767e-24
4.48106e-25
1.60763e-25
5.7614e-26
2.06263e-26
7.37697e-27
2.63578e-27
9.40869e-28
