VARIABLEs = X,u
ZONE I=101
datapacking=block
0
0.01
0.02
0.03
0.04
0.05
0.06
0.07
0.08
0.09
0.1
0.11
0.12
0.13
0.14
0.15
0.16
0.17
0.18
0.19
0.2
0.21
0.22
0.23
0.24
0.25
0.26
0.27
0.28
0.29
0.3
0.31
0.32
0.33
0.34
0.35
0.36
0.37
0.38
0.39
0.4
0.41
0.42
0.43
0.44
0.45
0.46
0.47
0.48
0.49
0.5
0.51
0.52
0.53
0.54
0.55
0.56
0.57
0.58
0.59
0.6
0.61
0.62
0.63
0.64
0.65
0.66
0.67
0.68
0.69
0.7
0.71
0.72
0.73
0.74
0.75
0.76
0.77
0.78
0.79
0.8
0.81
0.82
0.83
0.84
0.85
0.86
0.87
0.88
0.89
0.9
0.91
0.92
0.93
0.94
0.95
0.96
0.97
0.98
0.99
1
0
0.0173415
0.0751466
0.181123
0.322424
0.4755
0.618372
0.737431
0.828143
0.892398
0.935234
0.962363
0.978806
0.988397
0.993807
0.99677
0.99835
0.999173
0.999593
0.999803
0.999906
0.999956
0.999979
0.999991
0.999996
0.999998
0.999999
1
1
1
1
0.982658
0.924853
0.818877
0.677576
0.5245
0.381628
0.262569
0.171857
0.107602
0.0647662
0.0376366
0.0211944
0.0116031
0.00619265
0.00322978
0.00164958
0.000826563
0.000406984
0.000197194
9.414e-05
4.43304e-05
2.06115e-05
9.47079e-06
4.30409e-06
1.93602e-06
8.62498e-07
3.80788e-07
1.66695e-07
7.23918e-08
3.1202e-08
1.33531e-08
5.67618e-09
2.39749e-09
1.00652e-09
4.20136e-10
1.74412e-10
7.20274e-11
2.95977e-11
1.21047e-11
4.92808e-12
1.99763e-12
8.06394e-13
3.24226e-13
1.29864e-13
5.18243e-14
2.06086e-14
8.16749e-15
3.22635e-15
1.27049e-15
4.98784e-16
1.95248e-16
7.62144e-17
2.96692e-17
1.15195e-17
4.46123e-18
1.72349e-18
6.64249e-19
2.55418e-19
9.7995e-20
3.7516e-20
1.43324e-20
5.46431e-21
2.0792e-21
7.89627e-22
2.99323e-22
1.13259e-22
4.27797e-23
1.6131e-23
6.07241e-24
2.28221e-24
