VARIABLEs = X,u
ZONE I=101
datapacking=block
0
0.01
0.02
0.03
0.04
0.05
0.06
0.07
0.08
0.09
0.1
0.11
0.12
0.13
0.14
0.15
0.16
0.17
0.18
0.19
0.2
0.21
0.22
0.23
0.24
0.25
0.26
0.27
0.28
0.29
0.3
0.31
0.32
0.33
0.34
0.35
0.36
0.37
0.38
0.39
0.4
0.41
0.42
0.43
0.44
0.45
0.46
0.47
0.48
0.49
0.5
0.51
0.52
0.53
0.54
0.55
0.56
0.57
0.58
0.59
0.6
0.61
0.62
0.63
0.64
0.65
0.66
0.67
0.68
0.69
0.7
0.71
0.72
0.73
0.74
0.75
0.76
0.77
0.78
0.79
0.8
0.81
0.82
0.83
0.84
0.85
0.86
0.87
0.88
0.89
0.9
0.91
0.92
0.93
0.94
0.95
0.96
0.97
0.98
0.99
1
0
3.52874e-09
5.99886e-08
5.21077e-07
3.08268e-06
1.39695e-05
5.17104e-05
0.000162837
0.00044859
0.00110344
0.00246165
0.00504224
0.00957784
0.0170112
0.0284471
0.0450563
0.0679402
0.0979754
0.135666
0.181035
0.233568
0.292229
0.355546
0.421741
0.488895
0.555117
0.61869
0.678187
0.732543
0.781075
0.823471
0.859743
0.890164
0.915198
0.935425
0.951479
0.963987
0.973518
0.980529
0.985314
0.987955
0.988274
0.985812
0.979844
0.96943
0.953526
0.931122
0.901411
0.863935
0.818709
0.766269
0.707668
0.64439
0.578219
0.51108
0.444868
0.381301
0.321807
0.267454
0.218923
0.176528
0.140257
0.109836
0.0848012
0.0645715
0.0485066
0.0359608
0.026319
0.0190226
0.0135822
0.00958334
0.00668415
0.00460993
0.00314481
0.00212263
0.00141794
0.000937715
0.000614082
0.000398327
0.000255989
0.000163033
0.000102921
6.44187e-05
3.99842e-05
2.46167e-05
1.50357e-05
9.11287e-06
5.48163e-06
3.27315e-06
1.94045e-06
1.14234e-06
6.67903e-07
3.87909e-07
2.23826e-07
1.28328e-07
7.31182e-08
4.1408e-08
2.33108e-08
1.30467e-08
7.26057e-09
4.0181e-09
