VARIABLEs = X,u
ZONE I=101
datapacking=block
0
0.01
0.02
0.03
0.04
0.05
0.06
0.07
0.08
0.09
0.1
0.11
0.12
0.13
0.14
0.15
0.16
0.17
0.18
0.19
0.2
0.21
0.22
0.23
0.24
0.25
0.26
0.27
0.28
0.29
0.3
0.31
0.32
0.33
0.34
0.35
0.36
0.37
0.38
0.39
0.4
0.41
0.42
0.43
0.44
0.45
0.46
0.47
0.48
0.49
0.5
0.51
0.52
0.53
0.54
0.55
0.56
0.57
0.58
0.59
0.6
0.61
0.62
0.63
0.64
0.65
0.66
0.67
0.68
0.69
0.7
0.71
0.72
0.73
0.74
0.75
0.76
0.77
0.78
0.79
0.8
0.81
0.82
0.83
0.84
0.85
0.86
0.87
0.88
0.89
0.9
0.91
0.92
0.93
0.94
0.95
0.96
0.97
0.98
0.99
1
0
62072.3
50278.6
-165654
-116080
213737
191915
-189347
-243499
99902.8
230531
25667.4
-153542
-145074
78107.7
212237
-94305
-188482
236946
52010.9
-447183
197431
619679
-534264
-687464
903579
662583
-1.23117e+06
-610282
1.44845e+06
598658
-1.51076e+06
-660976
1.39814e+06
776556
-1.11666e+06
-874658
712779
869930
-281360
-717568
-58949
452652
223114
-177512
-212236
-5098.76
110444
62164.4
-18727.3
-39853.4
-15971.5
6752.04
10833.5
4721.44
-657.313
-2100.87
-1331.78
-355.86
114.929
191.16
127.13
60.1649
22.674
7.10596
1.89085
0.431732
0.0849895
0.0144367
0.00211105
0.000264325
2.80969e-05
2.50382e-06
1.83733e-07
1.0819e-08
4.91756e-10
1.62039e-11
3.44613e-13
3.55271e-15
0
0
0
0
0
0
0
0
0
0
0
0
0
0
0
0
0
0
0
0
0
0
