VARIABLEs = X,u
ZONE I=101
datapacking=block
0
0.01
0.02
0.03
0.04
0.05
0.06
0.07
0.08
0.09
0.1
0.11
0.12
0.13
0.14
0.15
0.16
0.17
0.18
0.19
0.2
0.21
0.22
0.23
0.24
0.25
0.26
0.27
0.28
0.29
0.3
0.31
0.32
0.33
0.34
0.35
0.36
0.37
0.38
0.39
0.4
0.41
0.42
0.43
0.44
0.45
0.46
0.47
0.48
0.49
0.5
0.51
0.52
0.53
0.54
0.55
0.56
0.57
0.58
0.59
0.6
0.61
0.62
0.63
0.64
0.65
0.66
0.67
0.68
0.69
0.7
0.71
0.72
0.73
0.74
0.75
0.76
0.77
0.78
0.79
0.8
0.81
0.82
0.83
0.84
0.85
0.86
0.87
0.88
0.89
0.9
0.91
0.92
0.93
0.94
0.95
0.96
0.97
0.98
0.99
1
0
-27.3902
140.132
101.353
-198.463
-193.677
132.584
235.144
9.26831
-164.288
-102.342
31.6387
76.3149
37.0291
0.398339
-24.5206
-14.1207
14.2335
-44.4251
16.5349
87.6241
-149.41
-23.8585
324.938
-200.021
-425.499
528.281
422.713
-826.097
-381.934
995.62
411.324
-966.229
-522.066
726.744
621.175
-332.605
-558.082
-33.1234
315.67
190.141
-47.0206
-117.54
-58.5101
4.93917
25.5206
19.4582
9.24746
3.19963
0.846935
0.174341
0.0278847
0.00341463
0.000310346
1.97738e-05
7.89762e-07
1.49012e-08
0
0
0
0
0
0
0
0
0
0
0
0
0
0
0
0
0
0
0
0
0
0
0
0
0
0
0
0
0
0
0
0
0
0
0
0
0
0
0
0
0
0
0
0
