VARIABLEs = X,u
ZONE I=101
datapacking=block
0
0.01
0.02
0.03
0.04
0.05
0.06
0.07
0.08
0.09
0.1
0.11
0.12
0.13
0.14
0.15
0.16
0.17
0.18
0.19
0.2
0.21
0.22
0.23
0.24
0.25
0.26
0.27
0.28
0.29
0.3
0.31
0.32
0.33
0.34
0.35
0.36
0.37
0.38
0.39
0.4
0.41
0.42
0.43
0.44
0.45
0.46
0.47
0.48
0.49
0.5
0.51
0.52
0.53
0.54
0.55
0.56
0.57
0.58
0.59
0.6
0.61
0.62
0.63
0.64
0.65
0.66
0.67
0.68
0.69
0.7
0.71
0.72
0.73
0.74
0.75
0.76
0.77
0.78
0.79
0.8
0.81
0.82
0.83
0.84
0.85
0.86
0.87
0.88
0.89
0.9
0.91
0.92
0.93
0.94
0.95
0.96
0.97
0.98
0.99
1
0
785521
654480
-2.14982e+06
-1.47178e+06
2.92644e+06
2.36716e+06
-2.82083e+06
-2.99822e+06
1.70623e+06
3.06584e+06
208819
-2.70179e+06
-2.24202e+06
2.54271e+06
3.37728e+06
-3.3106e+06
-2.73164e+06
5.19618e+06
27445.6
-7.59602e+06
4.31308e+06
9.49194e+06
-9.46366e+06
-1.01895e+07
1.45467e+07
9.79859e+06
-1.87919e+07
-9.08893e+06
2.15558e+07
8.91869e+06
-2.23533e+07
-9.70567e+06
2.09263e+07
1.12111e+07
-1.7331e+07
-1.26341e+07
1.20619e+07
1.29637e+07
-6.13265e+06
-1.1513e+07
907852
8.38989e+06
2.40819e+06
-4.552e+06
-3.37728e+06
1.30131e+06
2.56547e+06
491925
-1.14412e+06
-851172
113322
473592
222432
-77067.1
-142537
-59314.9
16979.1
33694.9
17193
618.067
-5187.64
-4047.64
-1529.13
-38.2931
383.384
321.679
173.894
73.413
25.7545
7.72398
2.01013
0.457661
0.091534
0.0161025
0.00248919
0.000337122
3.98021e-05
4.06674e-06
3.55989e-07
2.63344e-08
1.61558e-09
8.00382e-11
3.07833e-12
8.62782e-14
1.56819e-15
1.38778e-17
0
0
0
0
0
0
0
0
0
0
0
0
0
0
