VARIABLEs = X,u
ZONE I=101
datapacking=block
0
0.01
0.02
0.03
0.04
0.05
0.06
0.07
0.08
0.09
0.1
0.11
0.12
0.13
0.14
0.15
0.16
0.17
0.18
0.19
0.2
0.21
0.22
0.23
0.24
0.25
0.26
0.27
0.28
0.29
0.3
0.31
0.32
0.33
0.34
0.35
0.36
0.37
0.38
0.39
0.4
0.41
0.42
0.43
0.44
0.45
0.46
0.47
0.48
0.49
0.5
0.51
0.52
0.53
0.54
0.55
0.56
0.57
0.58
0.59
0.6
0.61
0.62
0.63
0.64
0.65
0.66
0.67
0.68
0.69
0.7
0.71
0.72
0.73
0.74
0.75
0.76
0.77
0.78
0.79
0.8
0.81
0.82
0.83
0.84
0.85
0.86
0.87
0.88
0.89
0.9
0.91
0.92
0.93
0.94
0.95
0.96
0.97
0.98
0.99
1
0
-13.9136
-11.0031
31.8883
27.9551
-25.2639
-38.9782
-1.035
26.6829
18.4822
-1.00347
-9.61075
-7.62777
-3.19193
-0.408904
0.598409
1.21557
-0.022666
3.49629
-2.42196
0.485942
13.0292
-17.9716
-2.82853
47.6895
-33.1147
-59.4038
88.3337
57.4706
-129.225
-52.5601
145.139
68.4737
-118.222
-87.3589
60.3787
86.6678
5.86354
-44.6545
-29.5114
1.48941
14.0327
11.1248
5.20588
1.69426
0.401591
0.0697813
0.00871754
0.00074482
3.91006e-05
9.53674e-07
0
0
0
0
0
0
0
0
0
0
0
0
0
0
0
0
0
0
0
0
0
0
0
0
0
0
0
0
0
0
0
0
0
0
0
0
0
0
0
0
0
0
0
0
0
0
0
0
0
0
