VARIABLEs = X,u
ZONE I=101
datapacking=block
0
0.01
0.02
0.03
0.04
0.05
0.06
0.07
0.08
0.09
0.1
0.11
0.12
0.13
0.14
0.15
0.16
0.17
0.18
0.19
0.2
0.21
0.22
0.23
0.24
0.25
0.26
0.27
0.28
0.29
0.3
0.31
0.32
0.33
0.34
0.35
0.36
0.37
0.38
0.39
0.4
0.41
0.42
0.43
0.44
0.45
0.46
0.47
0.48
0.49
0.5
0.51
0.52
0.53
0.54
0.55
0.56
0.57
0.58
0.59
0.6
0.61
0.62
0.63
0.64
0.65
0.66
0.67
0.68
0.69
0.7
0.71
0.72
0.73
0.74
0.75
0.76
0.77
0.78
0.79
0.8
0.81
0.82
0.83
0.84
0.85
0.86
0.87
0.88
0.89
0.9
0.91
0.92
0.93
0.94
0.95
0.96
0.97
0.98
0.99
1
0
-2.64861
3.79331
7.95571
-2.77692
-10.9733
-3.40568
7.30413
7.78432
1.15933
-3.72981
-4.07214
-2.16641
-0.400785
0.535794
0.858967
1.06878
0.66968
1.83921
-0.43962
2.06601
2.7819
-4.95516
5.84309
7.43535
-14.5529
2.13229
24.7493
-10.8649
-26.9117
19.3068
31.5603
-14.6582
-30.705
4.90922
27.5262
10.841
-11.1472
-12.7395
-1.94123
5.79583
6.51171
4.00612
1.72687
0.5607
0.141033
0.027713
0.00423536
0.000495191
4.2899e-05
2.59969e-06
9.85162e-08
1.75922e-09
0
0
0
0
0
0
0
0
0
0
0
0
0
0
0
0
0
0
0
0
0
0
0
0
0
0
0
0
0
0
0
0
0
0
0
0
0
0
0
0
0
0
0
0
0
0
0
0
