VARIABLEs = X,u
ZONE I=101
datapacking=block
0
0.01
0.02
0.03
0.04
0.05
0.06
0.07
0.08
0.09
0.1
0.11
0.12
0.13
0.14
0.15
0.16
0.17
0.18
0.19
0.2
0.21
0.22
0.23
0.24
0.25
0.26
0.27
0.28
0.29
0.3
0.31
0.32
0.33
0.34
0.35
0.36
0.37
0.38
0.39
0.4
0.41
0.42
0.43
0.44
0.45
0.46
0.47
0.48
0.49
0.5
0.51
0.52
0.53
0.54
0.55
0.56
0.57
0.58
0.59
0.6
0.61
0.62
0.63
0.64
0.65
0.66
0.67
0.68
0.69
0.7
0.71
0.72
0.73
0.74
0.75
0.76
0.77
0.78
0.79
0.8
0.81
0.82
0.83
0.84
0.85
0.86
0.87
0.88
0.89
0.9
0.91
0.92
0.93
0.94
0.95
0.96
0.97
0.98
0.99
1
0
-5318.95
-27186.5
11455.6
52658.1
-7491.44
-71227.4
-5542.65
72811.9
23132.4
-48763.1
-42243.8
4510.63
62376.8
35112.3
-82700.6
-38439.1
99566.8
-10391.1
-106379
99208.3
95063.2
-197898
-60057.1
280636
4959.52
-338948
54134.4
376832
-94961
-398941
100886
404845
-67711
-389489
3468.55
345471
73185.9
-268513
-136099
165902
160969
-59980.5
-138623
-19835
82701.6
53716.4
-23318.2
-45078.7
-12344.1
17931
17903.5
2202.22
-7597.3
-6364.62
-982.532
2176.68
2096.35
724.3
-272.603
-511.742
-331.772
-101.78
26.5747
59.6131
47.8945
27.7482
13.1085
5.29425
1.87234
0.58793
0.165346
0.0418802
0.00958731
0.00198772
0.000373584
6.36478e-05
9.82118e-06
1.37024e-06
1.72419e-07
1.95005e-08
1.97361e-09
1.77741e-10
1.41432e-11
9.85507e-13
5.94512e-14
3.05924e-15
1.31653e-16
4.61018e-18
1.26201e-19
2.53356e-21
3.31775e-23
2.12676e-25
0
0
0
0
0
0
0
0
