VARIABLEs = X,u
ZONE I=101
datapacking=block
0
0.01
0.02
0.03
0.04
0.05
0.06
0.07
0.08
0.09
0.1
0.11
0.12
0.13
0.14
0.15
0.16
0.17
0.18
0.19
0.2
0.21
0.22
0.23
0.24
0.25
0.26
0.27
0.28
0.29
0.3
0.31
0.32
0.33
0.34
0.35
0.36
0.37
0.38
0.39
0.4
0.41
0.42
0.43
0.44
0.45
0.46
0.47
0.48
0.49
0.5
0.51
0.52
0.53
0.54
0.55
0.56
0.57
0.58
0.59
0.6
0.61
0.62
0.63
0.64
0.65
0.66
0.67
0.68
0.69
0.7
0.71
0.72
0.73
0.74
0.75
0.76
0.77
0.78
0.79
0.8
0.81
0.82
0.83
0.84
0.85
0.86
0.87
0.88
0.89
0.9
0.91
0.92
0.93
0.94
0.95
0.96
0.97
0.98
0.99
1
0
-1227.94
-2197.76
3098.14
4491.91
-3396.62
-6615.51
1884.9
7597.11
635.661
-6128.11
-3006.06
2103.13
4661.38
2081.5
-5769.04
-2735.72
6514.23
-1907.75
-6303.86
9981.53
3755.59
-17847.6
2100.24
23222.8
-10369.8
-26103
18452.9
27533
-23790.1
-28556.8
24983.1
29763.5
-21563.7
-30658.5
13952.8
29598.2
-3949.46
-24941.8
-5344.68
16566.8
10610.9
-6708.02
-10241.2
-947.631
5770.04
3869.59
-932.437
-2697.14
-1298.96
457.143
955.427
502.864
-33.6858
-240.096
-184.466
-63.3784
13.6768
35.6923
29.225
16.8411
7.78474
3.03299
1.02083
0.300997
0.0784031
0.0181314
0.00373263
0.000684685
0.000111849
1.62418e-05
2.08988e-06
2.37192e-07
2.35973e-08
2.04095e-09
1.51815e-10
9.57415e-12
5.0211e-13
2.13152e-14
7.03899e-16
1.69693e-17
2.657e-19
2.02824e-21
0
0
0
0
0
0
0
0
0
0
0
0
0
0
0
0
0
0
