VARIABLEs = X,u
ZONE I=101
datapacking=block
0
0.01
0.02
0.03
0.04
0.05
0.06
0.07
0.08
0.09
0.1
0.11
0.12
0.13
0.14
0.15
0.16
0.17
0.18
0.19
0.2
0.21
0.22
0.23
0.24
0.25
0.26
0.27
0.28
0.29
0.3
0.31
0.32
0.33
0.34
0.35
0.36
0.37
0.38
0.39
0.4
0.41
0.42
0.43
0.44
0.45
0.46
0.47
0.48
0.49
0.5
0.51
0.52
0.53
0.54
0.55
0.56
0.57
0.58
0.59
0.6
0.61
0.62
0.63
0.64
0.65
0.66
0.67
0.68
0.69
0.7
0.71
0.72
0.73
0.74
0.75
0.76
0.77
0.78
0.79
0.8
0.81
0.82
0.83
0.84
0.85
0.86
0.87
0.88
0.89
0.9
0.91
0.92
0.93
0.94
0.95
0.96
0.97
0.98
0.99
1
0
-3.98657
-6.34831
8.48656
13.3169
-4.51728
-16.1366
-5.55543
9.0675
10.5168
2.54777
-3.89841
-4.92128
-2.9484
-0.819083
0.200731
1.2582
-0.0938682
2.63967
0.0718715
-1.67088
8.37319
-4.29824
-7.82246
20.9212
-0.758746
-30.5405
20.593
37.3709
-33.4278
-37.7327
39.4144
43.7192
-27.0795
-43.8575
7.27602
37.0578
15.3779
-13.3657
-16.89
-4.21853
5.82544
7.56908
4.99505
2.29536
0.799269
0.218074
0.0472264
0.00812519
0.00110092
0.000115239
9.00917e-06
4.95959e-07
1.717e-08
2.81475e-10
0
0
0
0
0
0
0
0
0
0
0
0
0
0
0
0
0
0
0
0
0
0
0
0
0
0
0
0
0
0
0
0
0
0
0
0
0
0
0
0
0
0
0
0
0
0
