VARIABLEs = X,u
ZONE I=101
datapacking=block
0
0.01
0.02
0.03
0.04
0.05
0.06
0.07
0.08
0.09
0.1
0.11
0.12
0.13
0.14
0.15
0.16
0.17
0.18
0.19
0.2
0.21
0.22
0.23
0.24
0.25
0.26
0.27
0.28
0.29
0.3
0.31
0.32
0.33
0.34
0.35
0.36
0.37
0.38
0.39
0.4
0.41
0.42
0.43
0.44
0.45
0.46
0.47
0.48
0.49
0.5
0.51
0.52
0.53
0.54
0.55
0.56
0.57
0.58
0.59
0.6
0.61
0.62
0.63
0.64
0.65
0.66
0.67
0.68
0.69
0.7
0.71
0.72
0.73
0.74
0.75
0.76
0.77
0.78
0.79
0.8
0.81
0.82
0.83
0.84
0.85
0.86
0.87
0.88
0.89
0.9
0.91
0.92
0.93
0.94
0.95
0.96
0.97
0.98
0.99
1
0
21200
-281495
-80114.5
528505
169807
-665277
-277242
590305
394776
-257693
-543534
-234693
753425
640431
-1.02653e+06
-679915
1.32409e+06
206768
-1.58013e+06
701164
1.72199e+06
-1.79793e+06
-1.69457e+06
2.82262e+06
1.49736e+06
-3.62218e+06
-1.21612e+06
4.15863e+06
1.00456e+06
-4.43263e+06
-1.00517e+06
4.42173e+06
1.26401e+06
-4.08433e+06
-1.70147e+06
3.40254e+06
2.14378e+06
-2.42409e+06
-2.38519e+06
1.28975e+06
2.26766e+06
-227207
-1.76575e+06
-518304
1.02653e+06
802050
-311787
-668622
-144073
330990
268378
-36017.8
-171390
-86351.3
35090.2
67250.7
28279.7
-12575.4
-22226
-10711.7
1635.42
5819.14
3950.46
893.061
-781.354
-997.119
-582.783
-167.429
46.2454
98.152
78.4733
45.8999
22.1363
9.21969
3.39537
1.12104
0.334771
0.0909507
0.0225692
0.00512883
0.00106912
0.000204605
3.59559e-05
5.79991e-06
8.57952e-07
1.16213e-07
1.43849e-08
1.62286e-09
1.66317e-10
1.54209e-11
1.28716e-12
9.61291e-14
6.37563e-15
3.72042e-16
1.88784e-17
8.20502e-19
2.99391e-20
8.92177e-22
2.08552e-23
3.58707e-25
