VARIABLEs = X,u
ZONE I=101
datapacking=block
0
0.01
0.02
0.03
0.04
0.05
0.06
0.07
0.08
0.09
0.1
0.11
0.12
0.13
0.14
0.15
0.16
0.17
0.18
0.19
0.2
0.21
0.22
0.23
0.24
0.25
0.26
0.27
0.28
0.29
0.3
0.31
0.32
0.33
0.34
0.35
0.36
0.37
0.38
0.39
0.4
0.41
0.42
0.43
0.44
0.45
0.46
0.47
0.48
0.49
0.5
0.51
0.52
0.53
0.54
0.55
0.56
0.57
0.58
0.59
0.6
0.61
0.62
0.63
0.64
0.65
0.66
0.67
0.68
0.69
0.7
0.71
0.72
0.73
0.74
0.75
0.76
0.77
0.78
0.79
0.8
0.81
0.82
0.83
0.84
0.85
0.86
0.87
0.88
0.89
0.9
0.91
0.92
0.93
0.94
0.95
0.96
0.97
0.98
0.99
1
0
25539.1
51467.6
-68240.3
-107072
88741.6
155637
-77003.5
-172204
24456.3
139765
68776.6
-74235.1
-179920
26879.4
263469
-55129.1
-274177
181752
194424
-375198
-40227.1
569037
-155502
-706908
359485
776357
-539186
-804579
659149
825713
-687923
-852865
611148
872758
-437972
-854958
201208
766639
44020.1
-593464
-230705
358985
306450
-124042
-263468
-42033.8
147649
103000
-32496.9
-78491.5
-28269.5
25441.3
31232.4
7653.9
-10241.3
-10898.8
-3175.99
2511.58
3309.42
1562.41
-72.7594
-670.681
-542.852
-228.17
-12.0189
67.0735
67.1102
43.3379
22.1835
9.60963
3.63194
1.21816
0.36639
0.0994906
0.0244989
0.00548616
0.00111911
0.000208101
3.52735e-05
5.44573e-06
7.64644e-07
9.74357e-08
1.12349e-08
1.16785e-09
1.08927e-10
9.06302e-12
6.67783e-13
4.3178e-14
2.42176e-15
1.16076e-16
4.66083e-18
1.52528e-19
3.90797e-21
7.3535e-23
9.0379e-25
5.44452e-27
0
0
0
0
