VARIABLEs = X,u
ZONE I=101
datapacking=block
0
0.01
0.02
0.03
0.04
0.05
0.06
0.07
0.08
0.09
0.1
0.11
0.12
0.13
0.14
0.15
0.16
0.17
0.18
0.19
0.2
0.21
0.22
0.23
0.24
0.25
0.26
0.27
0.28
0.29
0.3
0.31
0.32
0.33
0.34
0.35
0.36
0.37
0.38
0.39
0.4
0.41
0.42
0.43
0.44
0.45
0.46
0.47
0.48
0.49
0.5
0.51
0.52
0.53
0.54
0.55
0.56
0.57
0.58
0.59
0.6
0.61
0.62
0.63
0.64
0.65
0.66
0.67
0.68
0.69
0.7
0.71
0.72
0.73
0.74
0.75
0.76
0.77
0.78
0.79
0.8
0.81
0.82
0.83
0.84
0.85
0.86
0.87
0.88
0.89
0.9
0.91
0.92
0.93
0.94
0.95
0.96
0.97
0.98
0.99
1
0
3.08779
-12.1646
-11.322
15.861
20.9601
-6.56088
-22.9811
-8.86608
10.8546
13.928
4.53526
-3.82989
-5.8783
-3.66238
-2.01209
1.38255
-1.12539
1.59636
4.822
-8.04262
6.55556
13.1138
-24.2765
3.00122
42.6967
-28.5222
-45.7958
57.7051
46.9531
-70.9576
-48.0409
69.8698
59.1177
-44.3832
-61.6568
9.5621
49.2576
21.9799
-15.4104
-21.9684
-7.37198
5.50358
8.67556
6.16341
3.01209
1.11848
0.328132
0.0773357
0.0147142
0.002252
0.00027407
2.59691e-05
1.84968e-06
9.32808e-08
2.97238e-09
4.5036e-11
0
0
0
0
0
0
0
0
0
0
0
0
0
0
0
0
0
0
0
0
0
0
0
0
0
0
0
0
0
0
0
0
0
0
0
0
0
0
0
0
0
0
0
0
