VARIABLEs = X,u
ZONE I=101
datapacking=block
0
0.01
0.02
0.03
0.04
0.05
0.06
0.07
0.08
0.09
0.1
0.11
0.12
0.13
0.14
0.15
0.16
0.17
0.18
0.19
0.2
0.21
0.22
0.23
0.24
0.25
0.26
0.27
0.28
0.29
0.3
0.31
0.32
0.33
0.34
0.35
0.36
0.37
0.38
0.39
0.4
0.41
0.42
0.43
0.44
0.45
0.46
0.47
0.48
0.49
0.5
0.51
0.52
0.53
0.54
0.55
0.56
0.57
0.58
0.59
0.6
0.61
0.62
0.63
0.64
0.65
0.66
0.67
0.68
0.69
0.7
0.71
0.72
0.73
0.74
0.75
0.76
0.77
0.78
0.79
0.8
0.81
0.82
0.83
0.84
0.85
0.86
0.87
0.88
0.89
0.9
0.91
0.92
0.93
0.94
0.95
0.96
0.97
0.98
0.99
1
0
10.8295
-559.282
-121.533
959.526
417.694
-1026.94
-821.684
691.867
1067.91
-126.778
-851.877
-370.529
219.893
633.175
249.733
-685.038
33.6732
547.342
-971.371
-54.667
1871.22
-1000.48
-2203.09
2495.54
1963
-3966.86
-1435.24
5042.7
996.779
-5611.68
-1005.85
5602.77
1556.38
-4920.25
-2391.64
3543.63
3004.56
-1692.73
-2879.61
-48.2504
1922.74
1016.86
-624.653
-964.158
-248.733
354.056
373.086
98.9935
-97.487
-120.362
-57.5191
-0.380557
22.2187
21.1556
12.9451
6.12911
2.38926
0.789446
0.224585
0.055496
0.0119671
0.00225594
0.000371568
5.33325e-05
6.63973e-06
7.11986e-07
6.51172e-08
5.0115e-09
3.18565e-10
1.629e-11
6.44308e-13
1.85057e-14
3.43528e-16
3.09485e-18
0
0
0
0
0
0
0
0
0
0
0
0
0
0
0
0
0
0
0
0
0
0
0
0
0
0
