VARIABLEs = X,u
ZONE I=101
datapacking=block
0
0.01
0.02
0.03
0.04
0.05
0.06
0.07
0.08
0.09
0.1
0.11
0.12
0.13
0.14
0.15
0.16
0.17
0.18
0.19
0.2
0.21
0.22
0.23
0.24
0.25
0.26
0.27
0.28
0.29
0.3
0.31
0.32
0.33
0.34
0.35
0.36
0.37
0.38
0.39
0.4
0.41
0.42
0.43
0.44
0.45
0.46
0.47
0.48
0.49
0.5
0.51
0.52
0.53
0.54
0.55
0.56
0.57
0.58
0.59
0.6
0.61
0.62
0.63
0.64
0.65
0.66
0.67
0.68
0.69
0.7
0.71
0.72
0.73
0.74
0.75
0.76
0.77
0.78
0.79
0.8
0.81
0.82
0.83
0.84
0.85
0.86
0.87
0.88
0.89
0.9
0.91
0.92
0.93
0.94
0.95
0.96
0.97
0.98
0.99
1
0
-360.869
11805.6
2709.88
-21034.3
-8581.34
25507.7
16318.7
-22918.5
-21261.9
11462.4
20185
6925.23
-15658.4
-24132.5
15052.1
29115.5
-24205.9
-15538
41326.7
-13885.6
-57137.1
50779.7
62062.7
-87476.9
-54242.9
119322
40659.3
-142997
-31019.8
155601
31530.9
-155208
-43091.6
140599
61570.1
-111326
-78406.4
70170.2
83630.4
-25446.9
-71435.7
-10637.6
44782.5
27952.9
-15051.1
-25295
-4916.27
11825.6
9925.87
-98.8627
-5229.45
-3527.73
26.0424
1661.78
1248.59
260.132
-308.084
-358.849
-187.264
-31.1186
39.029
47.2634
32.5304
17.1351
7.49323
2.81929
0.930306
0.272322
0.0712204
0.0167155
0.00352981
0.00067145
0.00011506
1.77441e-05
2.45785e-06
3.04886e-07
3.37319e-08
3.31102e-09
2.86376e-10
2.1636e-11
1.41191e-12
7.84268e-14
3.636e-15
1.36914e-16
4.02323e-18
8.65597e-20
1.21292e-21
8.30767e-24
0
0
0
0
0
0
0
0
0
0
0
0
