VARIABLEs = X,u
ZONE I=101
datapacking=block
0
0.01
0.02
0.03
0.04
0.05
0.06
0.07
0.08
0.09
0.1
0.11
0.12
0.13
0.14
0.15
0.16
0.17
0.18
0.19
0.2
0.21
0.22
0.23
0.24
0.25
0.26
0.27
0.28
0.29
0.3
0.31
0.32
0.33
0.34
0.35
0.36
0.37
0.38
0.39
0.4
0.41
0.42
0.43
0.44
0.45
0.46
0.47
0.48
0.49
0.5
0.51
0.52
0.53
0.54
0.55
0.56
0.57
0.58
0.59
0.6
0.61
0.62
0.63
0.64
0.65
0.66
0.67
0.68
0.69
0.7
0.71
0.72
0.73
0.74
0.75
0.76
0.77
0.78
0.79
0.8
0.81
0.82
0.83
0.84
0.85
0.86
0.87
0.88
0.89
0.9
0.91
0.92
0.93
0.94
0.95
0.96
0.97
0.98
0.99
1
0
-56.8945
207.413
192.468
-315.686
-356.244
256.141
472.395
-38.6845
-441.524
-191.687
236.222
246.706
47.6126
-136.882
-215.118
91.9712
119.494
-224.53
206.163
315.088
-621.497
-88.013
997.778
-440.331
-1221.81
1050.7
1262.98
-1557.26
-1246.14
1823.54
1305.03
-1764.65
-1453.54
1366.76
1578.81
-692.983
-1476.27
-34.4977
1045.98
515.999
-413.997
-547.733
-81.9223
254.92
216.118
26.0668
-83.1844
-76.4961
-26.3878
9.22307
19.042
14.8308
8.09746
3.48921
1.24272
0.374284
0.0964998
0.0214343
0.00411174
0.000680844
9.70064e-05
1.18233e-05
1.22176e-06
1.0568e-07
7.51489e-09
4.28064e-10
1.8788e-11
5.96726e-13
1.22102e-14
1.20893e-16
0
0
0
0
0
0
0
0
0
0
0
0
0
0
0
0
0
0
0
0
0
0
0
0
0
0
0
0
0
0
