VARIABLEs = X,u
ZONE I=101
datapacking=block
0
0.01
0.02
0.03
0.04
0.05
0.06
0.07
0.08
0.09
0.1
0.11
0.12
0.13
0.14
0.15
0.16
0.17
0.18
0.19
0.2
0.21
0.22
0.23
0.24
0.25
0.26
0.27
0.28
0.29
0.3
0.31
0.32
0.33
0.34
0.35
0.36
0.37
0.38
0.39
0.4
0.41
0.42
0.43
0.44
0.45
0.46
0.47
0.48
0.49
0.5
0.51
0.52
0.53
0.54
0.55
0.56
0.57
0.58
0.59
0.6
0.61
0.62
0.63
0.64
0.65
0.66
0.67
0.68
0.69
0.7
0.71
0.72
0.73
0.74
0.75
0.76
0.77
0.78
0.79
0.8
0.81
0.82
0.83
0.84
0.85
0.86
0.87
0.88
0.89
0.9
0.91
0.92
0.93
0.94
0.95
0.96
0.97
0.98
0.99
1
0
3778.57
2379.42
-10195.8
-6199.61
13595.3
11460.7
-12916.2
-15643.1
7771.11
15218.6
1310.76
-9697.47
-11765.4
3897.42
18802
-4857.54
-17842
15498.8
7521.51
-31307
10138.4
43855.5
-31903.9
-47917
54482.5
44993.1
-74114
-40525.2
87030.8
39235.3
-90838.3
-43066.5
84591.1
50892.7
-68199.8
-58438.3
43416.4
59766.3
-15336.7
-50770.6
-8229.87
32500.1
20194.2
-11719.2
-18801
-2964.19
9415.21
7303.8
-600.396
-4244.98
-2570.75
267.708
1405.49
940.065
121.989
-294.378
-292.482
-135.486
-10.0059
39.7673
40.8733
26.3799
13.289
5.59314
2.02948
0.645901
0.182174
0.0458273
0.010322
0.00208597
0.00037849
6.16293e-05
8.9912e-06
1.17217e-06
1.36033e-07
1.39819e-08
1.26433e-09
9.97245e-11
6.78524e-12
3.92491e-13
1.89283e-14
7.40639e-16
2.25935e-17
5.04172e-19
7.32114e-21
5.1923e-23
0
0
0
0
0
0
0
0
0
0
0
0
0
0
