VARIABLEs = X,u
ZONE I=101
datapacking=block
0
0.01
0.02
0.03
0.04
0.05
0.06
0.07
0.08
0.09
0.1
0.11
0.12
0.13
0.14
0.15
0.16
0.17
0.18
0.19
0.2
0.21
0.22
0.23
0.24
0.25
0.26
0.27
0.28
0.29
0.3
0.31
0.32
0.33
0.34
0.35
0.36
0.37
0.38
0.39
0.4
0.41
0.42
0.43
0.44
0.45
0.46
0.47
0.48
0.49
0.5
0.51
0.52
0.53
0.54
0.55
0.56
0.57
0.58
0.59
0.6
0.61
0.62
0.63
0.64
0.65
0.66
0.67
0.68
0.69
0.7
0.71
0.72
0.73
0.74
0.75
0.76
0.77
0.78
0.79
0.8
0.81
0.82
0.83
0.84
0.85
0.86
0.87
0.88
0.89
0.9
0.91
0.92
0.93
0.94
0.95
0.96
0.97
0.98
0.99
1
0
-182.927
-108.959
483.255
298.472
-593.329
-545.435
429.447
715.142
-64.4551
-639.26
-253.109
266.077
342.624
171.293
-302.626
-262.975
333.024
-156.886
-371.825
826.381
92.494
-1375.31
665.415
1630.27
-1661.93
-1592.97
2550.32
1408.24
-3141.13
-1332.43
3326.02
1517.35
-3032.12
-1889.71
2252.61
2186
-1110.69
-2069.58
-31.5747
1425.7
723.716
-514.771
-729.49
-148.553
303.626
285.715
55.8417
-91.8083
-96.7818
-39.9386
5.53592
20.8745
17.8251
10.2893
4.64802
1.73319
0.547393
0.14848
0.0348543
0.00710615
0.00125926
0.00019362
2.57271e-05
2.93505e-06
2.84796e-07
2.31969e-08
1.55713e-09
8.39167e-11
3.49167e-12
1.05326e-13
2.05034e-15
1.93428e-17
0
0
0
0
0
0
0
0
0
0
0
0
0
0
0
0
0
0
0
0
0
0
0
0
0
0
0
0
