VARIABLEs = X,u
ZONE I=101
datapacking=block
0
0.01
0.02
0.03
0.04
0.05
0.06
0.07
0.08
0.09
0.1
0.11
0.12
0.13
0.14
0.15
0.16
0.17
0.18
0.19
0.2
0.21
0.22
0.23
0.24
0.25
0.26
0.27
0.28
0.29
0.3
0.31
0.32
0.33
0.34
0.35
0.36
0.37
0.38
0.39
0.4
0.41
0.42
0.43
0.44
0.45
0.46
0.47
0.48
0.49
0.5
0.51
0.52
0.53
0.54
0.55
0.56
0.57
0.58
0.59
0.6
0.61
0.62
0.63
0.64
0.65
0.66
0.67
0.68
0.69
0.7
0.71
0.72
0.73
0.74
0.75
0.76
0.77
0.78
0.79
0.8
0.81
0.82
0.83
0.84
0.85
0.86
0.87
0.88
0.89
0.9
0.91
0.92
0.93
0.94
0.95
0.96
0.97
0.98
0.99
1
0
62.556
106.77
-150.157
-221.01
139.637
308.455
-22.4969
-299.71
-132.383
174.104
194.675
-2.98353
-104.034
-113.056
-5.31288
121.566
-44.764
-26.0339
204.399
-168.421
-247.351
452.376
66.4794
-735.106
263.519
904.952
-622.437
-973.87
881.351
1020.08
-941.908
-1080.64
774.581
1126.02
-401.407
-1042.68
-44.5739
758.396
369.538
-325.552
-408.339
-39.1975
210.191
161.463
6.31288
-73.1593
-59.3929
-16.1471
11.2651
16.9737
12.1963
6.30932
2.59144
0.879874
0.251993
0.0615249
0.0128704
0.00230945
0.000354749
4.64138e-05
5.12958e-06
4.73026e-07
3.57587e-08
2.15995e-09
1.00302e-10
3.36365e-12
7.25355e-14
7.55579e-16
0
0
0
0
0
0
0
0
0
0
0
0
0
0
0
0
0
0
0
0
0
0
0
0
0
0
0
0
0
0
0
0
